30951
6847
15831
27665
21732
531
29804
1065
13510
11714
6297
29184
658
10750
16410
29239
882
24068
30268
12460
29192
14630
24116
4153
30214
20782
13218
20009
5515
19816
14082
7593
26965
3310
17908
14729
17577
15386
31987
29021
5514
28181
13376
3684
28570
23773
1306
19794
2770
23155
2548
1921
31678
11085
2571
21046
27551
28040
21272
7143
11823
13438
29522
4276
31663
19385
6597
12319
24987
24020
8785
7832
729
31605
28229
6863
4999
15086
4714
30162
19407
22493
21681
20584
4973
28012
20297
24626
27527
23542
998
10312
16543
4524
26355
3093
25531
22976
12745
234
10616
18958
10882
16494
30729
10194
8965
9737
7957
20776
13245
28675
17589
8427
32508
3520
31510
20673
15857
13789
23289
8423
6996
812
13476
7522
13271
5105
2487
32380
14658
13155
3329
11092
10497
20787
24164
4110
2254
6061
27705
20952
30942
31566
30208
8690
7239
29876
28099
14940
17641
16675
15431
21017
23765
28040
2682
30331
11500
15525
18104
14278
29834
24787
21123
25253
1338
8802
10077
22447
19746
22541
7560
19640
22863
8845
9970
25405
375
22549
24467
4690
17032
32717
28915
24142
13684
21124
14038
22645
28594
21312
13579
19059
8178
28536
12924
1181
27512
5120
25785
7639
12744
28037
31764
2153
32414
21836
1703
8687
2443
8127
15388
12290
28025
20899
14469
12742
16774
17509
9125
10283
1495
11395
5864
5123
19777
27241
7779
17735
6082
30366
28443
4531
27187
15503
20909
13782
28623
6948
26673
23713
20354
29112
3249
12597
25478
11167
28847
17437
31972
6365
20350
7937
32354
25647
17996
606
11431
13408
23711
10923
14844
24171
10996
15758
22009
13006
25819
15982
25577
28468
18895
13501
7289
15767
9956
32160
7980
7925
17907
11462
3376
14943
2
14189
27337
7156
22020
19719
6595
18588
883
32232
27876
6327
30902
16753
21952
31468
13010
30018
11505
17059
19706
16936
23282
19472
585
25549
20409
16238
4348
17953
20211
12626
8861
17008
14807
5699
31175
24236
27419
20017
3661
29479
6926
14242
32656
22364
27378
26121
8969
1285
19267
20656
22337
8852
20509
15471
12327
18792
24475
12582
18404
5642
28433
17787
8097
28089
10125
10088
14410
4784
1165
17687
15897
21749
23196
16657
15591
11139
27302
25419
23341
17209
26770
27367
5025
16046
24395
14047
12717
2238
30314
10472
2320
15317
11153
31555
17733
20457
20100
21140
21973
10535
2489
31132
999
2365
30337
15364
10069
15589
31961
16883
7642
23680
25254
3650
2201
28318
24270
28977
6438
17055
21667
10402
28143
9873
19320
5281
20268
15140
24582
18052
18739
16350
22395
29463
2297
9607
29539
18706
26841
6698
8353
30409
8876
3773
20256
21525
9465
24150
29449
31882
32746
14697
25489
23010
16514
30543
8378
13082
30640
20033
11354
7819
23074
16273
32677
30506
11223
20860
1539
4588
26574
21667
10725
18919
6983
29674
10624
14645
6549
491
18658
22390
12863
17317
19701
9201
1765
22400
17774
16576
13060
16443
28272
5559
2880
18551
16950
18153
21136
7081
4372
18109
23918
22848
23325
4058
11798
7575
10468
5532
28008
13172
25451
13562
32423
27682
8436
10287
4743
16142
13489
17748
2075
5734
13523
31651
3969
26702
5948
25713
23467
23842
31144
14650
1488
23462
22972
30439
27443
26453
17688
2366
22742
22284
10727
25455
28374
22071
669
6143
8789
17762
28688
25820
32179
14621
13392
17002
25855
22031
18544
30756
13195
3105
18106
21724
5755
29738
26978
25024
599
6199
27888
16592
3490
10643
4891
21946
7484
2978
5893
13072
32003
14885
3877
5047
29858
27779
27262
2805
1059
25521
7200
29427
16698
882
7389
10390
1506
16167
29171
7135
6899
25121
27521
25623
13757
13761
29586
31970
21564
10745
916
24159
32096
7126
7472
22372
22961
13940
6243
31445
30818
19023
29282
10420
32465
15817
14881
5875
19825
23402
17125
20694
13555
24866
32154
25224
31601
18198
26709
4079
21009
28683
8746
18509
23913
26005
8637
16624
29922
3174
2451
14957
18510
4617
8792
5047
22234
22429
29087
31335
27049
28805
22245
6955
29994
10670
1809
19269
13361
372
1737
25017
7242
12560
6419
29322
18566
18042
3069
3407
13552
13001
19473
7532
807
5143
22685
8850
22774
454
2435
4932
25374
29911
14553
20928
18736
31850
11221
17031
30715
22579
8469
28725
6324
23422
25790
22018
14578
4980
2110
4597
14598
8534
132
27744
6034
27143
26420
8349
25086
17392
15430
23374
32714
12823
26339
18092
5337
7808
3675
15612
31200
1949
10382
16576
2811
20390
26525
6679
27264
14454
8240
2552
15155
17580
19595
28926
17262
12559
21039
11768
384
26139
28297
6281
27473
21432
29640
32047
612
23010
11943
10315
8749
17528
1853
13833
31700
13118
19308
27177
5502
28229
16795
19479
19278
20175
6826
15961
23097
18727
15463
18794
10914
13890
28560
12791
10044
31726
15249
28947
31516
16334
28702
31714
6367
23408
22599
23507
2610
8801
1994
3306
25531
15623
30350
12542
29079
2331
19851
30777
31597
12981
12677
3725
7136
27093
22385
32045
20676
19113
25315
29132
298
17251
18661
30261
6563
29880
1506
16663
4204
3152
16048
3164
27868
23582
805
18072
9380
16057
26241
13839
28611
29936
29641
6746
14497
16444
17153
906
28868
13971
29772
32364
9116
9927
19761
26304
27764
16678
17315
26352
1639
12979
8684
27749
24524
29848
26513
28947
12681
5292
23856
22789
27827
2469
17118
145
26417
21439
10905
25992
17330
17876
23375
17912
30793
26987
25869
28528
306
26153
11021
29249
10043
30540
28204
27947
16444
26907
29374
9935
13221
22327
11450
7167
21839
31830
1034
29851
20733
18969
30111
4234
23997
25182
3107
6189
14623
17998
13828
15856
4223
27022
15051
12806
25934
10736
22544
715
28420
13428
19315
10547
9291
12708
24072
6993
3524
20723
28941
8546
13436
25060
1266
4209
16466
29080
3504
9529
6275
13083
1727
26437
18252
22495
5778
6335
1649
1097
6083
4859
2348
12894
15915
11785
26963
4932
833
3388
8738
2801
4485
10528
22648
10385
17999
16463
24288
32172
6712
11033
1818
14939
8350
921
10567
8139
4293
604
17549
12845
22538
20573
20751
17314
16467
19696
16813
2165
17938
8801
14023
10601
8099
30879
23826
28228
26277
16458
24165
26946
21269
5103
5717
19734
17285
2758
20251
2263
20834
21372
28538
6483
8412
17180
1983
690
19862
6953
13269
25842
20951
22047
21254
5048
23901
13055
5197
30411
4428
17466
12266
27636
13452
13621
7182
347
19483
24083
15159
19931
16461
23811
3039
13823
8291
17085
15294
25793
1536
18495
22186
7884
18944
13254
11550
13536
29067
32748
15035
14620
23879
1121
798
25197
12674
1091
31944
32547
21563
17217
15654
14809
6876
32620
32155
17060
21270
18661
15590
10867
23057
4452
31899
10880
14491
15123
32472
25078
6519
27462
10342
10833
2067
24535
14282
32534
10432
27463
17270
31427
787
22594
29713
24305
17931
8363
14177
23782
24500
3680
23847
3136
26134
12410
22962
9019
6585
1051
19477
11330
23410
27961
27051
22391
6373
4996
23014
12590
15129
6782
10363
8525
28339
24716
30164
4339
20569
6565
30155
23004
19231
337
13765
13756
9540
30787
5300
12690
31483
8484
29879
14919
24187
5690
1848
4716
29220
20616
16256
32563
15728
29933
15094
6542
3913
18086
16187
29872
3541
3396
15147
23437
26995
7190
31866
27904
29198
247
24250
25289
13215
6536
24261
17544
15114
5897
9346
7556
28668
6322
10011
19610
10819
15242
26226
21396
12714
9054
29673
9233
31323
16664
22057
12957
14595
31733
20265
26462
23346
9905
2853
10258
26785
10998
6752
4271
28498
15552
11940
1607
4996
24837
30957
2441
32003
16016
16920
23647
20559
31533
9196
8754
6239
14879
25901
24809
16275
31419
875
4930
12678
26536
22364
5179
3280
570
22430
15573
24405
24373
2727
15906
17816
19560
8760
31405
13857
2441
3293
17287
21861
6170
29510
18292
10979
18149
13808
3556
26713
19078
25961
17472
6985
19980
6510
6477
4312
3864
3527
14045
18028
5685
415
20706
14200
16773
7290
29431
25739
14545
11163
30398
7177
28703
26547
11574
16338
7225
18016
12571
557
9396
12487
18549
25651
19125
29913
3402
3712
20683
14553
22800
6277
26532
4620
26117
32040
3097
26167
25921
22529
27840
6056
7371
24100
1240
10905
29761
15873
22433
24583
29695
12689
12091
19244
3734
3694
19769
22212
19820
31078
11318
17629
15550
16304
5353
19410
29159
23378
25544
16583
3450
30838
25125
32174
22212
10715
10119
21352
8980
16275
24947
10841
18074
4834
17022
7910
14753
854
31717
30732
21775
4887
18996
30055
7721
20096
14739
6179
3273
22148
9250
20623
1653
23589
7659
4826
30647
15639
29987
18519
24670
5059
6602
25874
27273
10551
30307
2623
14963
20358
16479
7394
10681
6562
20150
28483
27945
24838
25446
3644
17199
7466
25952
2827
2996
17711
1327
17934
17345
18128
1134
7600
26650
17767
12686
12191
5988
18158
9909
32389
25161
4178
23535
10358
6809
2170
20210
20248
4545
29815
17648
12350
13461
13679
3266
17366
32201
19288
4009
436
22682
3679
30739
24802
5289
17881
9095
10537
28582
26568
22363
30688
31097
19138
7857
10849
4873
18625
30680
14039
15598
6658
28137
21090
20342
3686
5388
29443
29481
28138
20092
11701
30785
22357
1463
29639
10823
7739
30219
14178
23137
17553
13394
7113
1729
13361
16533
26334
23004
984
27417
10117
31197
30901
23005
9251
12895
4125
10116
9343
27525
17517
13642
13964
21633
647
4164
3956
29245
24860
13788
17191
3817
2212
15544
12394
20791
8241
16672
30083
15473
6816
5670
28910
8488
13141
14374
16498
17856
1987
30355
610
19612
20428
31550
6279
10679
29084
16096
26047
19196
4406
3453
18426
23984
32434
2490
13140
1654
5769
319
9608
10127
27986
8386
1680
31564
25786
8130
8697
18218
17649
30409
15154
10412
50
14113
2950
8634
17021
23685
26562
8838
18967
4055
32762
3248
2065
19065
17954
30718
27519
193
3023
4374
10974
31373
15946
24299
15871
6257
21455
5961
19390
25503
20635
24326
3031
22882
61
13845
5241
22898
11877
14515
2837
14363
18826
21447
15577
16951
10994
10632
22761
14610
4926
17693
17737
4201
12608
24676
23882
23401
16432
100
17339
3890
20954
31979
5388
9005
8899
8215
11258
469
18699
23976
21768
20804
19353
10680
23249
4848
30626
9522
533
4346
9682
14478
21227
495
7889
16130
16804
29373
22345
13714
1255
4067
2007
25935
7983
20280
21315
26188
1906
29445
20225
21974
6534
30861
16529
19181
14379
30673
20496
25391
24798
28025
2036
20635
11084
22238
18740
14451
9533
4334
13740
29269
13023
9605
1729
25136
6485
1992
2809
8682
28144
14990
30689
4129
23115
2013
12404
9277
13431
7985
7027
10408
22797
18492
23647
210
9359
23774
497
9185
5710
31384
15662
27827
5165
29360
31936
29899
21033
24851
18252
24463
13611
1279
10613
9124
31304
29737
5018
21013
25220
19449
31500
22431
8413
31367
19278
22278
16391
3459
20258
22029
14060
31138
23956
10577
4390
2008
20328
19254
10908
5139
2786
12820
7312
24008
23742
17888
10415
17033
25124
3210
5212
172
10850
12916
25360
32333
10962
28915
19478
12579
17533
13031
20080
26895
16602
19736
26156
5994
2830
30056
11340
4195
22155
28525
4992
19447
12687
9394
31068
3111
18110
29921
5931
11704
24725
24352
4102
9672
9973
29907
604
22896
2578
14875
11578
14166
32763
24373
9496
5545
23017
330
188
30286
20992
21159
20201
18176
3698
19024
368
1577
668
10241
24354
2594
29914
14573
9230
26974
11452
21593
16781
24601
10142
1024
29783
26538
9814
10466
30154
6128
1892
1929
11684
5435
26727
1698
9452
31068
24897
4398
22063
24838
11430
2814
26381
26008
10403
19653
20554
7312
21908
268
22165
16664
84
8892
30304
28278
6922
31685
8353
3915
24153
4448
22930
23026
6411
6068
23327
21800
26453
13709
24771
11626
28696
31110
1876
11150
15037
12810
2364
10777
30451
24109
12012
23687
27487
1030
1419
31200
7623
18040
18940
22394
23251
489
7729
16486
27058
5361
11940
31783
21067
13185
9440
25287
17563
15588
18256
22486
3130
23463
2357
10231
8778
31441
17262
16451
11555
1509
26219
29920
12042
676
8299
21712
2299
20135
14297
2143
31528
19490
15741
25950
6929
9222
18277
4155
17854
24094
12611
28477
11095
3337
26178
15885
29269
23355
17881
5225
30464
10891
19160
16059
21192
25758
24411
29338
17833
6673
12095
5829
4034
5578
24664
20970
29858
32456
20053
4831
25181
1868
6000
30521
1302
25963
13175
10878
10423
15275
24203
25732
24087
1688
18235
26426
29231
21576
28359
24967
28067
21214
26138
9145
22051
31091
539
3735
13090
11747
27404
7694
1639
13385
495
13030
20934
11862
6114
737
23205
20744
9091
28478
24335
23932
21562
15989
29113
10048
8825
12386
27479
28920
14937
28007
418
20711
182
1209
27431
32146
1046
13932
106
15484
11506
12862
25585
23640
11774
8715
9730
14322
10335
16331
9181
26272
9840
13269
25601
18185
15161
31565
13461
31512
21465
17717
21909
22481
17574
2335
18505
17063
15299
202
3027
14039
20976
27791
23753
30687
23159
3304
28420
588
12842
16866
23856
13336
24680
10493
21458
323
28911
27424
6304
24694
12384
7909
20318
3936
11604
27659
17878
32163
745
6541
23993
2103
6534
15859
21926
26455
1235
27581
9666
8746
11047
13641
16326
29997
27961
31557
5536
32637
15082
11410
22510
31152
11149
23581
16518
15955
2876
28295
16005
19733
4542
3801
14704
32531
17087
30506
21377
12653
31969
5441
18242
12935
5637
22270
32416
16591
16798
29876
26646
1143
10760
25454
30272
8160
30552
16808
1737
9793
32484
3060
14054
21144
18026
16106
15286
22510
31166
2334
10265
15949
27883
1681
32571
13608
11807
10588
11869
21872
13427
31587
1122
17710
30341
10773
2604
8644
7360
12858
11782
1609
5045
12374
5395
7442
11250
7138
18039
10108
2099
12227
25819
2847
31684
12335
9894
19400
31424
27976
28098
13843
681
6897
23100
21930
9319
31849
5845
14435
10704
26042
14393
3439
11075
13642
3341
15583
28318
22234
8122
20651
13765
26639
18149
22827
7974
12529
28873
27553
13223
27279
18036
30820
1692
11566
8806
31617
9434
30104
31397
8609
22637
21419
4493
16587
23112
15264
1801
24290
4836
29706
26666
10006
24922
18588
12313
24324
16465
20779
13333
4147
7168
8863
1625
17446
14628
7200
29838
12623
24967
8461
3603
21896
26447
15093
32700
16372
7281
12049
28858
32358
9252
920
24049
24076
23291
8883
6479
18483
24280
12823
28183
31062
28024
15741
2341
6295
6980
24127
4637
29356
27206
12513
29874
29810
10414
12264
3330
31941
28683
10533
25798
6162
1071
32066
14284
12467
26153
3468
10141
15308
2256
13071
25875
22713
18469
15786
22485
28680
1889
8414
3988
8315
1318
7857
12580
3501
22263
9117
10069
7357
15185
29994
5111
2590
8768
15835
25521
23395
28379
26255
20094
29155
2705
13203
16928
8714
15612
32204
31694
2376
9413
20852
9432
7033
4120
13556
11081
30489
12148
1700
30362
29899
3576
3746
3964
19578
28569
4839
30772
7696
17577
28458
13171
7969
10212
2143
29705
25421
18028
31047
5171
29497
28936
25045
2369
15721
21509
4670
26857
31425
29308
2023
9932
1257
14337
19656
18080
25084
8476
30939
12472
25895
25271
8580
22531
18269
23961
20687
14008
9623
1256
21191
21804
3896
11122
27334
11702
20411
14779
29185
5304
19078
27146
15646
9702
5280
17730
18984
25862
17628
23351
15321
29533
17250
15680
5016
23973
22007
16139
10392
19932
5169
31290
32198
3625
29082
4142
7137
25707
15991
23314
2154
13732
10841
13212
20425
5992
1492
4881
5614
18499
31344
2398
15701
26327
29296
11464
1768
22226
27878
18630
11461
10303
11063
28917
9074
28566
28842
32514
13022
2407
1032
29616
9042
28198
15850
30028
25618
9759
13873
22654
18419
24362
16933
3669
28842
14826
19705
23633
28290
20992
27867
31994
1233
5175
88
4687
18635
11291
18979
3067
31357
18815
7851
1820
1894
16568
19002
3846
1099
6538
10530
9190
17534
22610
28246
9734
30235
11406
14021
1804
30117
21264
20434
588
16663
5839
26585
27526
17122
31326
3400
22092
30445
5481
25363
21758
19697
30519
1796
24445
12593
18500
5089
20075
14263
12571
28905
11681
22852
20620
21672
25505
6540
16179
18660
17733
23739
27224
468
31398
713
9494
14490
3624
16052
19179
13830
3555
25707
17271
24677
13165
29966
30326
27792
30644
3695
7561
2246
30868
7426
28648
9835
22192
11447
25429
4240
32721
7374
21568
10764
26100
4229
29984
23760
16432
25902
20579
29064
17749
9667
28188
26860
14588
17020
18735
10791
10975
2817
26452
27208
7136
4286
1842
24198
18547
16622
19682
1619
11435
9500
25002
17649
4027
18175
23968
17098
11305
6079
30307
17521
17748
1859
22240
16671
2129
12615
32604
6684
28147
3065
15357
8065
12252
17053
16763
4715
9300
2709
26555
17690
12186
20203
264
9344
8483
6158
30855
3040
10947
8497
3004
15084
13232
22831
26890
21019
19491
17820
29539
17486
8550
8212
13475
20685
15786
11380
23717
27186
4639
30535
22541
27504
9809
15644
18823
10092
8542
30716
25504
9575
4485
18047
20708
29981
28212
14709
10379
21994
16859
20246
5887
26715
16266
22954
17826
1018
14613
8576
26228
5542
25097
385
31784
12321
11563
24080
8294
3984
28062
12309
20685
2258
2935
29589
26930
30342
9633
19882
21262
6264
20925
14290
17751
4851
7173
24024
12175
21108
29915
26316
23503
4978
26243
11024
23423
7081
17500
14547
5155
23610
19004
6254
22952
13169
30377
8978
3907
30046
11469
15791
7365
1941
27835
17553
19031
24835
24293
25543
31005
4073
22034
7165
14302
13138
28394
14214
18034
2405
2028
32742
23377
17396
16353
4805
25209
7643
13324
10067
1289
13233
31451
26481
10174
1670
1389
10500
6396
1197
6096
27375
23552
18390
7191
20977
18396
19359
25544
10189
1694
31743
4294
30334
969
18696
10467
1898
7834
4222
6688
18261
14629
4580
28441
27447
22100
2647
19984
368
22543
32466
10405
19504
29150
17496
11712
16660
21283
27092
22775
18706
7713
4379
22502
26441
12619
28152
29183
23146
52
26391
26680
12562
7248
25268
17204
417
4474
21101
25680
5567
8396
30838
3641
26761
27681
16305
5162
7439
15754
29120
12018
32482
6825
11162
32391
26630
10813
26581
29520
28479
15858
1395
8071
2437
11905
11445
7960
26450
25293
1644
946
21847
14657
3480
31508
14859
12301
3
21932
15690
28255
22268
8360
20269
22139
7741
19783
15213
26027
17769
27850
31640
13521
17675
24562
19766
20599
18235
10985
28145
13875
24145
26171
6506
6970
21456
26047
19644
17079
31023
9250
32202
31353
30145
16517
23347
8609
8699
25361
16634
14422
24877
24022
1143
19432
20775
12621
6690
16626
697
31787
17265
24300
27133
510
881
19970
20837
14471
21117
29280
24780
12026
6651
11769
31175
23401
18269
29749
13736
24973
20152
28961
7320
1298
10448
20287
15196
16938
14423
13628
1295
7809
26605
26663
23380
31982
14950
8547
1424
948
2818
20103
24861
1294
14796
29610
13327
3255
10760
16994
21345
697
27310
28453
1750
809
3269
28184
6297
31296
13605
2171
16838
19577
32338
13233
29611
7694
32454
24388
5077
11470
16465
3398
14232
26386
24333
9643
8446
19969
15102
974
21749
14661
27433
343
7295
28534
31970
32587
32649
6442
26568
31002
27703
24313
16309
17628
32110
5491
18668
27529
11712
2685
7280
973
18699
19992
26632
11227
30531
13103
17370
5870
18298
385
11437
27850
17109
30955
16797
7176
32537
3878
31229
21104
16227
16696
24115
6038
28260
24424
27646
8451
20534
29787
29652
5074
20630
31445
21986
24980
4878
10982
30962
11678
21384
17189
380
22634
16882
32028
27132
28709
8149
25421
19365
29151
8137
24431
2731
30421
28494
12082
3789
13508
5082
756
22870
9931
4011
5610
677
6690
8767
8039
22902
12997
9849
4956
20339
4672
29381
2996
13371
14296
21396
24790
5760
13949
15219
25826
8827
26448
15749
18915
14573
15749
6732
4461
26803
11592
14446
6252
29916
6002
2246
16639
16350
9432
3920
1060
27824
26006
19285
15477
17194
21304
25384
30112
32501
9129
17770
6072
11948
351
19784
11919
1500
9852
20154
10068
19832
14958
1917
11721
3002
18410
10697
1359
21701
26589
31767
21478
18857
9774
7416
26011
30209
11100
12466
22711
4522
16942
30571
11942
4546
19518
17407
19253
28220
24701
23225
11982
13533
21302
12287
16083
9064
18353
5754
26598
24422
14835
1552
8741
19138
11533
25845
24204
1123
3235
2654
22343
17206
3242
13417
11082
10377
22227
18164
10449
9171
15798
22568
23954
18067
1668
24588
19781
19038
19790
8168
10763
7694
21330
18578
15786
13151
2154
24568
14798
4284
32412
25258
14747
17826
28639
1224
22281
27779
11560
6978
18933
10324
11841
8787
7098
11508
23762
11831
24361
10359
20670
16079
3715
9250
26402
21649
30685
8799
18603
25466
1170
20349
23734
25414
17653
31545
25379
22603
29570
1016
5898
22651
6750
8341
5338
21432
61
12057
27023
30617
25714
4475
1404
12108
15167
9754
24122
10090
29716
31019
23881
16540
2062
24227
24605
5187
6547
21387
30769
18750
6323
16756
23313
16254
19258
18388
1593
15457
11988
3888
17675
26513
31376
31657
32217
25109
13077
24376
19546
20900
7974
24559
19693
19533
17123
14888
3119
12930
8440
16150
22152
7007
7638
2941
20674
27562
32763
30718
5023
20514
29849
27433
18364
9591
21498
16652
10374
4279
17898
4501
1254
7848
2346
31771
5627
15132
25686
30167
6335
31198
26871
11649
16935
16130
7727
22076
20718
27417
29996
22867
9809
11155
10137
4323
19040
29813
9493
27605
15491
17635
4464
10157
2625
22207
24750
22726
16194
3753
4612
17572
22092
18988
10813
25976
19844
19509
14754
23901
18799
17894
7199
5587
21886
26568
4733
22404
3070
2643
25190
3082
1073
10540
11070
9248
19594
26815
32321
22328
12853
3769
12270
25099
2518
24442
22134
24762
14141
17299
32510
16844
32085
4901
12816
10908
22076
22042
30473
23483
7628
26938
22923
20811
17424
31252
971
17543
14942
25347
14276
14937
29107
15117
17779
17473
13260
15782
15975
1913
7030
15624
23009
6840
23791
16771
5853
16344
5799
20630
31923
22060
2423
24530
4341
8040
12198
17588
9946
17952
28240
6223
3850
10794
6962
7721
8150
28498
24220
1099
13179
17139
32218
28387
5503
13755
19709
7039
27057
6148
24837
30903
14258
4331
31170
18552
5764
5991
24965
27977
27302
15768
17944
11982
17828
6783
20311
4186
28482
28805
9358
17432
25485
9319
19437
29437
5731
12916
16830
23910
9311
22905
31249
13460
13390
3681
11925
17360
16161
28139
14893
17901
29898
27711
16287
4313
29590
25653
30056
3667
16720
18457
9209
29962
22715
27123
6465
10739
9705
16921
29904
18177
1354
26381
18320
17241
11040
20652
15303
18336
12173
21817
25704
26516
6258
24617
17565
1072
21573
23509
3853
4897
12781
24898
17310
21210
11681
8559
26514
18392
10548
16759
13169
28485
6258
6716
16269
10981
4686
2589
17386
13588
2032
22085
30560
9292
31093
30165
2623
18825
12552
28336
4949
1339
8043
13701
32599
20721
15052
6193
728
21757
27740
3117
12396
31706
5816
24744
8970
1588
17042
29906
11211
3221
16290
23300
24797
1269
5648
20177
11633
6819
23474
5216
17368
5081
13386
2209
25558
22883
20783
24291
5069
29145
4187
21259
14221
7979
7286
29414
18289
24671
10983
849
10648
32296
29599
8274
22181
27259
23679
24812
9592
26161
25185
74
4594
28221
437
4984
22621
21368
21056
29744
6894
18132
26606
23906
23513
5906
32291
31924
23909
31160
17692
25591
7837
3900
12675
6739
30253
14610
6871
12174
8728
18908
30322
17411
26906
30399
23543
17051
7110
21356
16402
17270
8525
18411
2900
22876
10516
22883
13683
6963
31249
15341
16273
24456
16638
28378
16768
23777
23708
29607
11978
2460
8340
2134
10865
26274
7016
9827
30562
12363
13592
11555
20869
10249
21744
3291
18018
2369
24275
27527
10316
11209
29120
14748
7605
9756
6199
28654
14091
19715
12374
19599
7966
10337
10059
7429
8283
14980
8395
3307
16429
10060
31129
25047
17414
3331
6735
18677
11925
13604
7179
2871
10480
29590
16325
20648
27045
24200
3726
14269
25686
23500
31905
30376
4513
13655
19266
1845
15066
14724
10843
25587
20433
25370
26019
17789
7075
29590
16230
27438
25617
28753
17000
9355
15834
988
30306
5138
13987
22568
26959
28681
12672
3118
11310
23842
23453
4974
12517
11622
259
2578
31866
15418
14351
21041
4120
28146
23330
4793
26843
23353
18079
20535
27315
22978
245
30100
1004
31895
2315
25365
17012
24411
25874
18345
25443
10083
5313
15161
357
27708
18450
3339
31209
938
3165
3758
5257
8187
30883
14328
3824
22476
4706
20220
19929
15201
18068
27957
23381
27039
23744
2891
14488
20389
25920
31060
21474
17496
26861
10911
4818
30601
23370
17912
12166
4789
19450
12693
251
31933
25327
6674
25233
15009
16776
17326
30221
3383
7085
1599
757
19779
18567
11459
9870
3472
30108
7109
668
21415
20403
15055
8496
25617
8537
3004
6691
1596
25419
9936
25730
21650
13586
3370
13149
2231
2407
26871
29409
25586
13570
15181
20920
9853
6422
17628
15390
3625
3057
720
29323
14187
18379
8992
3277
27998
2304
9833
21161
27922
7525
15516
2489
12444
20737
20227
6808
22292
6478
10572
31977
9813
18033
27631
74
6584
14622
1898
24833
12269
23011
23416
5865
29737
21472
18033
13900
13755
20893
5324
8913
6397
14310
25727
16151
5443
8136
169
8852
7440
13786
15053
13902
27171
20261
19122
7736
30225
9759
12519
15857
20344
7034
13779
26434
8036
14144
26103
28970
21998
17990
110
824
32310
3554
8226
4312
26939
31357
31630
16331
10464
12364
20769
26699
11964
25729
4301
7463
1800
1191
22192
14747
12379
3644
3412
6573
10240
23318
22178
11749
1137
17337
27110
27044
31943
17468
19082
4337
12770
486
18802
2834
19586
6871
12491
393
30198
27225
29222
5783
20186
29842
12415
2420
2355
4499
4315
30804
30007
25857
7267
12241
25687
25689
17628
10261
31281
4050
24143
28761
23143
6709
15445
11073
437
17549
3975
23792
8488
3287
10108
7973
27391
2445
14057
18026
16734
2398
17083
5197
1630
13367
2365
28683
6288
23547
7208
22816
6081
27219
6610
21673
13671
19450
1478
14559
6297
24577
11217
17522
11292
4247
21873
23779
22295
31714
24807
7622
15310
6791
27813
20855
10492
24737
17581
31651
8928
8487
32712
4138
14762
26269
4583
10923
24313
31140
32323
19411
22392
1782
31545
7632
28886
12841
20885
31429
2783
3968
16176
16372
7922
9095
29548
20999
19964
10649
22474
7709
17467
28307
4018
22021
7381
1924
13829
18282
31091
4868
27932
32500
27928
22232
4939
7539
29884
30512
20791
7573
1268
32643
23172
2494
16570
32419
23607
25296
17414
24170
19573
22085
27728
13392
31600
29763
25938
30078
18742
17947
13404
31338
20990
32512
32599
30779
29247
26401
1888
181
30880
3827
24460
7946
30358
28048
10280
25027
18159
21264
27572
9105
2465
23358
21419
23157
17681
13562
20199
17011
20785
5528
22384
7914
7782
26045
13192
1844
11745
25639
9328
18027
7281
2505
10453
5626
16769
328
25916
20328
5657
12416
3232
7248
13054
28097
16336
4265
6525
7505
8916
20723
30040
10813
7447
3448
28425
13762
3617
13668
249
10057
12961
28658
16097
21823
4768
26543
26572
16962
31863
30717
8071
23383
26963
7019
732
15479
14760
18139
24493
26059
31213
26282
19006
26064
6646
6970
24997
2245
26200
507
16612
5678
9967
31489
25287
19292
1189
9904
21875
30596
5413
31975
23407
13772
11324
29460
21463
4997
21223
18099
22039
20483
29327
12690
13443
12342
1891
1704
8348
17088
5464
5750
11894
30726
15411
28806
7599
17573
12655
6757
24322
3122
3984
31950
21297
25492
21750
24134
14072
26154
30502
27209
2240
15102
25021
21584
23820
20167
15537
9507
5120
26053
13022
4592
31766
1186
12904
20811
7763
21804
19241
16643
9995
3588
16950
2957
1774
14882
23819
13816
19743
23507
32614
23348
1646
19925
6705
10292
21343
20667
22040
21163
3951
29853
24135
10400
25528
30119
20536
16250
28477
9678
9788
25822
7568
7796
29909
9279
1493
31503
3560
14299
20500
24677
483
1828
25658
6199
26734
18209
14852
26701
18008
9459
29967
14895
28579
19568
17043
14476
13866
9673
4005
8307
6963
20120
21828
22958
16424
10591
28543
15061
7443
2149
23215
15186
8109
21490
24232
6582
2444
21446
4411
653
4696
27641
7416
2932
13824
18961
4033
16405
3180
22836
18425
7698
10276
22178
12318
26380
16227
153
11045
17516
15851
23151
16575
2280
10815
13889
18690
30919
24673
17424
10982
21093
2519
10065
15674
3790
8700
27363
22756
484
18143
14065
22334
15975
14557
13813
3645
26727
22232
25587
1873
17833
19420
2920
29728
31523
30908
22732
31936
24407
1290
32194
3945
12533
4051
18734
1163
4067
12239
26971
8301
27513
3132
7528
3333
28282
8069
26527
5205
22223
18913
13485
26880
9625
12102
1522
26231
26640
774
7102
26737
4296
28701
5450
2532
1141
26003
568
3448
6951
12119
18892
2045
25562
15161
9989
12241
11056
26979
4536
19807
24535
15302
12133
20072
5764
8733
3300
7515
11078
19386
1405
22760
8422
21115
5486
13444
16100
30439
3371
18946
20793
31625
15702
9624
29110
27318
22409
11465
9390
2013
26610
4555
1323
8367
4423
4765
19065
20819
31445
14309
49
30380
19443
13029
22396
21825
3530
9039
31928
21546
12200
22186
21772
10942
26208
29701
32169
7999
25488
21261
31344
13136
974
9634
3399
29216
23276
29363
19139
15426
10097
12528
17322
1462
13739
28829
9906
19644
16391
5594
1868
2811
7465
3390
11736
30790
2572
12756
4214
17719
15917
17532
2484
26121
5009
14417
18380
23579
2197
16736
20013
31374
10893
28812
28454
4088
24111
5018
11858
6584
27588
19519
13223
9103
24823
28539
32712
11362
15056
27717
28317
18233
11720
18320
12498
21544
19602
8813
5349
13486
31204
2322
4399
28540
10829
31988
15467
13100
21448
20423
14260
5585
30188
14231
12795
11650
452
4591
19309
3166
24844
5144
12513
21
9389
29655
10539
27700
4353
19534
21661
24043
22275
20833
29266
7530
25529
8770
4845
26931
11348
16905
19430
29333
24888
1920
9283
17221
25049
22740
20266
7676
21369
23938
14594
19689
15737
1215
29230
2961
14346
20260
30592
16135
24722
4385
6862
2753
31863
110
25419
16345
7618
2708
28930
20950
8278
31304
5185
5382
4342
578
28042
5789
757
30179
28235
8632
15105
8866
29875
8903
30753
2448
27792
21934
18566
18193
27244
30711
19934
22962
28345
28969
28431
28517
16427
3318
29384
20464
29738
31014
27050
4327
18511
19495
15162
10723
30730
12145
16393
8514
4285
23574
787
9407
23290
20653
3222
10607
9136
27363
28863
14651
7172
10851
14136
25790
6727
32376
28425
103
31469
31281
31066
6425
27215
8757
16452
29876
16966
11880
28472
4608
30151
4900
17064
2165
7177
25059
23874
28827
4668
12013
6939
10556
32647
15357
6729
9737
16040
31255
12473
18522
30590
14019
22099
3618
16388
32392
14026
25258
7116
22600
30181
26513
23245
18431
27394
7982
6213
26836
10777
18781
12466
10572
5892
30664
22356
11748
22007
22793
11963
24932
20166
1715
20822
23504
25600
731
30547
1156
13704
16339
11026
13249
27102
28962
26695
16557
30069
3577
1166
10897
29080
11343
24921
17274
3081
28659
3669
381
16298
16597
30860
30010
30019
10256
16894
25685
5557
26501
23017
20485
6104
8068
22160
30387
1600
30589
16467
8880
9534
9675
7693
27949
29295
16373
24042
21131
14464
29239
5710
7838
10783
27392
27279
6108
1282
8819
5376
15006
13231
18038
6284
4297
7931
1117
11888
17068
6070
8298
32492
586
31167
27109
2026
26246
28239
30356
26361
3521
15449
17639
5714
29092
25511
14005
10880
26867
24975
12259
2067
28676
21000
18108
16429
22739
30375
11975
16598
20734
226
14235
11741
26451
14433
549
24174
25113
27131
3840
23685
9178
13434
2432
1412
11
20411
10790
2428
14346
153
29394
6193
26400
21262
3992
32124
19283
6254
4846
18790
20778
12262
16866
13733
32562
14589
14094
10494
25791
9438
30826
8747
12549
24423
15681
26953
3103
25827
16606
3227
5088
24229
13771
30387
18393
25836
1887
23736
14600
31504
25703
6791
9243
6537
10470
7962
636
31135
31653
21842
17562
25891
18571
1252
29393
9780
11229
25285
14239
27939
490
14324
24385
7128
26838
10719
25680
14028
9381
18911
31322
13553
13877
1854
7667
6372
14394
25945
4669
1671
19526
2582
6991
17431
16312
4636
22600
13842
21961
5545
3739
10274
30245
7619
4657
17504
18717
8538
32195
16032
6105
6657
21628
19378
31843
13388
29086
22430
12950
10273
3826
13061
1735
20193
28908
3082
4298
28399
4541
459
25714
30747
25373
22997
31298
21462
12485
30078
30999
15431
7714
12861
27341
31934
10394
4165
25125
31910
10535
6207
21773
20231
15821
23114
7785
2406
21116
14128
17048
21874
3178
19799
32077
19010
31297
20262
2728
4571
241
26156
30540
6231
7
28193
13633
20012
12967
9425
19692
25272
8900
8085
485
27444
21419
30575
27539
21494
10792
19832
12157
1869
15229
8832
10640
19669
8566
32283
24890
22852
8836
26920
17101
23605
20281
20622
17609
2197
1977
8423
727
25965
24794
13869
5347
6681
3000
23091
6579
2920
1706
4583
23783
1733
695
2260
19704
7176
24195
9438
9222
21976
26067
9384
2075
21571
25778
30977
29253
21568
21475
16770
18169
3912
25725
9870
31511
15264
7480
3554
13942
14969
2765
22153
31663
15810
664
6414
23195
4971
21973
3949
19233
21072
29164
1553
6859
2775
21690
11046
25960
19373
21292
18624
6159
1410
14859
942
16010
13789
11796
21675
25745
22402
18311
27069
14176
15162
1180
32121
15592
2125
27932
3709
21128
13203
4262
28177
10280
28868
6401
29787
19162
28379
28127
3592
16932
27151
6229
15568
4589
6187
14750
23902
25145
20406
7762
2581
8247
5211
8559
18699
22706
25925
660
12217
14695
23660
29899
10799
28112
8583
16989
31745
21839
28145
28591
17707
942
10284
9335
23039
16124
20929
24427
30961
32235
26763
14652
7481
26591
20180
13286
21455
29136
11067
22339
7819
13266
2183
31244
25645
1959
6534
18848
25095
4197
3508
19816
8947
22256
23415
4552
25502
23328
25396
13375
9107
10973
23592
5845
701
10269
16792
17721
28010
10337
1292
17841
6331
15391
17673
17251
2253
27981
26233
19644
5788
142
24142
6008
26018
264
14337
9475
704
16957
11508
10848
26228
3761
25555
12809
12590
22803
16081
12451
13220
6981
21957
22477
31359
30027
2807
12201
28341
16173
19172
32699
23791
11430
2615
24587
23924
18014
3745
9077
25002
20046
23068
31202
3402
26695
26921
23423
9854
23891
24763
22197
19186
28149
24070
30389
6122
30819
27156
7888
22617
22042
31503
30343
24587
23054
7319
17397
22934
16057
22908
831
32298
19359
17528
16487
21973
11643
15201
17504
21771
8552
19608
23712
18987
24019
22029
29427
4818
29091
16873
30472
6373
28857
8216
28053
17386
13992
25284
1619
4300
21287
14522
19752
212
20208
17477
9538
5379
25323
25294
5394
2301
23919
29821
3182
5114
32086
11565
15440
15521
17244
19020
10741
7408
27124
23931
988
4483
9609
298
9139
19128
15074
19927
21713
5804
10554
21178
11079
21271
31959
15398
1572
9712
27356
5002
9876
26743
12425
3310
22712
3287
3602
1008
9991
30229
25060
452
19466
13866
11498
23765
11798
1232
12875
4641
10785
29826
26998
29519
23204
15414
7403
7973
7389
20867
29580
2512
11355
7397
1636
683
29027
28419
1393
14778
29736
17632
5687
18134
19702
14843
13965
18698
20214
27465
7271
15442
13369
1241
14297
10254
7142
10505
26350
28259
15552
25896
20291
6878
4323
24576
17528
25279
16636
8310
1995
10397
19641
8284
15417
19198
22440
15520
23820
27015
25432
9958
31502
15361
1436
17056
3089
7057
14952
17221
152
29512
23931
20306
18318
2947
11274
16338
8515
19228
4886
13776
27756
27377
15391
16384
23124
4201
6300
29022
6466
26682
14198
3761
24336
23075
19827
4917
22206
14222
14850
26622
339
26520
21122
31629
22892
15003
19796
15917
15288
14132
4247
48
25094
10127
581
5977
21732
22512
32355
15430
24142
6270
29489
22102
19163
14306
26387
18753
1491
14998
14174
16678
8187
20819
22731
17375
11195
20059
23368
13256
3401
28840
13601
11515
1816
697
19007
585
16159
21624
26551
14149
23701
9714
23840
7228
11371
10950
7967
3039
26659
15090
25289
9329
4700
990
31217
8307
17196
29659
19926
5845
23197
11617
17472
14255
32651
18879
11852
28057
2354
2357
10030
11523
2121
16580
9650
1647
26890
16590
20684
25085
29948
30364
18879
18904
2880
19965
15547
11546
24377
5826
16585
16840
11421
7994
12076
14245
27931
26927
24436
6825
2392
28897
31328
14490
26335
27865
18938
25434
23637
9934
29219
6999
1108
31483
12261
13550
25161
19550
30367
3772
32344
22858
1737
1109
1641
16205
32108
14393
27074
2130
32662
15488
9122
25146
6694
10268
18273
15681
2502
4795
1910
11266
7640
31584
8005
9281
1110
6817
28454
31069
21755
31071
24081
28032
2487
6249
9023
17229
6890
26266
21320
9650
11055
148
7049
11304
25295
17748
3959
21311
8057
28837
4551
9654
11067
11181
1807
29044
25511
19736
3108
18229
16435
4150
12853
23010
7308
4202
21123
2090
4571
9366
19333
29350
18888
18464
20275
29011
18595
29512
18136
27856
30061
30782
31471
24954
22115
3163
11845
20927
10818
20443
22476
26216
27921
20738
31208
14762
4672
5803
15898
3512
32547
21585
134
17548
15672
20634
1786
6520
11803
25175
22129
7374
12844
21330
7455
30486
29498
28866
8762
489
5103
599
16036
15541
2188
27742
22019
6314
14608
29817
3316
23969
2186
2329
32448
3989
17692
8024
31256
9962
29586
1275
7636
17845
3685
17869
7431
9231
3395
20441
19466
20805
23137
20711
3859
8647
721
3712
1037
17860
2126
24454
15614
9111
7305
4478
21991
25588
9960
22054
15744
7771
17352
29369
20066
6155
12469
8089
32154
15637
28393
4206
1537
28691
1415
15984
30685
28702
20020
8791
25976
24314
20312
19083
24613
10043
22127
31457
26324
32659
3611
25873
9598
11585
16486
11658
28392
4503
5334
10810
2789
27335
4602
16793
18647
31937
27755
23880
24225
13341
14901
17686
5162
17880
8097
4357
14346
3768
28123
27879
27072
3465
3607
15573
1491
13578
32338
1594
5395
10946
8858
12041
17776
672
14007
18136
24883
7827
20917
28252
4341
15877
26469
10992
28155
19762
5247
30179
25520
6680
19207
19955
8880
9376
30951
5354
7947
13588
14839
16102
12799
10366
26715
25389
18707
3247
28753
16759
3660
4704
31085
9573
23125
9359
27338
15305
21408
13724
32667
4032
10428
4819
31938
6759
7213
1840
14587
25376
10211
21750
16012
19373
27824
23046
31470
24508
27602
15552
22741
9727
9852
30094
2281
23943
7339
20633
19072
9671
298
3347
10394
12031
24069
14526
6331
27757
12367
2302
27744
11091
14004
7663
22991
10295
1968
25919
11542
22189
26382
19356
10294
26992
12708
11559
5825
7197
4538
9684
32194
30861
12846
8232
2370
12713
12481
31204
20433
5990
4900
1975
15671
9317
23436
16910
27581
8069
22095
31737
31634
14251
18216
9054
25946
15736
24528
32220
9451
16571
20402
23681
29054
187
2290
4061
8796
11887
5143
27412
6519
1221
30104
13349
27057
32070
6199
12458
13201
18994
5313
28410
1849
13789
6337
6414
16706
152
20231
12469
21728
6050
18293
7703
28223
28085
17958
4869
15871
31977
25276
18250
26420
8436
285
31558
27087
24579
10957
28083
5259
18934
16029
10633
23556
18267
14589
23813
22275
11516
6149
21027
19544
10829
30908
31248
25183
19951
24593
26128
19990
10790
13484
19300
7255
1644
27108
24022
4264
1043
1308
14631
20892
29949
25060
18482
30808
25161
10754
9377
10961
19251
964
13445
31391
4543
9467
21718
7018
2075
1223
24373
20174
1354
24118
6630
20118
14028
26234
21135
15421
31157
16902
9274
1207
5261
2966
32255
14357
9883
31593
19101
28241
14242
6313
29498
14582
15437
29745
30250
31976
14093
32729
18401
27231
29731
1277
171
32176
18992
27564
22018
14148
31692
31479
18561
26219
19613
4227
7256
15190
6478
17756
17793
17765
17926
4262
8919
27355
11377
12075
28131
1805
5939
22046
1438
8063
21520
23144
13387
21705
12794
23235
12573
7692
11644
19479
10581
22451
147
28797
2859
9648
17292
27732
20857
20825
5632
24956
4395
16700
32398
15077
18703
27913
16474
22450
25523
569
4762
1206
14319
23309
7176
13913
15648
22278
22117
11299
28814
28390
1704
4248
15919
22073
26163
5393
13933
27555
4886
25652
453
23601
18026
22760
23196
25646
23090
2334
29324
23063
6352
30200
20772
14790
32614
16187
27807
29151
11274
6736
11431
27038
6558
6037
30254
150
24393
15357
3729
2072
13852
9519
21045
16499
19794
9760
27830
22648
14391
5609
12045
7036
23837
5379
21412
6677
15619
30644
14691
9969
3718
3040
17404
26266
30211
27856
23623
5145
31528
28014
7351
25276
8760
25290
4512
14928
26720
13137
13924
25182
12410
20266
8723
18072
9228
27578
6354
19733
13425
2129
26764
26031
31618
372
15199
23488
6251
28145
12830
22024
23171
8106
11710
19446
15172
4602
28005
16032
13301
24326
27560
17684
3189
22195
11783
30677
19904
24266
1435
3855
30483
24623
24849
17871
27728
6537
32717
23445
8132
15842
12083
18170
20554
25124
27411
15817
29368
29981
21934
11111
13789
4454
16553
23635
18570
30763
20159
12093
3104
751
18874
12623
18345
15157
231
8033
4974
11465
7068
14532
27921
4347
16220
2777
17192
1181
1984
32451
6023
28183
10671
27884
8371
31245
20053
29563
7188
30353
29901
17238
8894
9171
32562
7164
4619
7705
22476
9156
1256
23754
22346
1489
19057
22591
700
7847
6426
1448
26180
8030
9265
30028
19949
4816
4882
21323
27585
18315
30707
4341
23785
19518
713
29170
25260
4720
7125
13501
28901
4651
32499
23739
28183
5963
608
22860
25766
9378
431
1955
12715
15777
12692
17869
8909
29164
10009
12601
28845
7929
3424
9270
31218
17502
15741
9081
5277
8564
11255
10793
3205
27756
30149
14017
29677
15010
4423
10529
22045
25003
11386
11727
14283
18981
25677
26304
3876
23813
28983
15571
223
15822
4450
15779
26064
31285
19091
3750
2639
21987
9158
22647
19977
30924
10162
20265
29844
15216
20545
3244
26906
30287
6563
25135
16272
4386
24274
8466
7351
22589
5642
8958
15422
7678
9591
16931
5010
5656
29477
14673
28018
15704
11985
18227
7400
17831
23401
12013
32365
32608
18662
15936
18233
2075
5017
28541
15561
1390
12577
18516
2483
29607
10033
4664
27450
22342
27839
23737
28661
26186
27036
3478
13449
30102
30627
8138
23976
9618
23792
26336
7689
214
6597
28362
3660
21303
28833
20556
13689
16691
28822
20930
6560
17876
3274
24903
20763
5794
27247
24309
11252
24889
10835
12029
17501
5402
21277
1494
23249
18036
11503
6916
16891
32126
18094
21188
27776
21708
2914
7581
27488
2971
9098
14891
29152
21516
4061
30559
16885
26532
31535
6707
6520
28556
26543
3774
29026
3850
30746
433
10126
4162
5016
29923
32462
18184
19457
6555
24033
9677
26688
28647
12588
31116
3712
12769
8301
1526
24168
12620
1384
19166
4228
13630
7439
16540
6012
5364
15910
25694
15019
10028
31383
29085
17777
24155
24863
13235
7995
1361
17061
28886
13663
5565
16570
1602
9806
32470
9812
30661
32062
15835
11775
1883
9055
4298
22871
5539
2604
13306
2521
13573
4501
11580
31124
504
23502
9483
13157
27004
6742
5653
7533
4657
3377
10015
5746
31491
8685
16572
23249
32289
26214
4190
31398
1688
6237
6167
25334
26388
22685
4018
22786
12239
26309
6936
6960
32392
29233
20887
1982
1650
17860
21386
14291
15487
28111
9551
3562
31893
11929
7368
9042
4442
24583
23583
4905
5692
16808
10308
8006
81
10845
15574
28995
19512
8749
25751
32689
29179
19800
31603
13432
26552
18062
32006
30211
23572
27991
13233
23411
7512
10609
4397
26847
17064
20362
731
7146
32064
24743
22881
13458
2844
26722
9411
23588
2646
19900
32357
32088
31
32656
28212
11137
11195
12288
3879
18892
2551
11590
26730
26460
29215
12456
29299
2313
24385
12348
383
13678
22814
25886
3982
6236
20637
28426
30109
154
6359
6596
1239
32532
10049
18091
6960
16953
12363
15877
23009
21402
8998
21600
24059
12216
30871
171
19852
22276
28040
30796
27126
19213
24144
20040
28943
5243
18901
1307
15332
10985
16859
30703
4487
1250
16108
17854
916
14485
22256
32744
14823
30314
23276
26797
22246
5254
30765
21053
20678
31779
581
5343
8652
14035
5253
21288
15460
23910
31424
847
5935
19649
26103
22137
660
24751
5132
16650
30880
18475
12086
18867
26394
7242
4526
13972
6812
25917
13315
27760
6116
8956
30396
12588
9993
15438
25079
11153
34
11009
18743
18633
7454
10269
30264
1891
15839
15299
7208
28365
5382
23737
9229
23824
4408
22538
13446
11500
14755
18903
28861
6343
15785
15654
29310
6575
31505
17415
16750
8967
27800
18535
19615
4419
3350
5955
9010
14404
18777
22479
27226
5714
27675
20371
21690
19226
8331
31283
9415
5517
4957
5120
179
9962
15799
7029
20734
11381
3435
10638
29529
4245
10149
17594
14433
28803
16624
17461
1584
15620
27431
11592
17195
12631
11899
17414
12327
31435
27386
702
13055
29630
22495
18764
25311
32022
21816
20285
2023
31932
1429
7790
30800
18340
14695
5191
23667
25445
20961
15238
13357
10414
25503
16828
29330
792
12360
31495
19619
26612
23583
14206
28518
6800
28479
3340
19839
31894
25846
27213
3952
22000
23866
23541
13816
15719
8164
3366
10887
7898
19214
8128
29740
17786
6199
14856
32618
19641
20144
24063
7823
30642
23586
8469
14826
3335
29287
12748
6144
5515
12210
12319
7065
16897
12381
23650
21537
27376
16234
27412
13342
1047
29659
14677
23310
20322
11203
17002
1824
30161
3745
14576
9293
17451
25719
2271
12231
9840
19155
466
13286
15716
10843
2318
12088
19549
29319
19235
32258
23917
6784
149
30995
9414
18322
27429
11465
11194
3121
22862
14886
18156
9851
958
22506
31971
27599
452
11620
30370
9465
15848
11147
11253
18263
29407
11883
10584
17366
19555
1831
31871
1401
26395
13018
4321
30605
26929
16176
14326
11363
1231
25910
3400
907
15207
12991
12082
9777
2302
23281
22282
24728
18776
12920
28682
29375
7895
21997
16659
25384
9350
24521
25361
26145
3848
31269
26587
26192
23041
23638
14062
9772
9956
16901
6083
8390
11862
15472
8830
32287
21012
24663
29439
5270
19883
24099
11391
23384
6023
29427
28296
10835
21945
1283
9694
3814
19741
17435
11066
19436
15463
6650
22561
9582
3390
17162
8247
26482
16428
20418
10030
9898
16829
20633
22454
28434
14065
28066
20643
7812
1618
6113
25902
25841
27834
9527
9036
16504
20075
11550
9671
1277
20012
32627
17653
16920
14611
27367
27431
16433
14743
2773
7453
2818
18953
6261
25680
23838
18365
2036
18032
28133
966
1810
13710
1322
22008
9124
24870
14324
26896
11046
19233
6424
13970
24832
25104
13117
1014
4367
15035
23774
2416
26977
764
22690
26055
14064
28626
31984
10719
20030
2729
21583
25485
26416
11062
9222
29186
22392
22705
14063
18954
25777
23692
13191
11195
28476
11760
230
8469
24584
3179
30429
3033
27846
10173
2254
17924
13792
24846
30686
18732
24519
30045
9421
3249
16944
23965
30304
22943
18267
20802
11794
16904
20730
6584
25857
9507
12858
31451
351
20626
11
10616
28631
7962
9037
29859
10539
1653
22040
17082
12039
28286
20688
3192
4888
20258
3291
24928
6105
6690
14878
31006
32075
22484
20290
17831
31893
16304
29086
1349
5844
14797
48
30376
16437
21613
11174
22969
20773
12869
5493
4659
1604
10922
11404
9095
6766
8743
10573
7985
16852
6046
8030
4090
16525
29406
29707
18293
24943
3198
18677
19392
372
3915
15903
12186
7709
29978
27404
27016
14399
7557
2127
14541
11212
11917
19054
1504
31817
30595
4122
31182
8488
4926
14912
10341
19778
16783
17588
1004
25156
7176
15803
20103
9640
9248
11281
15105
26186
8740
18535
23562
20498
14769
30990
28634
28234
623
2490
4272
14739
18199
11986
30795
25191
16902
28997
3823
27127
20409
26076
31599
21987
1524
17145
11461
2923
2306
1961
15902
31228
14871
14615
31690
11935
22343
13535
14801
611
13724
19244
2969
6458
26685
782
977
3501
32266
25162
1007
31178
14797
14829
24621
29198
30539
17990
24953
27115
3596
4552
16033
19174
8752
16569
26118
5049
4870
9421
27231
11416
7824
6264
3156
18562
3182
12005
5920
11469
14577
28466
31970
10335
15390
27325
25880
5921
27131
13423
14878
11915
15743
3730
3843
7950
3942
11058
7847
23987
16977
28482
7597
2312
19742
32313
25627
20040
2412
23339
18477
3873
10782
16055
11981
3242
3777
898
26286
23796
18009
8448
1237
15733
5728
3258
8864
19373
5091
14545
30614
72
17305
13322
3317
1800
15534
31676
13896
12108
5247
6563
18778
19212
65
23771
29598
13883
17146
4052
7662
8757
29999
17533
12907
7775
9488
29509
28572
11601
22920
26787
7700
29464
15579
1615
5815
12879
14621
15518
20609
30634
25586
8038
16490
7141
18352
25581
17177
5067
6903
27527
74
6919
23049
21568
1039
25622
3044
1304
14336
18028
1812
6246
7596
28618
6068
17245
2897
26005
131
6861
25717
20907
28782
27900
9946
6225
22884
22812
25836
29888
28395
18702
17292
872
23422
9185
31107
5339
27867
18061
29494
2818
18671
17080
8095
4271
11322
16087
23847
18291
25299
7514
31342
4674
16683
10088
27225
10467
21993
26621
5180
22266
2467
700
2331
27290
6520
24802
21297
19668
12585
20235
14139
20873
5377
25460
5458
2266
24767
16361
11064
16696
19618
16222
22514
31656
12327
9257
14880
31556
14327
26982
22962
9759
18189
8639
31427
23395
256
29448
27704
22474
22237
11315
27614
3452
21738
23203
22832
18268
4965
14159
25604
32010
1691
22651
319
7536
1058
6834
20757
6356
18125
510
5761
5507
32623
206
19018
16150
5935
24273
8157
30550
18284
28168
18594
5061
5163
5095
30515
1191
6300
25567
29281
379
14340
3192
292
223
14830
5974
12924
695
20002
20920
23054
26967
11235
7468
1130
20673
30954
25541
11615
11397
2366
8761
21372
26601
4757
21510
2561
11626
22973
25544
11966
4302
12124
20769
1233
23651
26539
19237
22270
12685
20469
18063
15655
23064
5419
27927
21299
9896
30991
22616
27197
15217
17542
15704
2656
16667
2050
15584
24436
8864
14630
11224
3067
30558
17035
26498
1104
892
27078
23896
13423
15676
22729
24873
6259
31252
21682
16696
18694
18186
3440
24346
13884
17214
7496
29340
9186
14782
14446
9737
9542
13732
9827
14629
17437
1063
13340
18231
7738
1437
14314
30005
30224
22995
2140
3808
3495
13146
12784
21780
17023
22232
20587
13627
31290
11411
2135
24258
4331
25650
30472
14755
17281
3474
21780
11609
14194
24591
11935
605
10868
22706
6659
4763
3504
19247
16531
9220
26345
20962
2107
24332
11436
12639
165
6432
14462
12092
20674
21601
22184
13707
18856
8642
2506
32369
21813
10626
15442
8807
954
31886
18361
11705
12838
10833
836
22670
16298
20949
16670
28425
5334
27181
16472
17462
10583
21508
20076
19962
9757
8972
30400
29415
8343
20724
1193
5476
7257
3566
9435
23912
9015
4663
3842
9671
25839
12472
11224
13631
4553
2006
7735
9761
19861
9394
20214
22761
12047
28603
4178
6437
25695
14934
21898
30366
21156
5135
26929
17052
31114
19362
23336
30684
13782
6658
28858
29215
10131
3908
4239
1934
19777
15322
8077
1269
17682
30445
17022
13226
10164
14277
26888
6428
1842
18742
20266
4996
4953
28448
30370
22489
29968
1533
11441
3873
912
20041
16776
12142
6905
29010
14048
28900
1324
3978
15825
10265
12217
30547
4431
22213
20941
9445
22234
20322
19101
8982
4091
8704
29537
24560
12978
27177
12796
15853
10361
19910
9461
13028
4991
5933
7431
32175
31813
5765
11979
19249
3573
3019
10830
8733
23188
29147
3900
1217
13184
7207
1508
25521
25569
14450
15417
30641
1657
7092
15669
30427
5674
1836
24202
23539
22721
21090
10526
28294
22168
5561
25469
23202
17231
17547
7457
15412
1708
32669
21874
2886
15538
2653
30839
3760
6128
3727
28366
16385
24357
2609
29448
13924
24116
18397
25705
3293
14948
12328
13033
23452
2520
27061
22222
7700
19150
3050
883
815
14199
19010
20785
21263
8634
29493
7815
31583
19885
5540
28408
11075
28597
32682
29941
15236
21856
24518
25328
17559
3578
28160
32309
14781
11275
16820
9330
21097
22020
12212
1070
20961
21376
6704
21302
1715
5997
19847
16995
5454
32616
29081
17054
17947
17002
26770
8334
6705
7227
28001
30503
4918
26338
8226
31430
8474
8011
23690
15605
12561
25895
6895
10231
16188
15258
18272
560
22648
27972
10155
30462
14766
26811
29116
23216
28282
30750
14782
533
14333
30434
24527
30341
23198
20631
12718
30388
26039
28835
16073
22564
14834
4426
19908
31574
387
15001
29820
16778
18730
30323
14931
579
21444
449
29098
14259
9112
15697
26440
23280
27067
31269
4384
7560
488
28023
12501
23653
19358
29411
28720
1431
32428
29198
2780
9497
10429
23061
489
29409
1223
28467
17916
26269
29392
30149
5510
24388
4571
18409
21206
11875
28721
29789
12314
29778
2145
11878
26680
23618
16536
20720
31790
15040
987
19818
9463
21245
2768
26560
26964
3519
27165
2203
921
28495
21727
922
24271
12333
8751
20934
26554
29657
25390
10615
20651
19824
21096
25560
26584
23099
30590
14342
5440
32427
11069
17847
30640
19547
31197
25578
18270
27874
27653
23479
31150
11189
10553
10718
6371
2835
25560
9305
16713
20325
32461
6281
22245
6427
7305
16278
26517
31452
10925
12922
8775
14068
5508
881
29496
5187
32707
30228
29406
14843
28241
22865
31897
15424
24612
23551
26582
3311
30706
26556
28239
11759
3951
22822
28270
24668
21287
22915
17255
6964
14559
21468
26212
585
8084
1328
16747
30133
13540
22695
3297
32545
32756
17109
7800
14325
25433
28009
17472
18863
26153
21849
19781
21509
19497
18434
5990
6954
2486
20637
9957
23084
21548
5919
25726
22860
13246
553
21562
3139
4671
29604
25721
30891
2531
15109
17469
13942
5394
20448
10805
17055
24801
29889
11548
21455
19871
28047
22802
24238
27500
18356
2719
1666
12269
29095
8797
14325
20976
11638
29602
19410
5175
4986
10090
11652
16434
3363
798
4558
26599
17729
21668
5819
21567
16690
25484
23230
20761
24539
15907
23317
18150
5833
1726
28593
1167
16091
31201
4841
28159
11818
12256
3277
18593
17473
15208
14540
25309
11031
22217
27143
31406
21573
32599
9026
18061
9985
11906
6067
7095
25113
438
8178
30148
31523
4256
9824
16805
25128
24952
17720
31212
14726
22367
17630
18498
26537
7381
14039
12816
13882
2152
25029
5462
6221
28681
9125
25488
22332
17843
2798
13542
21599
28478
29121
6511
13335
7613
310
24007
9361
12998
9337
11702
25005
25653
31493
10834
21358
18932
9818
26484
16043
9251
29701
14963
2703
28609
26990
12536
1287
19582
9744
3494
13366
32021
24060
28537
4243
13757
1492
17631
7724
14187
9852
15
23419
14163
20192
11780
4139
9667
3064
4330
27104
2367
14227
7386
6615
22770
9527
21617
29722
27448
9719
12109
6386
29879
3667
19364
22533
21668
15122
15243
22326
11083
17
17288
4918
5741
4910
28813
32147
2153
7480
21553
22238
15505
1080
23386
25478
32552
23560
25177
18103
31671
18820
1833
504
27566
6279
19037
7218
18061
1946
18952
16288
877
4641
7648
4221
25630
10430
11483
25618
7951
12627
4952
28530
4606
1345
15711
10960
28548
3302
18571
25456
23168
1265
30441
25479
16735
8748
26227
22731
24032
2123
9141
4170
13912
18164
13961
26021
20558
4155
20557
12225
23428
5871
31308
26184
31938
2482
19763
2888
981
26183
13812
16484
2247
19574
17371
30620
19509
11726
12177
20698
13552
21911
11705
25519
28858
18347
15555
18250
5623
13068
9338
6273
100
3710
24311
28018
28333
6515
17874
9209
11174
16711
10746
16032
9349
31252
14703
764
17089
7630
30935
14895
4269
19295
23818
933
3483
27983
13267
16470
16610
25336
17704
18864
13377
16590
25566
1138
18142
3974
19339
12159
5363
23575
3236
20451
8721
5297
12465
26588
20181
9800
4167
30935
14288
18333
19101
10852
7055
10701
17136
27477
23477
2516
28251
15360
17108
30937
30813
2226
21768
14296
10926
14191
12440
25747
17579
24130
20652
24865
31549
6266
9344
26831
25078
4235
2049
24710
13824
10919
11936
21245
5128
2622
12724
19975
31823
28473
7250
18966
19499
4633
1567
15189
7331
26785
581
25068
23890
11150
20912
29489
28481
3846
6400
31977
21397
9416
27693
4410
9886
24447
22724
18229
1278
1925
22154
25058
26587
1346
6608
26236
1511
19342
19859
30233
13478
12264
854
5058
25545
9899
21088
6161
31457
28751
20027
24904
17643
29480
13940
31229
13124
22032
20242
2985
9189
11864
13949
11572
20627
7791
16143
3079
5417
17953
1253
13160
27838
30930
25606
13658
12407
10975
18149
5329
11908
16597
8686
4501
23347
27786
16883
3666
3283
10522
11426
27173
14383
5741
26199
18561
6498
5493
6037
28812
30597
15122
18349
12341
21292
21327
2666
30824
28934
12695
21403
7980
10401
4421
9019
2046
1567
30999
28136
12175
3109
13337
30845
22472
26439
23492
10001
18423
11000
18597
1246
13595
20581
21865
29395
25078
8202
4760
11083
29848
13585
13909
31945
21081
12952
3265
17760
15856
25663
15947
29090
23618
17582
30034
16916
28415
2695
28541
8289
28505
24692
15625
30068
29967
27090
21167
21731
1081
18567
31986
25166
23925
2140
5230
19663
32398
30165
23362
889
1079
26386
17931
26583
21049
20113
30996
15800
7865
835
26971
30484
22526
28249
20029
24904
12365
20758
9446
19173
20839
28881
489
7275
23283
2366
19257
16623
30676
9185
8714
9685
12531
7542
9210
21498
17086
2951
28571
23593
26137
32547
17429
21050
10840
26274
32552
29813
8603
8900
1731
20670
19410
32285
3352
1433
29978
16900
22222
14867
22553
13900
11111
5186
30830
28288
12599
17000
21202
32215
5977
1433
26438
8049
9909
3246
10343
11617
10130
27238
18126
28490
30585
11862
21505
22370
8799
1891
19576
12508
9002
13099
31167
21943
31768
28200
6166
14690
9681
24430
805
9741
31584
30856
3307
18185
1032
28791
13369
15305
11346
29345
16728
29453
15241
8062
28523
9751
26059
28148
15624
18829
5120
25050
18261
17990
32406
16511
15647
13238
8413
25566
18529
4967
5382
15529
24204
15975
28127
12773
3151
21147
24736
14180
29227
13271
28904
6976
23953
22446
6306
9978
8105
15665
17302
17827
23228
27757
22502
15974
32445
15467
22061
11288
10830
246
12405
14648
25303
24520
1349
22481
31057
31689
12954
23453
18545
30552
27832
9061
27677
846
1393
18696
24009
30963
5821
5391
24337
18967
16460
5792
32288
24214
1897
6412
6192
30575
4769
2292
16788
32581
29953
22902
2941
32147
16726
31510
10582
5971
23527
20280
22415
30028
19257
14573
3253
8748
17482
24465
9558
26208
2603
30482
14713
211
16066
6245
2963
19484
3687
20355
12917
26480
16799
5341
12685
29952
26737
18964
7815
6422
23861
10909
17496
12385
27571
20346
18970
21427
3804
6608
11098
10557
5457
8250
1679
29122
15818
6359
5076
6414
27076
5438
23998
7738
20232
6551
21616
8559
18833
22753
28232
18450
2173
10230
13851
27567
9729
28827
24571
5447
31902
30504
7872
517
5647
4417
26194
11566
27088
31453
12649
24465
19168
2508
27928
17026
16187
15081
4831
4062
30055
9737
4304
28015
18908
5728
9073
16846
16281
27288
4563
32152
5573
7832
28294
25460
20196
25279
18804
26984
21506
26979
27301
7803
5966
456
8072
7266
6195
18002
16813
7612
5173
16373
17023
32688
29001
1040
2483
24320
5079
30514
806
26568
3227
16171
13843
1234
24103
29500
3848
19996
308
20737
8459
24953
22473
14221
5958
11441
11546
21808
23803
29981
486
6354
16398
15134
30245
2242
32727
15974
6339
4234
32271
32717
17141
14467
26973
14663
3254
28002
11603
1517
79
32504
28743
28388
28962
4375
10699
17009
26684
7214
24930
2196
26518
23404
21240
4643
25069
11086
12695
7086
32635
15980
8235
18620
4705
5092
24251
19551
14576
16535
8298
15780
3571
6197
9078
5533
22366
9924
17319
8151
4469
14134
2497
5713
19781
11257
8192
21987
2254
4698
28415
21573
8868
11302
218
7357
12872
28629
2499
8990
3950
9160
2110
24296
32543
19356
22751
22517
9743
916
16766
20112
24929
6158
9666
419
7685
21485
10711
30843
25344
4770
30576
655
24192
12868
7525
22174
6114
28761
6291
18922
2134
7200
3466
5295
22577
8473
31164
30280
20133
21430
113
31129
23032
28213
6365
2571
156
7361
3746
7799
20362
17052
27238
8389
9198
28580
32130
22319
12845
17290
8743
22086
21922
31451
2305
28118
4191
13390
10779
1138
12653
5493
23989
20988
1253
7119
25387
24286
23454
4450
17984
27573
13809
18504
29374
23201
195
6305
30310
14804
29252
16016
24375
12404
5164
11609
30235
4183
4717
12810
26459
2322
30035
29867
22646
5188
6963
32575
18817
11845
1434
28310
8269
2832
9563
15805
983
4276
4606
31175
24798
2434
32058
14365
8391
6315
10078
17308
15586
20817
8034
25615
25125
21769
14990
8111
3939
27331
24862
27219
3869
17896
16482
3631
9463
19745
30487
4112
2135
24437
21795
24451
10177
22888
2344
1834
13933
28602
18968
19644
6091
5154
14933
7270
18933
25490
861
9210
24735
19407
32757
25176
2071
5382
19608
14893
19114
15745
31797
23444
21144
21488
7611
20593
2868
11361
32330
13102
14517
18548
1302
22727
15839
24026
12720
26282
17782
25366
2003
12692
29451
5783
32520
24715
5184
5645
17339
19867
29277
28499
17297
12136
7505
1502
3571
8132
8153
16858
22518
25058
31530
21978
18241
4892
4629
1452
12750
2509
15874
2230
31372
22706
10251
20636
4809
21734
25751
13151
3320
4460
20477
28857
397
5324
3855
12092
24692
22698
24119
31788
2814
11981
26976
1419
25046
4253
15116
31541
16053
26828
6241
15503
30450
2375
794
18356
9499
2545
1186
30734
8461
23812
29088
18139
9
23202
23093
5647
29443
23866
32396
7718
239
7890
16208
25375
5774
2757
26197
4402
24493
30883
11068
20814
17514
29025
19807
2792
29782
32597
24210
18307
22726
5262
24116
28584
8685
19585
1641
13810
16254
11572
26446
31331
5839
18085
4224
18537
25721
7629
15186
30472
19491
4876
18299
9705
17971
6324
10954
28403
10228
7956
6939
11085
20728
19343
14234
7453
8672
11477
9312
17230
19440
13102
1731
5042
14363
17922
28956
3944
27180
26074
20387
23518
30662
25467
13058
6764
15988
5701
1950
17381
12747
6187
12054
19672
32592
22972
75
24391
30167
19192
4212
13242
2210
16411
10197
19704
26382
32468
18493
11593
14602
31335
11705
30205
2513
6595
16949
12931
7331
20003
16006
16378
28786
13757
1177
14443
29949
23002
28891
16449
28933
25489
25532
16718
17243
17945
32032
13412
5460
26753
9947
28313
1621
30597
27338
3101
25078
15995
7477
27959
2197
20669
28313
21198
25989
15353
28019
11789
29006
26636
24022
24472
25911
3763
1934
5697
8379
8248
24379
9212
18584
24395
32419
5367
8424
6082
29940
5225
27426
18687
2730
22994
4685
3988
7524
4976
16528
3814
27161
14247
9467
25186
23055
9623
201
19184
5768
11654
7442
22421
17820
1749
10802
16395
28434
5623
29307
7589
13829
26187
19874
32304
6235
1524
19583
15014
5063
6958
24003
23208
977
23138
3002
12843
23072
7418
12725
18797
30052
32637
6672
5353
27275
17078
14001
31761
13965
18921
4118
26987
26973
14363
24372
27649
1251
2165
28496
11071
6055
12660
13817
30934
21398
31157
1181
4281
25177
32496
30554
8012
27244
25509
4582
23778
25717
30068
21232
3381
6620
7870
24177
21508
30539
19720
27599
6376
20407
25276
10383
1990
8518
7871
8218
17099
23663
3425
19883
6888
25977
25004
26794
24717
8920
15721
24681
13688
29583
3264
5743
7686
22582
19383
6979
3212
5483
31439
16170
17948
14811
24919
5970
30097
30294
30341
27274
32333
16144
27613
29817
25773
20277
7285
20070
31488
1824
11947
1929
12224
30359
6023
5155
418
9799
12911
15945
3671
1745
29690
7721
8310
11095
26573
2513
11300
21286
5896
22179
29335
21224
28020
7678
28240
31973
20443
23954
21737
1633
31194
20988
28668
14670
13836
24659
25384
32263
2444
14827
22855
26117
17830
16602
2411
2765
19897
17416
32098
15101
15684
22338
1405
7903
20491
9757
20458
24166
29160
187
27780
5136
24298
13945
9440
2460
11824
7780
519
1941
21753
6663
3159
21716
15098
24696
14645
2085
16936
4586
8921
31976
12320
423
22832
16058
22065
2934
4526
11122
11765
17295
5174
2333
23740
992
20982
7019
6883
7873
26383
31682
7479
13428
18274
15292
30023
25606
16790
7380
14750
8122
31065
11247
24943
13255
24140
27511
8642
15399
28010
19498
2856
11781
8186
9891
9764
6930
17655
6592
16471
21640
10278
18199
16059
21143
3732
8377
20375
18225
1851
31069
8343
27261
2274
19017
16404
305
8810
274
10963
10838
29559
4662
2608
32275
27825
18783
15205
20440
25154
29076
10415
3962
11852
8262
30515
24156
32490
29325
13230
26022
27850
14117
24172
7003
1447
30038
10116
1152
28656
355
29887
11526
2008
30901
15440
29368
13302
12093
23910
20092
27929
22189
3356
5585
4229
10549
6234
4765
23701
19492
28916
11802
13858
27839
25952
13885
22423
18861
23353
19781
5072
986
24033
12728
5888
29474
31004
20448
21585
15551
9495
23881
28183
673
13650
17160
30326
25845
14243
26510
197
12014
16070
25049
6131
11408
9835
28930
973
20110
1684
28946
30564
30618
24889
11775
32424
25510
24497
18644
18042
27916
30200
16088
20833
20870
19895
4882
20952
9391
24678
2151
22578
1267
24411
5459
25554
22842
21825
28997
475
6333
10863
4702
24192
27293
20474
5440
23372
16953
15376
30015
25357
13297
24058
22263
16873
12115
14305
19698
9662
20789
9543
22151
317
8696
26904
27934
32411
29435
19584
3477
32239
19078
30028
30471
8211
20804
2591
13512
22338
6449
32738
31079
21256
1354
8696
14677
27173
27268
17886
16701
7172
16545
265
29204
10753
24160
29739
30986
3966
26024
27718
27025
4999
10110
27327
30460
20593
28721
1064
9895
27741
20955
8922
21275
28876
18412
19211
2287
1712
4514
11781
17070
19188
24154
27857
9155
6780
12127
450
15883
1069
19185
31712
9861
20901
22951
23924
22852
30217
17859
11228
28813
3727
9902
27482
14454
28859
12924
12079
11490
26829
25387
4132
9901
17586
20992
31833
12754
15164
10398
4153
7676
12830
13818
9509
1241
5261
12123
1309
15478
21308
27728
28064
11496
19881
17100
30678
12259
31415
31570
6823
2306
27846
3981
26491
21073
17436
27124
5394
14485
10186
16521
15482
2841
5750
24566
19862
16209
12741
2017
17032
20264
29145
21099
13770
12379
14363
29388
12896
5766
6676
6257
31702
26707
9254
14833
26517
24818
1160
7328
8595
19632
9859
14897
20412
11939
30889
7860
28464
32060
21938
4215
7579
12780
9485
19927
5993
29822
15208
4377
11226
8477
30106
16749
22934
2676
12623
6390
4254
19384
24378
11226
24040
3077
2560
9924
1111
7690
30382
30915
27914
11418
25213
20550
15294
2118
7225
7246
29250
4733
1147
16204
30678
9449
4269
7115
2835
31240
3781
3507
4276
17501
4758
27141
29262
29628
7316
29867
4169
20095
1011
26799
3899
28990
31390
21700
4565
8432
20275
29911
1895
10521
29590
7698
15955
7203
4066
3026
30807
6623
32205
24920
17878
31546
16744
27282
4064
13015
3247
9796
20154
25500
27066
12269
2451
2189
17357
10074
21347
15551
19120
3396
31162
19539
12457
5816
1744
21583
11024
27894
3041
18796
29468
14804
8703
32555
31978
26611
16272
17726
21775
567
4607
9801
28901
4904
29671
24309
26594
18230
14387
4988
19088
13775
32290
31946
12742
26097
10952
31185
9880
5201
4613
31759
19805
12934
21374
6778
5882
29520
11179
18312
10404
1486
10160
20432
3998
24235
4195
14656
19533
19704
10708
4815
23905
9322
26864
11986
1715
14829
2054
18467
24988
7000
17746
3725
6967
29061
14633
9656
31648
18629
8249
29324
31040
29088
10222
19738
24912
11473
11543
12721
28464
30607
5460
656
27330
28416
28242
3495
26182
14904
8181
15606
6812
5744
15132
18144
29059
25808
1380
19111
210
7703
614
29356
14150
29295
10298
18543
451
30319
26617
24338
31045
27328
29420
29209
31888
12755
6469
28912
61
27511
2529
18901
19445
27495
12847
17469
12249
26958
12779
9707
17119
32506
3385
12959
27176
29759
3605
31891
2702
22719
17882
32192
11414
14627
26523
28229
3043
17708
14670
18422
4570
8090
5141
14213
21361
21343
19940
29568
12500
18233
1499
24852
21091
23605
13970
8516
11392
21818
18835
28509
19230
18865
29436
20010
2423
16119
17511
13225
11601
21353
19897
13222
1926
14434
9986
10959
17581
13750
14324
21077
30422
31233
6343
21059
12058
26626
21193
9029
21921
24985
6658
22953
13359
27636
18309
28289
9762
13874
30490
14744
8790
25628
7141
28649
11102
3702
18256
16543
15688
8961
22609
26960
20160
27266
2871
2776
6489
26990
117
20340
23720
7893
6662
22463
26012
24141
19830
19852
29073
32119
17577
23799
32385
32440
6796
13956
26284
11030
31191
30171
4580
10998
10185
19488
11559
3559
2474
14872
25755
5555
5904
31952
687
31161
13540
29179
29856
26933
16727
21476
28963
26295
7553
21792
12123
15631
13453
22563
20383
27409
2982
18884
21217
8525
5114
26531
2349
1546
8531
28949
1519
7728
7081
32736
1802
8570
23262
8469
19091
22753
24812
2414
17969
1414
31336
16464
13892
15226
9816
11976
17703
31367
6959
4384
2296
9892
1155
3203
2467
16875
2104
23066
9072
14876
15273
19484
27061
29232
659
28327
27036
5930
25577
7003
30573
25785
26805
17238
28527
15648
8225
11671
19731
24857
22686
31083
12876
148
8712
6892
28396
17140
7080
19214
9586
8334
16525
10473
32432
10838
25217
28647
14629
28904
28493
25109
27769
3327
11644
20359
5074
15291
16900
9060
16127
2565
10556
29631
5590
6335
15603
29377
28893
17408
7025
25175
6512
2224
12554
3082
32707
19471
23434
19279
5066
29775
20959
11833
2972
30994
21445
21153
30801
9774
6933
591
27867
5038
1059
9023
25532
30804
15831
25113
2027
1472
19643
32573
18487
4445
14473
9643
32
20328
21147
5778
25942
9753
17394
3868
20396
24589
26476
17162
6242
412
1650
18269
17877
22771
12187
5786
15137
9597
13955
32071
8214
26323
27019
32327
2584
12735
19318
20880
29005
30843
17386
24276
21382
29623
3903
4888
25117
13472
7123
19285
24650
7740
22803
21761
12307
2973
27847
8484
20146
7319
27591
16384
23216
3946
15636
18221
22443
32030
4446
8381
8205
15503
20089
3063
32572
27069
16838
10446
4537
23166
12587
24405
5648
29421
8679
24757
10010
15197
20977
30360
29870
5081
22341
7450
29050
872
5953
25943
22003
29910
28738
25846
26091
26273
17753
7116
15487
15507
26671
6882
15831
24649
8985
8661
24672
4889
248
10108
27663
25298
19967
16762
12394
28793
18097
7203
28326
128
11219
22916
25645
30585
20747
10323
25844
14037
15324
14879
15681
26282
27415
29164
5979
4547
26809
12026
22393
20219
12948
14926
29468
19865
23877
5894
22876
19431
20009
4624
9797
11449
4581
7433
19940
16545
6474
29795
15383
11760
30457
29618
5963
19810
3978
19837
22746
13056
16645
10005
19303
32493
26088
5031
1619
27144
8404
22599
17084
8530
15837
18080
23299
26035
12711
31910
28166
13190
14335
3822
31066
2421
32074
6060
31245
15076
26066
3807
14410
8918
31695
5622
15543
21857
16579
13774
23271
24177
32634
17882
30024
13610
321
6323
29270
27215
14101
14428
12380
3575
23762
13052
24083
7339
7988
4308
30774
4428
20600
11440
16204
4760
9217
32633
1627
7960
935
28651
23215
2155
21999
3900
22717
12641
5084
31647
27168
8925
24927
32035
30513
10357
15143
5684
4922
18353
22185
18911
1661
16188
15045
29095
4147
1827
2023
2
2698
28728
31326
13896
31519
19242
14830
15629
20801
21929
20960
15497
9938
18749
7312
20262
2291
18046
27291
27827
12342
28161
18710
13876
1950
30449
3492
17310
1713
25616
23956
2956
5927
32554
26112
30236
24839
6432
27128
11485
31360
8021
5500
18693
6536
2287
7637
25049
20952
29416
18370
22505
10221
27101
7828
7518
7294
17997
23126
16442
31695
14550
29350
25850
25766
23283
22311
24048
30515
3903
17955
13388
24369
6047
21527
14419
12335
10752
26072
10689
31572
26860
24727
13421
24380
9954
15726
22649
10467
18373
32181
20027
7306
18064
5852
26651
32047
24099
13354
13610
14066
3059
20660
5239
27051
2686
21025
24219
16866
4003
8903
31049
3406
30994
16232
30937
27761
7476
10155
23098
29687
22051
28734
22453
26698
21200
23588
481
575
20533
1774
972
10490
5350
9678
2932
27199
15449
28787
11147
131
4810
4267
4230
2617
18488
10425
29157
2676
26218
21235
20535
18876
13545
6914
30109
5267
19092
10307
8271
1104
19173
8102
4663
18049
4368
2026
31166
25950
30620
21994
32604
18894
28443
21441
4474
2037
2710
14070
9623
29615
3837
20096
26204
20349
21976
23258
21889
21063
6724
7282
23104
2933
26871
27406
8557
4945
929
20886
15695
29615
16725
11099
23098
5227
22996
17514
17267
7680
156
8074
1
25049
1447
29858
7409
16454
14484
26082
5549
24370
29875
2782
9673
8556
21641
18140
2088
4693
11355
28754
21588
7585
23887
29712
31605
31888
25147
19671
1054
3909
3553
4293
8889
24771
24334
3800
2882
9969
16050
28124
16670
4697
12895
7615
14887
16634
6554
27205
7228
11457
21159
2671
7408
15597
28185
13711
17855
20840
26811
24813
11348
25903
29042
10542
26384
3180
621
26030
7707
7945
6380
19614
21846
7510
2451
18430
7255
27889
30555
22513
7043
21667
25689
3690
2113
14675
1959
25462
9630
15286
14185
26363
18115
5505
10558
12894
15139
29980
19725
16396
15113
7450
8387
6121
10096
22095
14940
13209
17920
3999
15562
26944
7522
9672
15181
5299
23096
8905
4390
20327
12787
26975
9173
5591
4695
10025
9430
29799
8966
31301
16326
23775
12579
14892
10877
1066
19673
20669
9300
968
2263
20613
21925
12280
12773
29675
29354
16801
22771
19614
19075
2030
20277
4116
4319
8090
28212
18463
31681
11587
6272
7221
435
4223
29131
6364
12336
25240
31813
23051
28703
17703
19219
20446
23306
520
17241
13074
1799
30819
32164
21761
24122
13487
2299
8688
11836
26499
32294
22554
6029
17277
16695
19297
22032
1029
31853
23553
11842
10173
25216
30204
21407
18835
1304
32506
31787
3181
15122
30510
9718
18866
24666
24998
23353
2763
1013
15767
21458
12170
21496
27587
14753
7545
11405
7812
19332
18554
27642
18446
19415
10212
15483
30193
23405
6472
20854
3108
19321
10074
13401
19265
10603
15843
31883
4760
17152
31537
10762
9663
5166
11521
20479
16608
1721
4607
22339
18749
5953
18254
21244
31526
30816
14819
11701
7909
11097
23279
24652
11397
902
12592
5872
2864
28059
21803
298
7221
15222
17619
23515
28103
10705
1537
6531
8034
10283
9637
7969
20958
8771
7736
13442
19121
26128
13168
22146
19845
30494
8088
18079
12946
12238
18807
28462
21296
31672
2632
24759
26582
8610
6403
21613
12183
6840
17324
6486
7980
23791
28994
2288
5865
6371
15606
15508
18573
28656
22035
18121
26119
2754
16954
13293
12065
23082
18133
15278
15701
19720
21110
1684
14294
19570
4040
10193
16016
963
30126
11686
1553
24454
29797
24871
18575
9012
28162
1439
16338
22151
20895
2016
14140
4373
20679
23864
16876
419
6327
7217
16451
24965
25375
13466
8112
14489
18013
10514
13250
6479
22862
423
28552
9307
21868
9683
15162
22905
13780
26235
17444
7096
11536
6270
8690
2056
18157
30813
11202
16928
10532
5960
26992
21962
29304
11063
14129
26567
2295
22022
5821
6130
8635
9934
17783
22452
28480
1062
11276
30485
279
14730
2626
15096
28560
26495
31001
30519
26454
21956
27922
27051
9660
20957
1731
25588
647
14599
21979
31441
14654
21106
25958
21882
9042
19581
4242
31651
2765
30992
142
16082
21173
11709
24494
29674
18655
4597
7839
605
1381
21101
31727
22503
14583
20231
28620
25418
27949
12555
21306
14766
18290
337
12628
24917
2401
7266
32618
846
15534
4476
24934
6084
27137
14509
8396
17805
9158
5980
13792
17019
28000
4115
9242
4486
32648
7385
29669
31954
28295
20349
30506
31636
8155
1431
4999
31837
17105
9502
12072
17135
28113
75
28294
7226
4190
23729
27655
24330
8914
6137
31523
31207
9514
13138
1014
20833
21427
16345
18062
8972
6567
18643
10878
27634
31826
12174
2137
14416
685
19069
29012
1875
12035
8157
28355
8834
23974
6007
22257
27471
11109
21165
25125
19725
32421
28785
23039
30410
7153
30616
28350
32568
5174
31490
29885
7078
14904
15504
31127
29431
1018
21464
17986
14514
27919
6863
27795
18215
2666
13532
16207
21370
9195
7534
27720
24767
25862
30705
2630
1100
9949
32706
7845
32514
31525
26295
22497
7144
750
13990
30900
6598
15571
26781
8494
19769
18255
17446
19275
6435
15660
25517
28032
15426
15843
27386
13578
28440
6110
29613
10950
2356
14285
8494
18686
20639
18488
25785
32143
30079
1937
12078
1318
11877
29733
1145
14756
6328
28778
18671
22311
15758
29424
766
18210
19876
23625
15842
9585
11518
10066
4093
4693
1140
28769
30478
16770
31181
18277
24930
20616
1105
32374
13876
23428
14358
30190
14141
19294
3901
2754
13812
19200
18341
29140
22608
17204
25332
928
14596
28823
26248
6011
17546
5867
23657
13256
4987
32543
32268
31062
12584
4423
4454
10358
26765
9422
15069
18088
28484
13994
14719
30377
20803
29535
13647
836
1074
7621
22066
22279
16863
6470
29640
23709
27985
27438
8206
21904
22216
17399
18531
28265
13349
6041
15774
21909
16976
11936
31571
1264
19392
16887
18667
27441
24610
5039
10243
13589
25755
30253
1418
7541
27567
9525
31524
23334
3154
14993
4682
16537
7329
10657
24206
18962
31681
16615
7222
9648
2789
14831
21736
6612
15222
20307
17479
30187
28591
27306
22416
17658
6336
28262
23319
10122
21529
2831
4160
3135
13734
27772
10781
9797
25512
31072
122
12429
32173
26362
633
7600
28226
21492
4911
2746
30684
7216
18576
8075
3001
29327
32375
15966
22142
14018
10309
19335
25029
29661
27078
12530
20219
12918
21341
785
14431
19363
8465
30459
19799
32145
25967
11359
22197
20274
18202
6126
14001
11352
7783
21997
6012
32525
2190
15299
28953
19748
283
6823
21920
16033
2847
4180
5008
16570
20296
10639
22839
12430
3623
18057
25899
14466
25052
23287
6328
8044
28869
938
29887
9401
11281
272
9719
28610
27335
24038
7520
11883
4310
14594
32382
18251
22538
23656
30948
11076
12095
1972
