12620
31153
1802
4714
27918
30623
11963
16464
6947
4662
16017
26850
19588
24524
31550
10655
19418
23586
1712
17908
1405
17937
4575
7766
29823
7332
20271
22418
1965
20513
21042
8835
9413
9634
32051
10238
19632
25162
6965
28673
5919
25614
10198
13470
9674
27843
2040
18714
14112
5748
12617
29452
30925
26937
1091
20717
11652
5873
2179
18151
4043
19060
28464
3149
25844
19282
29899
16410
8920
28746
21273
762
28753
17285
9309
8916
227
28842
21791
2055
7565
3351
5603
25577
3585
6525
27426
3343
2321
23421
2620
16961
28699
19589
19231
21000
23870
18820
24534
20418
31382
15771
1080
8727
4010
15685
15419
15886
26818
13248
6282
17886
17287
1199
13349
28424
11176
26489
24155
6994
18727
22430
22018
10599
6602
6494
29550
17384
21493
14083
28283
14032
30996
4131
10532
27268
21483
23788
31659
31048
23129
26991
19668
23512
29977
7278
23293
8459
6224
1435
30898
15059
17655
3861
8251
16333
6785
16092
21769
17075
20542
25661
31362
11802
14889
14111
3037
21765
26108
17112
5801
1371
24822
161
22566
30881
594
20857
25764
4237
10427
17874
25285
2422
22061
8862
1598
345
9960
3724
10929
18274
6772
31857
12302
14758
22928
16798
21273
5471
4304
2547
2237
10890
6842
4068
7837
27791
17195
7242
27615
5589
17645
32505
6435
17701
18279
24195
28194
5057
9637
4799
18370
4498
26908
3556
29529
4907
20529
17054
7084
18997
1075
14843
26986
32642
11394
27475
31360
14367
17320
3917
3888
9372
5063
203
29510
24354
3964
22356
18555
28753
14071
29332
27340
6777
13664
11450
17368
6915
13172
14223
20779
10117
1680
23952
14799
5018
32016
26360
4968
7193
1508
14259
12040
8774
2720
6349
12392
9708
22722
31413
12229
26333
3847
4348
26526
12178
32754
5784
6738
18832
31670
14031
1217
21890
14199
16051
6408
853
29339
551
9450
637
21118
20048
3513
205
9925
31734
27598
25266
4727
9875
11247
4525
20102
599
21074
1528
10636
26306
3559
4240
20670
13883
7757
26351
3764
29523
16504
12355
32695
15274
9454
29036
31086
19486
12909
22747
1905
13812
19726
2394
11146
12629
18256
18659
7798
29741
11727
28579
10943
11735
24715
17820
1854
30525
14568
14825
14404
26492
5690
2319
15697
8275
3362
24372
20215
11209
25511
10308
7228
17608
5711
28321
27708
11216
20462
5423
15038
12083
2894
15400
11917
19595
183
17860
5855
30780
6132
2413
17119
19153
29275
18373
14986
1231
9510
26778
12919
26018
17595
26824
14217
29314
29481
17714
28336
31777
25928
29760
21631
22774
30806
3721
13971
16420
25524
22299
13364
25151
30295
22521
13192
24224
17351
7866
11295
10209
13193
25534
16899
12885
32315
6884
579
2698
23113
14640
1341
16987
26067
11764
24800
27386
29162
24274
10390
2968
13859
6262
7595
31204
18300
15565
1159
21879
8622
5035
19815
3009
16955
6143
25391
18010
9349
1892
18392
17017
27547
22836
23212
9850
20967
6299
32710
17370
26611
9127
31992
10084
9156
6772
4369
7991
3432
13582
29926
16044
30801
14080
18972
23947
328
19476
6828
18561
4946
30954
7704
1384
21196
10107
19054
13300
25604
16561
29777
5317
31167
4243
4386
17700
22160
10057
7300
30766
9267
2523
25709
2470
14094
8378
10667
27729
31336
4457
21049
8046
20524
31086
6626
13088
4652
7108
2047
25964
14113
17247
16105
28507
7330
860
13864
54
14913
2468
29700
20415
11007
8920
30213
17229
11624
19420
13253
3322
6616
12603
31297
28119
22758
585
6968
26566
13802
31537
2616
7844
14114
32562
29918
8942
16836
16862
3826
2998
8218
30112
3754
28247
30382
20343
7592
21468
15945
7618
25509
17952
18710
10003
26097
26461
16256
6520
25963
1944
10168
27217
3830
12107
14809
11474
2236
15166
27462
2089
28347
16733
8988
10766
7383
9752
6200
15167
24823
28806
7888
1133
12342
24000
5011
25349
23437
15495
9296
31324
19677
7196
22483
1119
28837
14592
16338
9209
4117
16977
18449
32150
21942
5891
18877
25697
23888
4955
8780
1649
2062
19911
12942
30451
24956
18796
5618
16672
26500
20174
24600
26772
32171
29317
16226
26531
20185
5757
5365
16313
20570
22407
15829
8321
25286
28648
4913
30795
20099
30416
5842
21697
3775
24530
19948
10194
18959
2223
3901
27475
32580
7487
12030
17796
30687
6388
3860
16263
13825
23522
14254
427
16449
15843
28192
17424
28335
11593
4455
20167
16292
30103
22419
30373
10942
21553
2080
31528
6569
26961
30002
25421
5776
1527
7392
214
5487
22101
16227
26621
7128
19891
1433
25486
982
12494
29048
30425
15321
5970
3186
21301
18271
22243
21393
23467
12701
9970
4211
5583
26526
6979
27821
28592
26441
8275
28042
20509
30276
27095
25841
23393
32404
12151
25511
19498
24956
22282
6702
24953
26581
29750
16513
12888
10590
2413
20790
26833
12772
17268
31052
23656
23372
13291
20484
17334
14941
31918
3587
3590
16186
16264
20445
5296
15064
31127
3981
21698
22738
8533
23047
13847
575
20042
28658
5887
19865
7994
9298
1603
10905
1208
15178
11484
5424
29883
3419
27772
21155
22388
7475
26829
284
7634
20421
1405
8952
4176
18746
23431
8300
15274
14412
26173
8691
25755
24694
15388
13073
27013
3835
23980
27628
32690
2130
6006
15669
5358
16871
14348
639
1603
26754
6539
21591
12414
29829
22772
391
29853
13261
11261
20355
16103
21364
32289
5805
3231
7283
12536
2573
9395
9341
12005
14631
31831
16370
25976
17497
25144
15857
21905
27619
24987
5184
2882
26063
1380
2272
22028
30999
17219
30384
18057
7122
29574
16119
12827
899
23632
31962
8608
21897
28522
30513
27965
294
32428
7695
18575
3959
19142
9705
23936
26267
23595
27637
29135
2776
24812
21853
11241
19317
24044
20562
10199
4471
7800
849
22835
16302
9175
7517
30475
29844
9316
25614
20617
25786
8430
18795
24233
27480
14574
25976
4348
20212
12969
23940
5699
24155
7093
19516
23515
21480
2694
18576
22404
25676
28575
13996
19064
25049
28906
21345
27265
7575
18463
19922
2554
30673
32366
5603
30302
16668
27629
17608
20409
22446
16460
11016
11274
11672
27474
21583
30780
15649
1239
26455
18640
32701
26931
9882
8315
12349
25480
27116
4076
3280
21658
8821
3422
16120
3055
28212
1263
25796
23504
4899
26634
3757
23485
1538
9935
719
18766
21551
26547
19774
11478
28190
22871
4602
23929
7734
1278
13599
393
19263
32205
29016
8192
20634
27022
28795
2987
1570
20772
29954
30417
10595
3441
11975
28467
17171
12616
2649
3017
25425
12514
8601
24612
3255
25416
20961
30811
24301
31737
31792
16444
23966
27937
23747
16942
15124
1412
32457
31406
32608
15001
1003
16514
15181
22086
4826
3328
4742
4045
858
9972
27524
4845
22556
21802
10343
17445
17941
306
9037
25843
15529
13684
10207
18500
5463
13892
14763
27410
17564
8213
26856
23448
24442
301
20854
12874
23309
11383
23384
3364
22763
2830
11631
28743
25500
32056
13044
8421
7251
17924
1768
27990
26671
19936
3952
2251
2989
958
13674
21587
23271
14694
3936
14112
3010
31035
31638
29727
23148
32649
8927
9624
21269
20987
24109
11458
25503
4707
23111
24251
13924
27972
16409
1484
1085
29568
1979
2744
3655
29931
15527
31694
31848
3197
6402
29482
13266
13522
21679
5818
27025
19581
6039
24428
122
4642
31522
32423
31571
11762
20147
25613
22138
6546
12743
26455
26804
15519
29152
704
29586
15159
26317
32386
19757
9335
4049
29306
32172
11471
12705
30660
25720
965
27366
11277
17993
24771
11876
26508
9145
12315
28058
17639
30550
24919
25620
3107
2261
32382
24571
7466
5469
25752
21431
22780
26396
18649
31665
16707
14752
3418
7195
20113
1727
609
10576
11268
20958
17845
11714
16878
14659
8558
221
21020
22953
17546
31973
31757
23947
1649
3017
1618
706
17469
6595
1640
23662
8552
26997
7876
13011
27659
21885
16643
25923
5213
10068
10661
29222
26582
1872
30215
17125
16692
1759
8515
14097
18808
13363
4733
28275
3618
5778
1671
8201
16950
30426
10906
22556
15571
17402
18410
864
27999
19236
12082
7378
25001
25938
11077
17771
14321
31501
17708
29063
2453
26525
32693
17657
13771
30780
5743
1792
11947
814
31219
24710
26334
5714
1026
30074
22487
14670
14446
30533
18437
10660
22824
28496
5401
29467
29455
28736
5721
1866
31215
3529
23905
10392
10889
12834
20225
13121
22742
11254
25879
8058
5363
19187
10385
20368
28210
20769
21961
23936
24472
29604
7590
25108
17014
7926
27175
15007
1768
4999
11658
19914
14305
28298
11197
133
1025
8295
6708
5678
31959
24423
31015
5586
27559
8549
14908
29029
28565
20581
32122
3732
4301
28691
8995
32648
20480
23176
15553
17503
22608
32398
18371
16767
20393
735
1401
13727
22384
3131
14346
13394
20224
28793
27022
10258
11848
26394
11421
28994
17402
25741
7910
15198
1614
3849
10003
5374
15360
14611
254
4146
18545
23368
12677
4450
10944
17482
5856
23629
19683
32726
24697
22498
770
28105
26437
8800
31621
20945
1797
4135
26733
31281
22448
19276
28290
3
22610
9048
2556
10506
21197
4488
6763
5903
32509
11926
30585
6020
4309
29742
16831
29666
8322
16044
32592
21435
877
29521
30338
25766
6720
1722
14170
11038
162
32034
30680
18482
5022
15658
17840
24393
1570
15435
25668
23484
4415
25053
18632
30705
19306
19678
9887
6024
6532
20893
24374
14092
16605
5519
5445
29669
22321
11295
5041
5734
29991
5314
15736
3026
24659
31179
31221
29358
32336
1266
7079
29399
27719
20525
23846
16305
27285
7064
6685
21760
4652
32342
28352
2694
7452
21897
11132
14225
6380
21330
23155
22973
22500
18712
13571
14460
15921
6482
25451
32381
9499
26706
11181
24556
20871
9637
24677
254
1830
28245
20051
5306
27064
30401
5467
3201
7981
18366
3646
758
10052
21894
15010
12755
11754
16056
15516
11276
28450
19002
31892
30583
16826
2680
16566
1393
30544
19619
3616
19105
13740
14956
29649
1112
27685
26664
28938
16792
30370
18846
4088
20519
10575
26090
25924
18825
6332
12808
27754
22148
8526
20688
4789
516
15338
8406
24668
10913
26255
15099
21041
6791
26522
6590
13095
12591
13075
1947
27825
13438
13034
15804
4135
30922
6384
21196
8770
31172
20827
15290
22667
18384
13034
31055
16703
14136
9483
20150
21106
16899
14768
15690
18815
9200
199
22770
16566
8368
22737
18264
26350
6446
19281
7592
9837
15822
15032
15826
31512
23128
9544
8037
4650
15733
30326
6075
3931
26065
2112
20238
8411
11450
7847
4157
19457
4725
14152
30340
26481
7346
24621
1582
6525
21615
10999
20929
8785
19353
21727
1952
17103
27388
6248
4866
5779
11097
11131
20517
27942
20238
27893
19187
30405
4890
22701
9338
6072
9112
26054
30073
26055
16335
23109
4387
6334
4490
11934
1757
4064
20803
24509
23724
26237
8676
30737
2615
17012
19803
26132
10321
32486
32749
27740
13954
32170
12215
24360
28546
21523
16690
19300
21366
18591
6483
12150
23654
25092
32102
14883
15653
1100
6226
5565
29647
4792
31139
17249
9693
5432
32494
7888
24322
4995
20908
6370
23083
3595
8885
28729
15626
22308
20568
8349
24867
408
15433
7685
14303
6258
11669
26980
25023
23590
5562
5307
1214
26545
7940
19014
31850
19427
20266
11605
24141
24251
6808
14587
22743
29467
32009
2435
5675
21118
11696
