30724
13770
1180
14138
12210
4394
30275
26179
4122
12160
7331
28878
21754
3138
27101
4982
18484
14560
1498
12013
4424
28760
5999
18906
3803
28339
20373
225
1290
13958
9976
219
22100
6488
8316
19230
6328
5733
17250
31704
5954
26038
26434
24388
27580
2870
11919
8284
1906
2283
21112
13823
6492
20806
27665
24731
26490
19878
31342
20258
16598
25809
29440
13701
12939
7679
13020
3174
4362
9231
14373
25475
15889
26856
5415
31945
10942
10260
30823
16100
29583
13571
18234
23929
2831
973
8647
27421
2762
10535
12105
19739
11834
27268
17834
4718
24107
8901
29523
21691
163
9282
14405
3606
31078
23053
29244
22141
4197
2175
22012
23277
18206
31263
17391
12676
7633
22193
29029
6731
32617
31211
29321
5683
10345
4667
28116
27683
1166
9822
32604
7775
938
9227
27726
8213
8201
9323
274
23082
8569
31884
1436
17745
30357
802
32724
23090
27127
14387
18392
6429
29266
20502
18464
13823
25265
30455
6119
25889
20433
4551
8823
6607
23657
14956
31638
17476
17072
27227
23154
18956
273
15368
9087
10288
22849
32260
1539
13758
545
20339
9479
18441
21525
4272
28679
9661
2070
30438
910
27128
14683
15141
30021
5467
3588
9380
17614
26294
5831
27135
5929
11027
1986
18706
2499
20938
3206
6240
9010
20037
14398
7692
32263
3339
14636
26789
26336
13613
31183
27275
18551
16391
1766
20892
17226
20536
18011
29309
12829
25770
10485
31832
13497
9430
11041
4357
23959
376
17720
14334
13530
24882
10009
16901
3091
10715
9042
22825
4388
23678
27044
13814
21789
23010
4502
7456
19434
28364
5580
17915
349
15120
22039
10562
4369
30797
4834
1451
30968
19415
29679
12596
10930
9150
13566
8279
19444
13312
13807
8204
274
12069
3997
12894
1170
9331
19315
1213
19984
6437
7818
20197
25044
23924
28236
4031
14903
20980
405
3702
17453
14252
24156
7781
15892
10874
19343
11412
483
26666
4074
30915
19994
25021
22660
19141
17458
6183
6859
22413
15115
26862
30265
23301
29614
32566
753
922
19673
22798
6959
14212
1583
15619
16300
664
28771
8040
29885
5846
21928
8486
17428
4174
24298
6554
27394
1421
586
22507
20800
11328
7658
492
1532
10149
16223
13160
30125
30291
16656
25602
2114
15381
28750
21632
14042
24145
16049
10462
28115
8944
14442
32437
10026
8229
29123
22973
8453
20851
17933
3918
10599
84
16317
10216
24580
6187
4783
6568
17555
19899
19749
3947
19207
32673
10263
16773
775
7473
20549
24903
3503
11751
26478
24835
2026
19562
414
30481
10501
14727
16634
11162
26731
30886
22532
1225
26535
25248
11961
20589
7076
29545
8480
32355
4121
19933
22237
21043
16422
25475
8564
32304
24679
4889
31642
3470
28252
9118
6017
26495
29635
25471
28836
7994
29561
24553
10949
28850
17270
18152
4032
26620
581
12582
25294
29642
10971
8402
2593
5942
6027
14038
18654
19945
4893
14292
16702
8765
5687
8935
25446
2113
1325
11424
14532
31921
32130
6425
24531
21260
16677
10920
24689
23105
32314
984
5702
9782
16492
13503
6875
31539
16685
18314
11514
7184
9410
2673
2232
1434
10333
29640
15318
16907
4682
27774
16618
16688
28292
2202
20286
8432
7390
12505
22857
31834
16419
23336
22004
14130
624
22031
28078
29645
23466
10394
27061
22470
12681
13286
4891
18252
103
23353
24414
1672
18198
419
2318
5298
263
1446
24901
10765
6011
13386
22696
32706
9316
22957
29472
2045
18952
18221
3459
4600
22078
5682
4124
24819
17641
25271
76
32390
27129
5760
12101
27110
21561
23048
21646
14528
21658
22053
18784
23607
23255
12235
28468
5820
27915
18975
8933
31816
15717
11045
9234
11143
24130
23204
6098
31149
948
9157
20869
2704
24259
32657
14212
11902
9505
27436
5275
10403
18012
19452
2995
15096
16212
4674
4156
21336
17419
1570
10562
25408
5912
4198
25112
30818
2433
30025
8919
32395
6488
18610
20563
29769
28343
1973
18160
21222
15958
24249
13150
11176
39
26883
28310
21167
23152
24431
30882
6820
24117
16859
20083
11429
3008
21615
32608
2328
1439
2391
15748
3286
11811
12174
2597
8105
16660
8834
29176
11336
12242
15964
22542
32738
12290
21747
14342
20493
29398
10215
2529
2696
14695
16884
10931
32487
29564
13936
21649
32442
17993
32738
13419
32315
30898
18875
6466
11792
14178
25398
20113
28283
20967
6459
22741
16447
6349
24233
29975
26306
6998
16682
66
514
15259
2549
11468
12647
1882
17122
26187
10541
24209
14681
19498
16515
21429
29104
4576
31133
22675
9004
18380
24929
21805
28546
16663
4305
9763
31165
6491
28736
27705
19678
2529
311
27051
24396
27033
23425
21623
26356
1275
7077
10359
22943
4816
28404
13705
3071
21438
21644
15535
5406
29976
15175
16671
2189
23136
8161
2243
19692
5268
15191
157
25011
13697
12191
11407
2605
1490
7584
30688
32703
26645
11236
27772
15603
1254
3893
9024
5905
12433
21702
21595
10861
15806
10220
3376
32739
25635
22390
20053
23264
28536
17305
22871
27560
16227
2490
31959
7693
1030
558
11127
28041
1555
31114
18089
22313
18245
18352
23406
9737
14850
14831
267
16809
16688
31910
3638
16886
18181
5701
8021
21312
14678
1217
9076
8195
22708
16068
6680
24041
5166
24872
6197
14568
5222
21439
25027
5164
19242
8512
4051
17051
29558
19198
5414
20857
4673
19754
7477
7533
5947
11843
18507
26672
1366
8092
12088
13502
1299
10330
23912
30044
5368
30707
20133
25121
26705
12845
15795
24553
25015
9569
8592
4903
18550
30305
14277
4158
17740
27169
15890
25762
31948
14581
3226
21705
24659
7486
26359
18054
32020
30049
26270
16051
4158
22979
7038
4281
32661
18346
29108
17444
3916
12059
17200
12364
17168
23679
17479
4911
3789
16564
1807
19407
19813
12415
25055
4712
4474
17669
6775
10617
18214
6673
23120
4327
11388
22358
12898
11236
19126
28401
13044
16380
31565
5422
21533
20353
32205
26868
26499
8145
26777
29361
5137
18106
13130
5721
23472
5455
25085
4343
24717
12132
7606
6345
5877
26880
15729
8662
2696
2968
14260
25589
25893
20365
27907
1115
27157
19043
9645
10184
32664
3250
20556
14990
4152
1175
18321
26460
7497
9509
14443
15120
13493
11275
6918
24325
14661
3430
32711
13790
4760
16473
16591
25601
31599
27249
27684
30082
23812
24152
21637
31162
4391
17704
9794
18383
18473
21134
28342
16991
29005
28274
15389
23528
1221
1706
29429
5913
20881
14627
12373
23170
22015
4964
9603
11871
7519
23437
5469
23746
7773
21488
28063
21076
24601
29997
2638
439
29680
29686
31590
22183
15266
5027
30277
877
10839
7819
1110
19987
565
29053
14276
396
13276
28764
16930
26127
31372
6441
915
1503
2548
13333
24952
4913
5823
13268
4601
16308
25045
21242
11770
15173
28923
22741
19266
10552
26835
7706
16677
27281
25898
11831
17954
13639
4939
4626
28414
11328
12206
8894
16531
23656
28445
31562
17256
1904
29237
15278
3066
18548
9868
22092
14547
5002
9570
22465
29648
32190
10858
22829
21343
6746
20352
29255
21784
25430
32140
27728
11307
18729
149
5490
7100
17321
10290
19023
3386
12682
32041
17382
6319
10543
24681
1735
25326
32578
1933
7986
2995
31025
21853
8275
3349
1934
23689
2954
3513
17153
11275
31607
8434
13577
24657
7867
22670
9039
9298
14178
20926
32407
23447
15060
11820
10034
8593
2053
1052
28528
21014
16822
11168
28939
31729
28940
1254
28112
28178
21105
29303
25597
11228
18102
27347
29453
23777
25410
23192
32194
27064
2147
12749
23315
24775
3631
10999
15789
26426
7673
3099
25762
6795
7208
11364
30256
516
24513
7281
23031
32149
26304
18463
11128
6267
11354
281
2658
18205
29819
8515
15853
2530
5552
9341
7874
15567
9958
484
92
6401
17719
25838
11911
20982
20907
25118
10321
25080
28124
24461
19173
27919
8381
21017
8032
31501
14155
24704
26073
1142
133
19944
18422
21604
5984
22988
20250
22293
18575
19389
12840
21505
1838
22910
11757
15744
4707
1811
19732
8896
13391
28121
7584
31169
28524
12785
32221
29657
1969
6726
2167
6224
12045
11039
12045
15968
28453
32647
27874
21825
27901
3429
26714
23895
11814
14114
24141
15702
12610
16247
9511
16929
14835
23673
18259
26126
10225
31800
14595
5131
30074
24935
21536
10637
30376
13810
29935
14365
24213
8369
5845
6993
3442
4356
18254
9418
2341
6682
23178
15460
9009
4636
12472
28932
3764
15948
18994
3529
4158
18660
2338
29816
22506
29719
24414
4910
30582
14306
11994
21088
23377
30418
21473
31901
29729
28006
9650
86
9428
31562
4610
22320
18519
25340
22933
22817
5338
31383
16559
18654
5645
14998
21912
23258
4410
1701
510
1485
31341
23805
11427
13531
14723
22846
29324
27773
32244
16735
5216
4116
23561
3765
24503
29017
21996
24375
23356
21008
944
4160
9103
21033
16244
22157
4679
30162
24664
553
31291
15462
18243
6240
5213
3355
17345
4214
16044
14997
5874
131
14956
28276
24083
9537
5601
11201
5139
8018
11745
23927
32458
2852
8034
9023
1202
15121
3740
13538
22923
24838
18866
16287
30330
29412
16944
14716
19989
27371
27996
18543
20869
29707
23364
1992
21735
22311
12148
4729
1096
12639
2506
32174
16424
29049
7192
8571
23186
18993
7017
5209
9648
26548
29667
15290
12278
19115
28192
29633
9326
25377
5500
14221
16862
26881
6677
17827
5581
19197
23218
22307
10491
15808
32283
10806
22160
10473
334
18201
29290
23437
27771
13411
20453
27882
21945
30425
9257
30672
13104
14852
16258
8253
9653
19352
1495
20535
3412
2815
27061
3366
454
31509
23773
27522
102
17486
25658
16254
32101
6268
16709
5422
4792
13028
10686
32595
24423
8034
1003
5119
1690
27317
30413
30855
18897
512
16606
26063
12182
13148
5946
16400
15927
16235
29969
11600
16049
10636
28162
6991
29118
7703
21732
17840
14494
11257
7398
30870
5283
32521
31986
11388
649
11862
2617
4186
14373
15236
4684
24662
57
2760
12431
12111
5084
3430
20849
17339
23769
19741
15976
20972
25715
22534
24919
11079
26652
27712
31778
13186
21782
17736
1413
16160
4939
4967
3814
12764
13312
1353
19598
29958
14394
5017
17695
29216
9910
22469
2342
29580
16260
32338
25474
23032
27253
24225
19760
5913
10587
1922
6708
17765
25171
12938
20452
9294
24123
9492
20303
7522
22200
9235
30733
1052
17690
26746
2193
21838
10558
20274
3099
20455
1654
30530
825
17453
6725
24070
5256
20819
24111
15905
25239
20069
21410
13384
26812
24012
1982
30236
32291
19406
25944
13096
20412
18490
5839
19200
17162
24616
18048
25166
24000
6947
1758
5576
16289
2076
1312
16638
13652
31946
28492
21547
10778
23648
31573
27716
9026
29076
11218
6293
22860
15192
25823
21
19395
3302
11151
13807
9316
512
18057
29643
25582
28876
26620
24710
2816
19390
16228
3070
15046
9218
14021
8823
7283
8727
12956
14594
16138
1932
4727
8226
7476
27817
4606
23939
27294
20929
9051
392
5775
17526
19018
26597
4260
12920
2736
3988
23320
7387
6366
16576
566
23462
3061
29469
1818
14597
27472
7548
288
7592
31277
592
7325
3552
29466
16205
8355
3757
20604
2235
2794
29118
16728
7952
19416
20983
8019
21733
14977
31930
1170
6764
18984
24999
27678
5843
9184
4345
25449
30103
19751
18612
13345
18240
30756
5252
24232
11149
15686
27933
4687
7458
3227
8779
12527
27666
27028
20529
18667
8294
27788
2725
3575
7747
15301
16219
29903
16044
11021
6131
16423
8866
1371
8734
6716
12632
8462
8086
24187
1018
14292
28103
30918
12284
23251
20721
3688
7617
15554
1583
18396
5559
23789
23269
26512
22864
31347
6381
15592
15143
8951
26530
9368
5363
30707
20817
19866
6221
9149
28353
29369
13875
31910
17398
7644
2016
17423
18758
19968
32027
16752
11965
20531
13607
27379
18223
31062
1317
15692
13173
5496
2448
22977
9663
15032
8705
10619
14963
18938
27298
1402
2820
29611
18209
14337
26013
23853
30131
13386
21531
6902
28264
30382
9073
22640
5237
13358
9693
19909
26439
2796
16650
10542
19549
11567
20414
26199
13561
1825
21759
1519
30460
10901
27320
27401
31772
25096
22305
16334
18921
29647
31601
12336
11007
14863
4604
28991
14553
27590
744
2029
17240
5101
31717
20268
6324
14502
25052
9760
11080
16469
29957
6978
4207
2053
642
29097
28935
5769
22436
13090
20664
25678
32426
18236
32174
23817
17752
5378
9327
1595
11849
1792
17365
31984
28598
10311
21355
12563
27810
24947
30120
11106
24262
28237
21297
12406
872
7451
22357
22516
30627
25579
8846
19764
15098
17344
2656
2537
16770
32085
1819
9305
12119
22766
6793
2407
2147
19181
28668
646
27695
23711
19581
9053
19379
5824
15025
3499
29765
11582
28418
5740
19255
12617
24340
1689
28838
26204
11203
27192
27922
31054
5568
10288
6998
28516
12573
7682
13309
27226
22681
4539
22028
27114
925
3174
11795
20927
28452
11356
21610
13459
3826
25061
27015
29137
25976
23950
29736
30421
2941
16735
22660
17254
12152
31309
25776
23846
15571
26404
29852
7489
6896
9523
19670
28451
9310
25725
20898
23386
27819
3494
12353
28009
13265
19099
22016
16356
31168
16392
10549
28948
9437
29752
14859
5829
18465
3152
122
19961
26276
12724
14154
19018
32490
24823
18903
31338
2249
4871
31578
16744
13461
31441
28192
29039
9312
29556
3305
741
19395
17061
6031
12637
18202
841
2225
29815
475
17301
1394
27896
20395
8415
31032
18384
13063
10406
4816
11429
6865
22779
28356
12272
13959
11733
31356
22927
3825
3401
28334
19903
10890
30760
31466
17255
6467
791
19956
6644
24334
23069
18002
21282
2528
4644
6483
12691
30311
32016
27749
8532
1203
14659
31477
30052
3109
1736
22812
14088
20835
9435
18881
21395
1095
27940
1697
14860
21868
13762
14757
9773
734
19130
12572
32661
9430
14905
1007
27043
10222
3148
25911
30322
18185
25339
18494
19317
15599
9690
19967
28854
32581
14016
21183
12754
26029
4914
27125
8341
17923
8029
11090
4520
20704
19397
985
26238
30405
5976
14189
22438
29189
23751
12127
22056
32386
31640
5894
5426
13797
8512
32396
1171
26587
6960
23655
7947
30155
15468
13186
3083
27625
21514
7304
23668
32151
1248
23065
26998
31798
7855
29969
31430
6996
32508
27693
18657
20615
24448
20682
454
10111
6663
5026
16672
17129
9663
14020
23367
28772
16593
1776
26103
21881
7898
32078
17879
21958
794
15039
18353
24313
25854
17498
25894
14403
31425
20524
22817
5528
25885
25285
27212
22836
19354
913
17984
5747
27693
13761
7995
26429
2273
13981
30560
32502
21426
13226
6696
9822
6325
4754
26814
17875
9867
15564
2025
17793
9374
24283
13082
6229
28513
5149
3137
4740
10793
15960
794
22625
23690
14173
3997
27556
29022
15663
15278
11465
18710
2216
22508
9833
17766
29439
9002
16113
19438
23451
23998
12085
2344
30376
11377
679
30751
21818
9728
10789
6195
20014
18661
1431
5495
7431
12319
14357
21989
20154
20904
15055
4639
8568
4891
25526
11661
21697
18435
11173
2616
18572
7181
29367
2966
32031
10481
4300
21434
20286
4162
2625
5595
8657
25575
4783
28364
9703
11423
30345
3273
8920
32428
3716
7893
13429
9174
17210
25409
27057
21048
3505
6306
15665
24751
5234
20331
16675
21706
14157
3668
31094
6958
11946
14444
3720
14042
21407
18355
9602
13192
12682
29237
8605
25048
17563
12596
30505
11209
24104
32625
985
5738
8042
30033
6080
30640
17996
9543
8302
27932
27137
10828
18772
30102
18020
27142
7098
6386
10294
29049
12816
18101
25313
20085
31573
13884
10135
31653
21070
19672
20052
11844
15474
8772
19574
13908
4230
32126
31106
26819
28316
7021
17885
30692
18997
14768
29679
26832
27543
26256
20433
24444
15550
24878
21740
32701
6537
24059
3850
27364
287
11776
29255
6191
14456
29960
17235
23378
9423
8962
24297
378
9379
17023
31560
4502
22935
3467
22574
18659
32294
28098
24150
23229
7960
11339
17592
27687
16953
27640
3618
10947
8118
18076
14083
10297
31226
30227
18443
11942
16313
32294
15694
23528
26173
31025
17566
7571
23779
25836
9714
19374
26654
4759
9039
19236
15957
4579
29914
2431
11847
23031
21293
11312
15729
1315
28280
10082
29526
15845
31927
13990
18240
23828
28787
30599
3659
23624
31346
6079
28946
10625
29923
177
19002
14638
2793
5940
18837
28592
9099
26303
20320
8558
26730
10588
21967
27083
18719
15403
8530
22452
7030
28225
27786
27656
31412
31845
728
26718
25021
14664
3208
11812
23513
20324
15082
2241
21007
19040
12326
22458
28590
17094
17220
24099
5107
24545
28042
32377
2580
15223
12696
7982
19044
26543
25776
22936
20974
6653
10228
28159
23277
4497
17297
22465
8173
15348
3734
5224
25291
6377
10356
13126
22078
28554
22785
9997
7931
31359
7314
11733
13983
20209
24070
30991
10849
17026
24073
12066
22114
26219
13889
29349
32227
6694
18813
10326
32646
24617
8422
25287
25847
20074
412
17798
29650
23146
22179
30147
4137
6521
25396
8671
19455
26425
11212
10822
1478
18538
15890
13196
29265
4727
24216
16641
2344
32741
2956
4568
28831
27932
22222
2966
20906
20380
31091
25121
360
17064
2605
26094
30965
8511
1562
11586
16816
20392
15990
2866
14149
26563
9344
24196
9140
3905
1135
28028
538
9733
25347
32091
431
21518
29575
13342
12538
31786
30611
9421
32603
11721
30328
32443
30546
20443
16045
13230
3829
14978
7306
27674
29874
4270
27872
569
21922
29340
9482
11840
15260
1569
19364
20525
14833
31485
16007
6460
22826
27714
521
2068
8872
31417
24427
8969
358
6446
31665
17544
32023
29594
9000
8608
30822
4112
7148
26362
12870
18776
9668
15565
15212
732
25428
24115
269
6088
7736
17363
21990
14678
2418
31714
10075
27024
25622
29842
31553
13998
13428
14232
25918
13780
4998
10606
7884
25613
21423
14081
17003
12461
16466
11149
14005
4084
24457
31640
23449
23520
27111
10362
20974
23136
20316
4838
24808
2495
7855
2936
28448
20028
6506
26647
26906
27294
1355
30184
32490
7582
11833
27894
18539
11670
18448
8294
21767
8987
14872
24848
2613
14569
24232
71
23232
11064
4518
4494
2529
32479
31538
30259
28742
3816
12167
23681
9076
31245
31905
10034
25558
6389
7895
21281
18070
8472
9744
11681
28576
9564
15551
24273
17872
26364
4198
17615
27605
25835
5636
14182
15963
28405
2922
11492
30750
11495
8288
15729
22771
12704
17015
17161
29273
17081
23652
14288
19485
12714
15728
30360
15368
11087
13326
18294
28177
2186
28880
27045
28598
14630
20595
13174
28541
10093
12003
26460
3964
1001
7618
8743
6597
16713
22743
23307
24219
28014
9109
5675
21403
31569
18311
20622
7280
2936
15487
1550
8136
17968
31787
14312
8643
6599
435
29888
8974
7469
29254
14882
26307
9482
23867
19572
6151
14153
11176
19384
29600
28261
32659
7213
23283
7543
22967
11515
31182
1827
31366
11518
22416
29210
29368
6742
3502
26600
20531
2178
1342
6252
5726
2218
22126
24226
24136
23240
1041
18628
3530
4151
11873
21321
25423
14823
19448
11841
10493
30047
24438
25449
12797
29546
32627
30045
1952
25251
4024
13566
17596
29313
22843
24042
10249
23752
7442
13400
30862
2333
20919
579
16864
27977
13018
9882
156
32372
25118
22407
6284
3109
14994
4158
16520
13896
8078
18275
13043
4933
18524
9868
11589
5934
6481
25152
9893
3395
31912
7073
21004
27821
17111
15068
25754
21758
17289
22013
5287
2227
30875
15086
20865
26364
32726
25572
8512
23329
22344
22759
806
6165
10819
13968
19549
13465
13469
12343
12487
23047
22383
23085
29323
28832
29119
29370
5194
1344
5061
3438
4127
11863
23331
22861
3109
9148
32129
27837
1475
27476
3843
27136
15244
3579
8867
14360
2638
15958
18467
13552
24699
13237
27262
3985
12278
21695
25583
18434
31098
7687
28563
31625
31825
3460
30574
17030
11944
16627
4702
4599
23380
346
27643
21427
7441
8455
31516
9175
6857
25322
20453
13446
2169
12937
16307
4027
20019
11092
6598
1518
28822
20522
6574
30384
671
1857
1761
2370
14589
10443
24528
26431
1641
29302
16201
24076
19789
14029
8226
1087
2903
12128
24495
11311
7951
28774
3886
1055
26420
2451
766
2386
15462
13371
29756
12703
10092
23639
19422
22638
5111
2375
10046
15312
28443
10262
2371
8640
12458
25531
11608
13269
17970
24675
14134
1247
18699
17153
18787
8213
7379
17232
20980
3702
6224
5897
26617
18592
23856
19414
2704
30367
19199
23742
10230
3821
4349
14050
10185
25351
24391
21501
27236
20189
3327
5034
6190
4381
25541
27142
24798
24118
9557
18158
17767
3918
23554
934
1830
24512
753
9093
21198
10985
11287
19808
12762
26668
5907
17868
14398
23823
31705
1223
4782
18448
20751
22692
11225
5235
3390
9403
28663
24404
22749
16759
20977
3804
17244
13950
3166
4366
30117
15461
28126
11545
29878
9425
30677
21109
26425
24471
10333
11717
12599
28082
6309
1033
21816
23848
30784
2385
10930
25241
8479
15585
1316
862
26441
21464
24864
16483
2522
3609
27043
25279
14392
3016
7846
7373
28537
10005
2564
303
6581
26240
25384
9278
28735
4085
31394
8964
27406
26239
31810
12454
20558
25674
2652
29973
27052
24989
14072
25757
2025
28419
25467
493
16945
26887
5122
16087
25818
14225
1435
10191
12911
10166
21945
7242
6686
22646
25899
8033
1231
11113
11016
12520
1949
20344
28783
12837
27886
29446
5359
1016
29061
17083
21418
31573
9819
24866
10893
19883
26259
5529
26899
12727
13825
2596
17431
32754
13495
4675
3074
21440
28403
13664
20244
28865
23056
8396
16460
13108
31163
18613
10590
16835
15729
4122
2737
13209
10464
3061
14719
2108
11324
19773
122
4467
17599
5562
27767
17946
26330
24177
28873
203
5808
15390
28069
19064
23007
16828
11010
4693
1475
31511
10573
20126
19625
13573
31019
1249
19670
25720
28094
5890
6066
9907
12563
25636
5245
6338
6243
8406
6226
27535
7305
22259
18872
199
7571
1404
26159
3937
15548
21199
9020
18917
4370
27013
25574
30460
22839
6180
30131
2849
8877
24746
7642
32580
2320
19239
1861
6122
13674
20400
25379
7855
2929
7398
21932
17124
16696
22527
14160
26892
9035
21306
16999
15971
10645
13867
10214
3069
32397
14818
12571
27535
13910
25896
4672
20276
10888
26686
5984
22669
7293
17246
31288
1285
10341
23510
8994
7084
21043
2415
11452
12963
14536
538
16718
16153
12993
2500
23967
7085
25700
22194
29475
25657
26675
2628
533
10055
11739
5519
18404
31150
845
25550
6889
29163
10188
21450
20502
10062
13112
12879
23325
26617
484
10402
27008
30391
31165
19137
31529
16128
30835
7153
28303
22883
9834
21707
15565
12423
14679
15088
28748
7722
25810
6080
11392
24227
2735
30685
21054
18189
6762
3982
12120
9790
9927
21269
29352
31441
26395
2687
31821
19908
7081
408
26598
17
31063
5527
31272
30322
13301
24638
26346
9874
23022
23619
3229
20534
27825
7722
27684
11577
27264
14120
27313
18548
18418
25447
30011
5004
30062
29517
20529
22053
10835
5190
1581
17675
9900
29378
11607
4166
30765
15732
18894
5798
1951
627
31280
25171
17785
15606
28970
16771
25467
13869
12103
25771
17370
24608
11041
26965
8084
14049
13587
8441
22437
14977
16323
12156
30794
26932
884
20825
15394
13638
9336
29395
23068
5898
3342
10912
5503
29962
1121
17848
10550
21736
29725
9282
15783
6761
17324
19467
4889
16018
3916
20381
22042
27229
27467
533
14478
308
6782
28118
2698
17681
5117
13000
24281
30789
14484
24920
5815
29856
8777
21549
26304
26204
32389
3703
9439
15916
2148
15558
17696
16162
6319
26823
25561
29894
25570
28431
22738
2169
14891
5206
21569
17991
1912
3133
14792
2193
9419
20810
13137
15102
5328
6820
17442
8271
6900
4830
29484
24717
24317
17312
19286
6667
7780
1428
6683
3788
17576
1510
25450
2144
21025
15485
8603
13979
15255
6085
6444
10126
14013
12300
5290
29899
7124
24072
5128
24436
17662
189
18442
31802
27046
2648
26679
23827
6538
28855
25404
18532
12241
26627
15819
8057
31785
14075
6885
22131
17919
6880
22570
13635
7713
6561
12976
9336
25737
7111
20312
18289
27583
24566
26043
5445
27652
10611
5838
23835
21318
7086
19853
9337
4177
49
5631
25664
6388
17956
2925
27328
21042
8676
5464
16323
2364
8199
27670
19413
24063
21410
25639
13599
15949
19725
21515
26828
24256
24175
25279
20633
18003
17178
32079
18600
26613
20500
12582
7356
31809
18113
19913
31185
9146
4150
17806
30575
2022
29158
17465
10204
11521
26093
26111
14888
19
8495
24285
3917
27561
24771
32389
31144
19108
22878
29706
30095
9210
5582
21405
14772
29608
16008
2463
24092
31090
3380
18319
12634
10645
24450
32552
21406
8128
18215
17785
11765
27736
23737
9046
17004
30977
25871
5240
15720
2370
4844
7477
15897
13582
4735
18429
9185
10858
13045
20311
26530
10786
22637
27333
5170
13222
13326
18469
1197
14816
21540
10865
1416
24059
23635
14988
32629
18022
22802
23836
23513
25972
19539
18046
6382
17056
27377
930
22552
26756
23190
7822
3491
29566
8077
18045
32569
31956
14570
759
29300
31523
16842
31997
21080
30848
11962
13611
28459
30665
26545
9241
25215
5675
24593
7332
21959
25182
1870
5155
17392
2898
24023
13371
126
2506
14468
18304
2092
799
26267
13888
331
18150
15615
3998
15489
236
26144
23113
16858
6346
13463
2608
24234
5269
6661
28762
9405
20820
27166
4168
8120
15254
15512
1293
19775
13660
10539
32554
30070
31780
19072
21768
19781
10698
12175
28878
24896
12165
21008
25112
3882
19809
29013
11499
17993
15887
14503
21028
17995
5110
18080
32584
31545
9936
1737
20568
17947
534
29317
17571
23446
7606
25926
11910
31744
26520
8952
26656
13507
14283
24699
8085
952
6875
24090
15455
11299
19238
5559
19756
32349
482
30205
21986
20440
28410
582
12470
2622
3296
26077
23500
15489
27479
3004
3534
29973
13096
32327
12911
20728
4083
6136
10544
5297
8381
22828
2129
21441
13570
9725
1164
29308
6549
24259
30506
19447
978
21796
12962
13221
1149
2993
5185
24114
7347
994
19897
25284
27282
8209
13674
5657
29783
5856
27645
11753
1985
1074
20066
20632
331
2651
10458
29603
9866
6469
14103
11540
6556
18391
5216
8098
31622
29758
16105
9527
20398
7875
29775
10601
32053
27620
9445
25108
15826
29867
32655
29990
29275
2109
13705
23816
24251
30985
31414
14969
30516
12473
31923
21622
23177
10424
23316
27188
2839
22478
11764
23608
31027
6663
20001
14075
20335
16156
11402
25294
9796
5024
22678
19912
2192
16786
26627
5629
18410
7638
27086
4458
11325
16567
32116
29630
5224
29003
23610
8372
26359
25728
7906
24271
24599
7007
19694
24818
22940
16174
18875
31626
13900
11276
24236
14751
13026
3834
20772
13760
1310
17348
1049
12937
4585
5324
2018
15776
5780
7611
17595
27999
11805
11713
5974
4320
13758
22062
27995
2576
26771
3184
2672
4282
24680
15035
25905
25467
18964
29944
19860
11742
29974
28576
19667
14386
4676
11869
6652
31097
29634
21804
25416
11212
9022
8014
30536
2421
26252
21516
23497
21530
4239
10009
5353
7455
8518
23019
13790
30938
314
209
23170
29706
31546
31069
713
16609
24254
31365
898
2477
7054
8287
32436
16204
25488
17831
25556
21966
30825
10271
5090
2784
28208
9290
4978
11313
12019
23418
15879
274
30692
1666
1224
27459
28907
19389
15365
7137
14227
22404
7470
3509
22035
18377
22844
8335
25138
13941
32161
14563
32242
17152
8606
1938
20169
28870
30831
2064
30016
11883
18072
18915
24778
13618
14517
27315
30435
23804
5712
25452
16385
6749
26729
29844
25710
4793
25163
19364
18784
7074
31249
21990
26975
13639
23906
16203
18217
10152
30812
23705
4277
7734
14679
5328
18618
12540
8402
10656
21000
17461
20615
4368
30542
7
16553
11974
2038
11954
5701
1721
2217
20625
8614
29709
9259
10266
7513
29574
16210
25358
20500
15461
27427
14376
10493
1586
26372
792
2694
22127
18154
11219
28657
4429
8359
7611
30390
27636
938
29762
21132
28216
10712
19528
4487
8325
24047
16224
22703
17519
19282
20269
26452
23599
7556
20815
10715
10771
32727
387
20936
7170
20413
22279
4416
23850
5722
6289
3139
159
15562
9620
13014
20242
1585
10993
5084
28779
10604
8914
24695
1521
543
4342
13412
4189
28521
19513
26460
25427
16852
1716
32482
26973
1363
8119
23193
24730
20964
858
12985
32124
17509
16775
22574
14211
10173
5463
13557
25574
15342
1853
29842
29411
465
12446
28480
11172
14657
29612
31313
25378
28273
31304
6231
6332
31793
15639
20893
14676
4477
29659
24889
5089
19411
21684
22146
14193
5493
9345
2314
5515
17022
19245
26885
22052
30527
22338
13629
9724
17356
8025
24770
15893
6198
29631
23285
32216
30021
24206
17774
26
8061
10727
7815
29446
12369
29558
27537
3876
22711
24430
30257
32577
27567
23305
30002
31070
26217
17690
6892
15320
17534
20037
1361
13664
6175
9169
5395
29570
20883
6889
23548
13756
22158
16417
23984
12819
7989
16886
25061
18703
23979
22229
12477
13850
21524
23113
15087
1492
20344
6681
30215
6989
32760
21601
28733
21801
21185
7672
22079
26454
15404
18142
23753
19973
29427
25414
29221
31373
5115
32466
3140
12125
22027
3911
27067
28863
15585
10147
28351
22452
22990
13345
26916
28173
7714
15260
27442
9144
22342
937
3117
10181
9480
9765
20056
4109
26956
4582
28913
8117
25934
9743
10086
29320
32741
21415
13234
28351
22984
23529
12228
11725
13247
171
12650
11552
30502
13472
25659
16401
26228
877
18614
28841
31079
7101
17688
18563
836
4098
3062
23065
9153
26588
26384
2133
2148
15154
32422
16973
23175
21318
19211
11629
10415
3807
7910
21300
9371
8811
27622
10498
11856
9195
11912
23164
24255
29797
24116
10459
16585
24009
24174
15135
28713
24075
54
1162
17584
29821
22081
23305
9227
6663
22963
1240
29494
3776
15347
30060
21022
27848
712
26515
32508
4893
7419
23783
7098
12208
7719
29021
28532
29290
21975
14783
18239
21689
18220
16696
19997
12308
30539
3841
21637
32564
5812
7183
10628
10128
13212
32377
32539
30503
30295
25727
584
14981
28739
580
2134
377
30533
10529
5753
24330
20019
30711
12422
13649
20006
31154
5916
14190
6024
32301
23882
8424
26028
2562
3261
296
24540
30348
7701
6966
19786
31970
13863
17890
4054
6315
19635
24750
17143
18534
12976
29018
19049
19768
24274
15904
29022
20417
15485
8893
1048
30122
14841
16372
16676
668
5851
17733
10761
25999
27644
17860
26162
14221
6394
122
4396
14930
22949
4049
3331
25887
13907
26163
11480
14087
4501
2647
11976
7069
25430
24156
18394
12795
14515
13282
23171
19599
15363
721
16556
17235
69
18822
29687
5084
2725
10679
20698
20142
23563
26608
10790
24168
24535
9313
13517
30478
6216
14172
24523
8863
3833
24830
7378
7732
24840
5937
2104
11621
21397
21269
14681
16902
32085
25161
6028
143
8807
20822
17975
7030
7382
2247
31685
23533
6199
992
17801
27162
27140
17314
2151
5555
22585
10286
21889
14497
31814
17020
16948
1290
327
3515
17388
31119
1765
22838
6314
24717
953
13732
3160
18553
10280
9383
30279
29842
10343
9993
29300
12185
8387
29873
6845
32661
1191
3471
7232
4667
27850
20195
28963
23498
15253
25552
19862
25066
1543
23536
4501
21501
13232
12262
7639
10696
19239
15891
13980
25521
26330
2166
23710
9749
28007
20157
26600
10035
2299
11946
12466
23854
24060
15755
323
17960
17515
1776
31559
869
27760
13975
24997
17698
29965
14414
21678
31221
24884
13782
9997
11824
7935
24379
4967
4401
1454
11707
21531
12083
2409
5748
16869
7428
7815
8296
26769
22909
27965
24890
241
4243
30849
6258
22920
15083
31184
21168
17247
10278
18891
15262
13889
18805
24779
19230
31447
31733
28520
21737
19802
20625
20398
16790
25490
12195
4850
30752
17017
29754
13691
25475
25339
24090
26089
24314
18612
27836
17468
22322
24385
2119
6055
19665
22901
27487
31389
4068
21195
10764
7432
25494
31873
18344
14414
19566
8507
1511
17020
30949
4046
14338
29700
5045
12726
4723
15965
7437
22341
7253
24595
2134
7323
11948
28801
10613
23968
18526
9909
12087
263
32406
8213
12182
10004
18429
12187
30369
27502
23098
21527
3517
29782
2351
6512
17953
26123
32
31730
4849
956
29190
12461
17605
21161
19103
22691
16626
5920
27378
13603
2045
19945
3740
18611
14722
20655
28993
1523
31719
115
21030
884
14395
31673
6046
23463
18347
7010
10218
691
29809
269
3955
5873
24224
3851
32406
1928
21849
15062
17215
20297
9547
29774
12990
10168
17211
1211
28306
24349
16145
23903
7022
937
11185
4307
9636
11680
1946
26215
15142
31172
29571
28362
31974
11002
12332
20644
21770
19686
11029
19282
19632
24999
6193
7932
17519
26174
8276
7644
200
16084
25714
24147
22955
3864
8932
15497
29471
28964
28850
630
4247
28096
31698
28075
31893
23105
15638
11616
18887
25483
19390
5084
30693
6602
20670
6433
6188
24089
24821
211
31606
21957
32604
1678
26141
29291
20990
25248
9425
24577
9406
29543
5528
18713
15781
9780
17858
12899
21287
16110
18610
19640
24946
8763
17871
23366
8362
31974
26092
10257
21691
32216
10331
1956
6665
17788
30111
18768
30593
26525
22258
32718
19174
5515
23502
26492
12304
4702
17155
1937
32212
12798
4753
14822
23232
19412
756
15102
8825
17577
8488
29232
7896
15817
3316
25649
5733
19476
6613
2505
7884
14103
10065
25583
3656
15962
17192
6741
20833
11164
15005
24212
9203
30753
29434
13999
31319
7715
25969
19689
16222
24895
1121
24308
22353
15078
6810
16826
10825
30193
24799
585
7009
3451
16580
25598
8379
12514
22528
29146
25414
22234
21498
10906
2722
22573
27054
2116
6299
25053
19582
26586
8985
2597
32693
31496
29367
5075
26138
4587
23741
32628
30711
26819
1367
20585
3532
9119
21119
26095
5447
10016
30202
21546
20405
3016
15156
8477
18507
10034
30571
9554
27561
12532
4489
13030
19580
19464
127
14663
26759
12443
10648
5584
15315
10268
15030
242
28225
21222
17087
29497
15024
24190
28590
23855
16670
17456
13803
5751
1187
14591
3098
30344
2358
26165
26119
21412
6574
11186
13016
1918
1590
11526
21853
8426
22
641
26999
816
2748
2231
14123
14036
3043
5703
3737
3192
3470
22982
30306
6049
30021
8240
5003
13660
1231
19396
4624
21273
11023
3145
9370
22962
22795
4362
19437
18222
17595
27777
22453
1605
13220
29368
25942
8458
7014
8615
21419
3282
30724
6094
26132
60
2256
4218
21929
26781
14408
28523
13413
20210
29410
30307
25918
19423
14615
22336
21051
25111
17105
16067
31416
3445
28022
720
32559
6908
31588
1264
25071
12644
16115
17131
24784
26268
26171
1284
4236
17945
17346
26695
6913
10618
1015
30148
15607
13301
28514
31482
19815
29500
14494
26517
21053
9859
22014
23682
6238
29603
22811
11691
5785
27412
12937
17494
19467
28030
21900
24368
27988
27993
4565
18599
4309
3212
25935
30901
13484
2120
9588
16717
30399
5258
21639
9857
28226
29500
26012
9774
1801
2874
20742
15732
20944
6062
5990
14764
18142
6610
3176
20387
22395
6237
15312
23941
14122
23683
29892
7232
32519
29360
26225
12904
7419
17818
3079
27369
23859
3382
4056
30582
21113
9628
10801
28029
31029
32597
1689
25726
18143
5456
19974
12201
17931
7488
2250
13398
21351
24243
12392
22354
19442
11760
4387
24394
24780
8570
8096
31688
31643
21660
21189
10836
3872
30775
13797
5217
16156
7919
6375
16215
14024
14494
11415
28096
13179
14827
3066
18512
22305
27830
4655
2328
1064
16834
773
20154
30787
19490
6970
23631
19482
28616
12106
11341
29320
14697
26835
29330
31970
25603
7014
11366
24882
14748
14019
16691
8189
21151
396
29469
23133
16756
17193
24018
22578
24213
16594
17297
18218
13296
16941
18989
10960
9686
27305
31763
3091
7427
4429
19604
5996
1529
11955
15216
12187
504
10205
21851
828
20239
19817
16340
17586
25069
22719
7142
27489
29792
29408
921
24161
5042
17161
22258
3255
10109
4913
1812
18071
11660
31732
13769
21746
25461
4861
8000
17558
14680
25865
6991
15576
11595
31155
30798
27172
18957
9992
23937
26434
29385
18444
29181
5939
17614
3247
661
8162
20193
22912
23276
10123
1315
10471
29531
31541
13727
27367
16270
23672
14205
7190
22793
21216
4209
4702
24826
4856
18320
2453
21807
20381
26346
20640
6743
248
10319
26972
18696
20009
25835
26273
7845
15526
25914
29046
17667
25641
22814
14068
11108
32519
31540
18437
20631
522
23895
25750
7568
12799
23674
576
22688
15120
29688
17385
824
32632
8797
9808
26937
17999
21641
11162
6703
22858
28575
13967
2688
27896
27866
27797
30859
21754
9579
27293
30222
1095
31682
23829
14992
9780
14207
29658
21737
20208
22586
11448
2468
14669
16075
26671
8432
5438
1501
9932
21050
943
14070
30632
13449
30919
13862
19311
3217
5987
9193
31478
20159
31111
7151
18123
12948
25442
14645
22457
6611
1192
6289
29531
8711
72
13294
30010
12593
26050
4041
22640
20536
15869
16348
24995
31110
294
3470
22199
499
1167
2881
3437
1948
12132
4710
3243
4406
10644
21013
106
2713
23092
9519
3563
31418
16284
15474
31097
10525
673
4150
31780
28009
31650
24885
31408
27971
21990
10886
316
26040
1267
27586
1448
7408
20682
28560
32013
6077
25704
31986
25027
30489
4584
29711
25990
26789
1314
7924
9542
31205
26305
12763
16098
270
3576
19131
11170
15452
26881
22139
19036
29560
24787
2983
24761
9558
5079
16768
13506
11703
31133
5764
929
19653
5765
16382
2876
5798
11759
17548
15328
10675
9106
14709
19599
24544
17986
11671
11547
18776
6340
2224
8751
15786
10970
6333
11518
4377
8351
30867
2538
16670
29629
11481
7842
18820
21724
1713
18828
5203
17285
5608
5213
14405
18942
6680
7601
6520
32004
17892
12051
2887
29491
5391
31932
1441
29094
24238
20771
19396
11591
31584
30064
7177
2778
22204
21224
26447
1181
31121
3188
20018
2856
14816
13374
31668
6756
26640
24721
9435
9592
21706
26373
20437
2546
10776
2921
18248
361
26513
1160
1526
13936
15423
31207
12390
4312
10890
17616
24367
15420
3964
15946
20476
15389
1195
30079
6200
25326
5327
20527
12563
6886
12460
10345
10830
8101
6568
18241
1383
9306
20143
16008
19573
13975
3359
29914
16169
23730
23368
2505
17297
30874
11828
2275
4292
26621
12473
3050
26713
6738
6420
25085
9934
3287
14423
16188
3124
25611
25716
19889
29603
11603
20354
12298
30916
17454
21223
16118
24255
10154
14323
32555
27098
19434
6950
1274
14595
19509
20772
26808
29613
9568
19846
15016
20238
17515
1236
28232
9506
14211
22500
6446
26819
23875
25890
9794
20281
20144
13428
8511
19990
15077
8566
3736
9741
8549
15808
14090
183
21006
30156
25230
28056
952
14451
5782
18877
18111
20533
8360
30066
975
29104
19405
8362
9849
22591
19890
20721
23558
1395
18752
17929
12830
29015
16542
22582
30225
10145
8357
4939
20348
7762
14233
8562
25803
27063
7621
17098
31962
5524
21773
29665
28753
31827
17272
31607
3446
26882
11994
30670
23522
8199
6205
24709
32258
13833
22070
12679
14811
12053
10781
10688
10923
7436
7764
7573
10133
11195
11503
12534
1391
24321
8495
23639
24413
20301
28632
20845
22227
9298
13830
2816
17800
19488
28696
14416
28943
3782
12222
16866
18334
3350
10962
23717
13070
29900
31742
8580
23454
21706
30961
25126
32759
32603
5372
8641
27442
19695
26397
14582
29329
4481
2314
4286
22689
10084
9020
7870
30381
19661
5476
25031
16423
16078
17824
10194
430
22502
25729
15755
12733
13114
3649
10109
24854
21677
2518
5323
32488
6592
1559
7787
22238
27485
24592
2871
2844
5098
27595
7018
24956
22036
2224
14559
30416
18120
23967
10979
19340
27190
8848
22589
26129
31963
4493
7518
2090
706
6555
8076
10896
14990
3094
15066
31327
13730
23941
24776
5445
23671
31398
28864
18927
16452
27982
22388
7390
128
25381
17048
16001
24330
31945
29235
27436
9280
16336
18259
21802
6828
4055
28081
19874
8620
19846
31652
16749
1583
30705
436
18581
10084
4043
8530
1697
20404
11192
26195
3030
11428
31721
8939
29472
31055
12691
23649
5497
24858
4612
12163
10634
5276
13178
9027
4048
16120
2961
19207
26426
21856
2678
6882
32660
2255
31554
25240
4266
14934
14657
13386
26067
24631
12099
9489
23926
12990
11195
15352
5447
11136
28763
18972
27992
32328
10998
7653
24664
31195
28908
5861
9380
27724
26647
14830
2045
30436
12860
7908
11898
15621
25454
12099
3939
28377
1485
9506
25640
22807
4582
2719
18906
26979
10203
19420
20414
25082
22884
6922
5524
1148
19514
17275
30832
25967
18104
32377
10520
6343
32586
21555
21013
7776
16166
31373
27374
7697
23416
11667
7804
28941
19291
602
11122
25901
20626
12365
20077
31542
1501
26615
14961
5929
24658
20208
3044
113
10399
1226
23955
8902
20028
31554
19018
20218
8530
25247
28874
32130
27251
26479
15132
17004
16604
24868
21349
26451
19671
4406
20871
5616
345
4418
28491
24629
9381
16516
2686
16020
21472
551
32336
19032
875
2423
8726
19485
1460
16286
26458
21808
3546
13505
4906
29304
24262
22636
5219
12891
410
30219
13047
17997
18822
32730
24818
24664
21228
10840
776
13236
15034
3117
12980
2215
7152
29683
5477
31783
10258
13462
6032
13517
10093
19473
31819
5523
3016
27356
4426
26918
26154
24499
17400
8426
21933
22803
12255
5583
17369
17216
26564
26991
15200
21958
23492
5783
15156
18185
22715
2721
16903
28687
31973
11725
14804
7163
6005
21259
24335
27547
8479
30895
5640
16809
23943
28409
7438
27137
14579
958
31125
25976
12567
22852
32110
9177
23043
88
11226
13996
7865
24891
30201
824
13485
2709
10943
8396
26165
6762
16180
26907
21143
7383
20261
32467
28372
24653
13976
3209
1267
19801
2291
3579
32101
26680
16722
25986
13718
1028
9000
8368
17778
22597
150
15011
7272
9748
6776
16368
13623
17282
942
24537
24090
7899
8193
29141
28400
771
3516
29740
23823
16685
32092
4006
807
16429
15779
6287
18048
25718
1391
3934
22341
27341
31855
14752
2199
6763
15508
26503
28256
16313
26840
13553
30486
2715
10131
16076
11251
7940
20048
22095
14272
6796
18931
28371
11688
7950
21437
14320
24075
26618
1484
27048
22870
19990
20324
21440
5723
834
32559
16260
4477
2065
28403
24064
19184
18338
8806
1022
16777
23141
5940
22516
24810
356
4138
22202
30776
6524
10822
6458
23080
22634
4457
10168
26224
31603
12500
5116
10844
20941
29037
22052
13375
5783
22492
14205
2624
18127
9340
8040
2737
27994
24630
25508
20296
25542
1695
9633
25962
30681
17563
11395
7608
1960
3811
32161
14845
19969
7134
7755
20739
32462
3014
27502
12869
30415
9859
15732
22799
6607
1583
22853
20607
24797
29035
20283
6847
27103
13643
31830
14528
11988
26565
5289
15185
30834
794
17305
23721
5092
24056
26260
27816
29371
1060
3181
10146
9554
18226
19888
9436
9856
28485
30544
29174
11787
32146
9368
22860
5903
11099
21954
28017
19284
16880
20565
9672
21714
11547
9413
13389
1660
27956
16201
853
27028
11273
18053
19288
10971
14065
7921
11018
25734
9045
18694
2257
18858
6368
3198
15157
5575
15842
31536
15687
12151
23933
21427
32714
14808
8218
16250
14984
14080
30498
11247
7046
28415
11121
18930
1849
12215
21334
16230
30550
19528
488
20489
25591
3688
4290
26519
4070
5787
16758
23053
24816
20314
26312
28094
26909
17350
6961
17669
2768
30483
8678
27994
18032
26223
13193
24510
28546
7045
10032
16213
20776
18357
10162
18155
18588
31428
27414
17396
31431
22205
19209
21805
8180
3500
18120
25504
20098
28326
30081
13643
21213
6488
8950
24139
28358
11182
4973
17906
9004
26473
21849
3060
14781
1681
30748
30411
22935
20540
26744
2829
20746
21823
28504
14797
15609
14190
6916
31900
5481
18483
14654
20292
14058
32461
19220
2467
9674
27417
15740
25466
17084
31764
5871
9227
10569
30423
22123
26713
908
23580
28922
23288
8878
12067
6133
11909
30540
11398
25973
18554
23882
21417
974
6951
16766
31037
17383
18
1746
17316
23687
20424
21792
2054
25863
20718
18152
2384
14113
6805
9376
18971
15841
31778
4231
16618
12603
4653
32031
16658
4956
26182
29803
20569
683
1175
22003
20667
30291
6593
31100
9978
21729
1814
9307
7458
13453
32440
12354
12225
509
3928
19461
13916
21823
22901
29802
30488
26551
20612
21014
23710
12306
17799
31013
22308
4194
237
5502
25784
5089
16487
19289
29832
28624
26964
16978
3612
14443
19851
7423
4915
12837
30888
24451
17658
24345
20080
28883
11457
10155
25670
26102
25099
5525
7589
16309
28227
20833
1938
18180
1828
13721
1213
28241
5627
12110
885
3026
1660
26908
13939
10589
23023
23943
30246
11864
13457
29255
794
10973
18228
26685
9477
14217
4031
448
14156
13317
12123
18693
12761
22966
7021
15846
14595
14453
32436
17249
30390
4396
28115
9456
2379
25035
10957
22185
17723
26580
8393
21054
18213
18913
3075
29434
7221
22527
24069
26337
28619
18145
20722
30206
22270
5182
16357
16494
1060
8495
17727
6543
11137
13587
25528
12180
13849
14384
13029
32521
21689
28821
23628
25880
9522
11463
10940
15556
27411
11908
26191
13605
27805
21716
31068
11775
25022
20932
23464
6331
16580
23506
19059
16190
16630
2785
1075
6724
28679
32214
8583
22945
30113
3962
30003
32150
15426
5084
27550
2236
24961
5874
7215
24134
25558
19303
670
433
18305
18188
6001
10664
18977
5984
2348
21963
29419
26357
22513
15185
21696
29770
28341
28888
16963
15053
30833
16547
5243
906
27801
1230
12163
31171
12758
31420
31311
28398
22432
15691
10048
9186
18644
7821
24790
32613
57
8761
23748
25910
15256
26379
5875
11621
2920
29574
1035
18007
19095
13542
6316
1247
14169
736
26749
14319
21342
18322
23573
25275
7464
2627
8457
19282
25280
9308
11578
27968
28744
9395
8611
27153
20377
379
30677
1732
14538
28843
9775
31910
17497
21720
14985
1679
28123
7374
26166
5900
17010
29459
32763
23004
30639
11572
27925
14131
7485
24242
1661
25453
18937
12818
5681
14472
10466
24717
30815
6517
20268
14233
15299
31234
20312
9143
475
13175
11760
15329
10193
13029
13270
13227
5577
20118
23455
10740
8545
5803
5685
21790
29337
30017
12657
139
12158
9024
28106
21021
23739
30917
20405
18248
1701
3945
18840
25335
28371
19698
22197
2342
17126
16643
13272
31431
31178
15713
4255
19076
15548
4723
20342
16602
9469
21152
7294
26983
7859
5628
26391
219
32664
3416
30723
31797
3845
19485
21664
11197
14206
15327
17241
29026
18464
6641
19875
15159
31526
21550
29821
2194
13576
5459
6624
8910
1868
15501
14609
29328
4003
25605
11881
21019
14752
3842
32045
32579
17657
20570
6386
5533
27334
17627
812
31208
8588
21164
6873
25041
3841
2469
25098
8786
19887
2702
25872
19040
106
32112
24535
13106
21014
20159
21987
32259
11129
29850
30973
553
1737
23082
19768
3010
16806
1260
27018
22889
5850
9964
9646
12447
22312
15508
12745
15432
24383
19168
20460
32759
25044
29645
22909
6897
30237
15755
3607
6276
20373
18295
12128
14488
32566
22828
6694
817
9113
13565
11503
25899
25049
27871
1732
2724
10627
8070
16348
17546
18640
15405
5857
2132
21698
28553
32325
27427
15681
6706
22060
9411
21899
18647
6960
6041
14527
11486
15180
22212
17272
18593
12003
25473
22781
28377
14132
23571
3671
20113
19083
13866
12371
8198
23371
16033
2507
32299
27274
10863
9914
16261
11918
21619
31636
28674
1320
3097
31591
17622
11193
25912
30336
19170
10107
9262
27239
32382
5817
24796
14130
6548
26537
22207
15733
23516
32302
27466
6003
25112
5334
4071
12482
4998
7727
14854
13593
10176
28577
25272
14976
22230
31609
15971
20449
21295
8700
9960
28976
10380
6467
15209
23538
2780
8976
2668
2683
590
25049
23229
13335
14552
2158
28934
17503
25354
22842
13103
24754
25507
2127
12279
13587
29738
4660
13245
18785
4454
21695
9113
22339
4459
22532
16195
25145
9610
13691
28443
207
10008
9149
22758
19918
14963
19231
8655
21133
8091
1206
8620
3841
7987
26145
12707
6175
13858
10417
27850
6029
23935
32427
26984
18314
15271
23392
32641
29115
24831
10201
15713
56
10185
4416
28164
23847
25375
11120
9385
11757
21824
13472
16921
12804
6031
28243
16622
30564
22568
17117
16427
2948
29440
9057
1434
8272
29561
13745
14958
25881
31776
26803
10092
29885
4170
28843
13878
19413
2654
24931
23407
7660
7819
27500
20040
31150
7803
24897
20169
32005
16150
32427
7390
14413
13179
4801
8089
2754
4460
22947
24404
6366
24508
31836
30707
27259
1644
24955
29579
28162
15059
328
22128
20245
30083
11162
1368
18266
26216
27148
24308
73
16735
2242
6582
19744
9647
13682
14328
14681
29796
9829
13975
12521
14784
11430
23644
9180
20343
23623
16534
824
16547
30371
1051
17215
22066
13980
2082
5863
14522
766
32696
24880
19489
22445
25415
4217
16043
13706
12286
1725
5517
29743
8842
15753
20005
4894
12687
4318
19140
6427
29762
26749
30191
16278
7766
4841
31536
15573
1197
28336
8703
3414
32363
7827
13363
15494
7893
31501
8017
6871
17613
18980
21863
12792
15160
7596
9715
23715
16888
29300
27171
6439
21261
1427
24555
21350
3502
26692
6421
31842
4280
9077
19802
20533
14151
30616
11918
19933
28657
16769
26667
21935
4468
26692
30180
8529
16386
15639
19528
13873
1357
28899
25001
26732
10999
359
5771
27558
23435
18538
24162
397
28885
9417
20263
16987
18230
26650
4971
20993
19987
3801
23834
25118
12500
10933
6229
27045
24586
15808
18732
26671
27020
9774
31771
5423
17450
16565
161
13314
11748
23901
12664
12254
133
642
6583
3148
11487
8678
16556
16961
23009
23977
10989
26512
14859
22190
16367
20749
23407
6988
22644
23865
28381
10327
27227
1687
2548
16606
11213
32496
30938
25353
31112
11149
25185
27355
22204
21567
21682
16371
25019
9824
2407
15622
19514
5280
22013
6944
1607
6610
7446
20571
20033
1624
27834
30352
1421
12879
9676
26642
24838
8268
29511
2884
9145
13610
3150
27739
31354
186
28149
19107
15739
27318
9154
8550
2262
20712
11711
7677
7500
29255
9011
3673
22988
14043
25886
1716
20891
5736
27624
8723
20052
30054
8931
31090
1521
1791
14619
32337
18797
12203
25984
19759
14270
31986
10572
23785
28055
401
15554
19926
12481
3037
7405
29999
24178
19708
15809
30829
4634
17818
806
4572
4623
20452
3238
6377
27430
10508
2048
16575
13529
19010
3941
32263
6190
506
6673
9013
10688
12605
12074
11325
32014
9114
18908
21238
2345
26500
32738
18244
22109
26294
19617
29086
12123
25145
27899
9755
30400
20948
1042
11123
26211
22072
8749
22931
28382
27644
22044
26475
21939
32549
6116
9472
10544
5759
16266
8535
24826
15577
15171
9886
14735
7850
6252
20354
29264
20541
3599
18569
386
14071
20861
32254
29088
1365
13984
29091
21681
27393
27293
16053
25965
1083
6283
14643
2105
2303
11518
20857
30593
166
4975
31873
2992
5729
2096
27064
6850
17757
6658
30035
365
14571
13390
6920
21022
20778
28688
29669
9766
14913
28443
2460
14680
9554
25034
950
16587
13571
29930
31011
30437
776
3975
21096
22643
28793
17652
8567
18547
30052
5062
9696
20489
26968
27790
16066
28671
7362
29482
31447
10470
29849
23841
13792
18884
28339
3348
17239
27130
7489
16514
28876
4591
32206
14146
21061
1234
10655
25834
15193
17402
11791
30170
28769
301
1673
15218
26458
19104
20776
15388
13078
26895
9450
26567
9015
7822
31013
5402
25612
17592
3820
29354
10952
9785
5561
9937
27749
21755
10508
8954
26014
18513
9787
25189
12626
11403
14823
9786
15832
32174
31932
29940
28092
10117
18553
1071
4743
10235
28781
5163
31690
20245
5505
20589
13997
8884
17945
8918
10866
29797
5944
14021
20428
5248
15694
13418
12116
24403
15628
24730
25988
6803
28081
25421
22006
24461
138
10695
18694
6803
25911
11761
16595
28000
626
773
14246
6555
23669
30187
4675
24348
16207
11628
6277
6181
22812
9029
14415
32669
21301
31991
19113
14651
8039
16506
11119
3784
32027
24054
18240
23327
25388
29487
20108
2816
30067
22281
17595
24759
24799
4615
26986
28723
19405
2074
24529
13162
30487
14240
30582
8397
12169
9559
3471
6774
30258
20099
2485
16692
21375
15717
1208
7742
31277
7282
12555
4709
17652
1735
9896
24856
32398
15576
13813
30285
25294
1356
30788
24633
23511
11236
26643
21056
29638
27057
25097
14999
26134
30113
29001
13289
8736
24388
26252
23192
32379
2430
8268
27150
18524
26435
9246
32570
30341
31215
15638
3540
4963
12737
9633
30603
11914
19065
3406
4356
18175
2837
17168
20592
6899
13316
7331
15758
22389
17412
10384
16264
30552
22083
28863
5479
18065
16060
25073
3161
20231
25128
21025
28853
16778
1442
1059
25861
27304
18195
21749
11970
2274
27428
15517
6317
24662
8126
24487
14292
32549
6565
8920
11414
21280
17854
609
23787
23342
14553
12987
27010
30270
7075
22926
6622
28056
11429
3666
9362
1704
27896
16710
1815
5200
6873
24423
24639
13519
5392
20216
25960
22668
14464
24006
12427
31194
14379
8078
19368
22987
6026
17867
21710
30220
21506
11281
29811
28487
17866
27938
19244
30897
3682
7007
13699
19747
21215
26797
14206
14414
11332
4837
32482
16887
12935
11349
14048
18342
11292
29776
31233
23675
20842
31061
23062
22509
20849
14815
9465
25379
14332
20829
24514
23758
12318
28110
7692
5401
20049
31096
31405
22551
21295
18537
6832
2111
13894
23638
14861
30595
12962
5883
18323
6292
15210
9772
11449
19441
25171
10819
295
31688
14711
8390
15685
14381
183
10338
23268
24112
7973
20961
19779
29943
2548
6886
5824
11310
7166
17595
13469
27745
14738
4374
21827
30608
27212
19582
16279
15662
12115
5527
1471
18224
26742
15194
3508
7185
32547
20982
31380
16756
19838
21493
15043
22903
21809
20532
27814
30670
12006
1397
13590
12906
737
1582
29456
19382
10492
8212
29195
9461
6648
13793
6059
25562
31923
2018
14935
1291
32207
1012
27570
7978
11987
17079
1597
10203
14386
17625
9678
2960
4628
30472
2007
28354
30153
2731
24830
17870
32100
13811
522
11998
19995
32494
16190
27475
28377
31576
4729
28613
12833
30637
29770
18931
20041
8375
2292
3363
10391
2431
30241
11376
12996
29027
21233
2929
8527
19949
29405
11673
19187
1088
31360
25970
18456
6033
21379
5585
2205
31146
12473
22360
31290
17159
16267
27948
14994
2255
21897
944
25573
27577
9598
32698
8168
449
31199
22938
1444
5496
54
22185
20353
4256
482
990
24837
23130
30393
24499
747
4213
14497
28167
23103
26590
754
5769
21457
28488
9910
32686
11993
22807
11422
11230
23002
23870
22441
27141
12621
18254
15326
29586
19041
30817
724
8376
30859
16778
14758
5633
7964
21462
21659
27244
22750
20742
26948
26039
7606
27854
14070
12752
5866
14849
15872
20535
26757
2111
6188
12429
11367
2314
13884
15161
17538
758
5243
17693
13225
1886
11630
23613
27431
20251
20985
15388
10165
22254
32110
22876
2737
22012
4810
25303
26372
22927
13904
32760
13601
29488
7569
25200
15231
27811
6991
3721
20419
789
27954
32717
20699
21980
14342
31825
31871
10220
10920
15622
13091
22017
12785
25817
8642
2487
28818
26383
24547
17568
15078
21876
5392
26800
19327
12189
29856
18781
9565
8830
15252
12002
27138
26892
28794
11346
3940
23983
12827
17719
17197
28012
22637
21469
12566
26212
17698
21692
29471
24765
24247
17636
20717
32563
1482
22732
8963
30359
20756
1180
29625
18907
27403
23831
19250
29185
7426
356
7417
16762
24
17898
16126
11954
3770
25683
32111
11250
23202
16746
21067
3573
16738
5461
29080
23932
17022
5256
23540
16777
17845
4203
27260
32410
3734
14708
8524
12562
22751
15773
18396
11306
7057
7357
3400
15199
25255
11446
854
19232
2531
4929
12302
9734
1643
20902
25326
11076
14364
19735
22277
16397
26138
24450
18795
28110
2398
5042
15303
16661
10226
6160
2483
16813
15359
3263
20513
13060
20399
27588
20779
26097
24204
19797
17382
12410
27634
31936
17289
10587
309
27098
18494
32378
13029
7080
25116
22655
1544
31486
16366
21206
8646
31648
18821
5473
8453
30667
1581
20323
15206
10539
9304
23247
23912
9422
18927
6135
27976
28488
5065
13964
10208
11838
16795
9787
28357
1114
29383
23371
26339
27417
9279
12351
26352
8821
27641
22437
14525
22382
14197
2280
3972
8976
19405
10171
11168
30117
25373
31729
7914
11052
19324
6599
2051
7234
23027
1626
10753
5721
23937
6541
8987
17970
1765
10562
28146
8604
28560
9001
26098
10164
18783
6789
27889
17906
19633
29168
15206
10223
26707
11521
1328
26860
19383
2639
18134
19044
19675
22183
30230
27240
1994
17965
6407
17276
9253
17763
1880
13991
3610
14098
10522
11936
13515
7676
19219
9419
24425
19702
17558
6496
18946
27840
8259
6773
18996
19919
30092
9150
13335
23692
32557
27289
16898
17984
4199
28990
2912
2622
31124
30029
7938
21009
18958
15647
13715
13785
0
29984
14524
12416
29723
3986
5111
23847
7303
3656
13961
11986
24211
4516
18788
12383
28159
17453
2891
11842
32560
30745
30269
31598
28032
24306
2720
4749
15951
28292
17561
6812
31872
19861
28715
1897
5779
10114
7046
16159
7805
31260
6921
6143
19981
18499
12705
29266
23787
30278
22954
2130
3576
12580
8184
28900
16546
18889
18298
10920
7592
28858
32062
17083
20317
23055
424
15104
27403
26085
31824
27286
21005
14676
2070
15460
15170
4432
25159
7372
7095
30957
8640
865
22639
20943
17355
10538
2094
15501
13091
6103
1318
6399
20458
11593
11217
13510
19168
24728
25843
24037
1094
14573
11998
19180
14734
24218
14989
13005
7889
16272
31262
771
6091
1409
22861
16415
4555
9259
11785
15387
6595
17216
17300
18719
28539
10689
12884
12695
20193
14445
25076
12031
29352
15369
7245
14245
1201
11844
14513
21937
8867
32040
12456
30337
21002
26805
29091
10736
15986
15722
7115
14932
7504
28785
14588
22448
30337
19432
23305
3515
23646
11435
27764
11850
8765
16851
30056
16729
17599
613
28455
31250
12206
1667
5546
29239
5079
1603
28053
3409
11118
14547
17738
7366
31376
18685
26837
4412
32584
387
23808
9233
22608
12822
5508
30485
14592
23218
9533
19410
10522
26102
15841
19704
19433
9461
18296
212
17693
6524
29155
11520
13225
16337
29871
3473
24781
30090
8503
16897
13691
29204
18111
15962
5142
7729
13568
7013
4878
13857
29603
13097
5401
13640
31679
8893
22096
16351
9524
6320
24616
10878
27191
22480
11445
22164
29506
25902
5673
9424
22513
12094
14900
25300
31616
26542
10868
24588
23693
6541
21514
32101
14541
4707
1397
20764
5027
19236
19890
19067
19911
1684
6247
17902
8134
16953
12462
29830
11624
2844
26023
23795
13995
26010
5031
11742
9316
6865
3464
26641
4217
11212
28285
27380
5291
21911
3736
28979
8071
23282
11266
25724
9248
16063
26939
20341
9893
1412
4477
4448
26346
13582
18416
5358
18714
21360
22981
7751
28149
20820
20372
31969
18277
2480
22737
24656
2855
8288
31900
12350
6724
30661
24259
14342
15479
25614
11176
6718
23594
31074
23179
3409
14997
18746
3821
3651
16688
11283
32575
18787
3592
9124
6397
23235
29088
27404
18806
18229
8732
11304
27865
4019
21419
13119
886
16324
21622
27567
915
16780
26414
22024
12348
753
7146
20278
24074
22739
15725
18307
30932
32130
3565
23844
7186
22870
28901
16358
7391
7666
22260
20269
16627
13177
31730
32088
3507
11072
30902
31211
1682
17917
11488
179
19977
13854
4746
12219
17364
5845
4858
18932
31974
20644
13117
1167
2801
29604
27443
16615
8933
11197
29299
27142
10503
634
2759
16032
1244
6613
11727
1014
15113
27612
26255
25065
5562
7133
18206
27169
10885
30205
4601
18977
30437
2466
22874
30205
7124
25755
1598
15035
10085
31944
30034
6941
21374
19860
8549
24129
19760
24965
22628
26939
8762
21837
15102
24284
25658
469
14132
18412
14140
25445
14769
28218
6595
31723
29206
10938
10154
19850
13355
31097
16681
2155
11136
3559
22207
13823
12088
12156
20596
6428
9013
22465
4302
12833
11772
7464
17479
2425
19341
26331
18762
5131
14404
23620
1844
11053
1044
19291
20879
1927
6038
10538
15866
3106
11983
22674
10290
24784
16663
16507
7974
32578
21572
15481
17308
9094
26246
12829
8598
10219
30522
28221
30629
27736
18808
27685
205
30881
10624
12579
6836
21444
6147
29968
28672
473
28474
2095
24890
24376
24863
3724
14636
2843
20649
19773
12252
14699
14695
14723
30370
18435
17812
20111
21355
1763
867
32343
16571
29583
10358
3314
6783
12778
28034
16932
8873
4322
21977
25530
23181
10654
23375
2562
13108
8265
31883
3917
24520
9838
18627
20766
15392
11913
10402
21131
18407
5804
6358
6742
9857
1080
6644
22048
5063
25729
15686
23224
23031
11881
18704
25080
7385
29255
28492
29332
13066
7079
24862
14648
15967
3797
14863
9844
12143
6677
32434
29637
14682
11138
17742
15911
14600
18892
6036
10232
19773
6322
31591
7874
10024
4789
21080
12828
23854
21002
19949
3237
27269
5247
2357
24747
32599
3948
4880
3422
2334
19308
8029
22195
19428
16922
25077
30266
19575
24331
23274
16618
15062
10861
14548
29398
15557
5996
1783
25729
24963
11722
4752
483
22502
5621
29948
8308
11821
20352
29667
2829
31325
4543
31137
3914
25958
14864
11715
4321
17292
29643
31648
21916
30439
12448
11922
5552
16818
30578
26421
29361
20538
7258
19743
24395
12518
18733
27652
31103
22284
8426
17464
11861
16683
8762
9654
20016
857
7398
4652
27698
338
30627
3612
17319
22723
18402
24945
13979
10460
28143
20476
1671
1176
22688
11189
17981
17035
24886
11683
19822
32518
29949
11265
4086
24833
24262
21913
6500
12395
7663
10178
8670
14010
19131
29322
20326
24220
7999
17117
24792
30519
6730
13981
27940
9049
12055
1189
19582
1913
28202
11278
18910
27121
21469
2428
669
31859
27120
25086
6825
18371
752
30045
1571
26725
20343
8989
815
5610
19743
24765
12359
8573
11133
20047
9683
253
15745
13661
7697
22360
19929
12033
9383
19666
2607
3897
11831
4158
26459
13076
15663
22775
410
25189
11055
8491
11720
2804
27325
27214
14430
22689
19892
3993
27231
1122
2159
24567
26324
27063
2651
201
563
17268
13104
27378
18364
9853
5257
14893
26440
27558
22837
12629
6423
6788
13074
18722
31065
9819
3593
16669
32629
23343
28432
31249
28006
24014
6930
766
998
20234
1146
13100
23208
7552
441
10856
22810
21255
17929
30409
21825
6130
6783
21740
26301
738
3570
17422
25188
5214
27639
25967
10785
29188
28357
13407
26038
28608
27955
23220
26972
12419
13892
6362
10738
30898
10593
223
14293
3002
27563
14547
3726
5858
13231
1918
23973
3726
19271
2453
8905
2075
10692
4463
21357
23745
19195
7020
20767
21342
28840
32491
15228
18457
8300
19416
29728
27660
24249
6313
24442
29602
14345
22374
31276
23293
10112
28620
9633
25915
22599
2291
31113
15819
13179
22368
32095
13674
6107
6028
22573
15267
26656
14023
27579
24726
16264
29738
417
29555
5185
8589
5404
18109
5769
30234
17282
13225
5759
23874
8474
9119
4766
7773
32302
27368
6524
24546
5316
1866
19560
14042
16036
27861
23731
31510
5391
26098
18785
20121
28978
31648
28833
25021
12219
4356
31261
30523
30470
28674
24837
7559
21978
1069
30151
31167
25911
27453
10480
25224
30219
5972
593
20436
32292
15582
14701
25649
7302
8999
12691
25770
23509
2768
16262
13580
26991
3819
14603
21115
19021
13670
28470
31154
28156
23642
20156
22508
3972
7577
14408
26864
23910
19014
24665
14644
22897
30478
5059
7773
867
3362
32216
14012
19173
8936
3001
13937
28799
31189
17035
22692
17843
1457
1253
8077
29953
16180
29528
3185
10996
28211
12934
24893
4436
17394
14107
9446
413
20056
2508
18498
2681
10970
21481
27324
7691
4753
891
31385
13375
234
5822
17494
328
23138
11585
19052
26396
20380
25386
6707
6852
12887
24906
12842
19542
10679
20281
11589
27284
28552
24576
5388
31382
21963
22223
2833
4770
19305
17194
3130
868
30325
6535
28365
20795
27515
7696
19588
12295
14546
30254
32367
6718
6996
22963
9558
5212
22490
9009
4325
28057
4979
24573
9545
6054
26263
1394
9120
28665
5995
13224
2514
23775
4177
17528
1305
21743
923
11094
14114
13724
8250
29903
29401
32676
6511
26735
12924
5626
10467
20284
178
31711
19577
18868
20645
24179
16755
11008
18950
8623
17271
18353
24835
21989
22644
19700
22235
2843
12540
3802
32308
15960
2260
1386
29677
12308
29831
2004
16109
9098
4388
11052
9059
27901
31717
9433
13202
24812
13025
19805
24854
14487
9534
27313
4253
5896
8631
13327
6906
5786
20985
11058
26472
14515
32413
20381
1356
9839
9253
16857
10613
16870
21643
18959
1941
22981
31211
20642
13504
30574
16230
9996
25307
24
11565
21991
19551
30436
16513
12125
29516
3198
2991
13047
12950
14144
20908
5125
22180
24095
3177
15391
2265
995
1708
2395
13543
8078
24791
12540
28019
16198
19220
2176
6242
20339
27474
31148
13579
20527
15953
12461
12418
15685
21374
13767
8614
1520
3883
20133
17470
35
4715
27652
2659
14931
11779
21419
18599
21822
31062
17921
10142
2474
3715
14612
11155
22465
25268
24304
24126
1289
10916
18398
3588
6628
18895
19671
8600
25670
32255
1960
30088
23061
13183
20824
2667
14766
12129
1228
12347
3869
20773
20480
24414
13723
17919
30690
13611
27953
27169
26722
3419
22043
17282
32597
30387
22629
7759
22387
5324
15395
4181
3994
9398
28788
17073
10457
19502
4303
9593
7173
18872
26133
2700
9915
16517
5872
10627
1092
25051
11932
4480
7974
20332
21762
28528
18286
9718
31826
32538
17369
18801
24063
7087
16483
808
23632
15882
5839
31527
31119
19844
7868
29554
22827
27655
15727
30900
16406
31409
7908
3047
5290
11335
11234
3438
2768
6272
11260
19531
31748
19726
17221
16703
25049
12333
30491
24444
27902
30169
12909
18000
2702
19244
14247
5418
20976
14808
4990
19778
12725
22468
7440
20468
5232
18340
22264
2640
25375
4135
9904
22221
10023
28883
5716
5752
970
31451
20869
26854
23003
18106
7040
9019
29248
28485
32763
5975
28974
25097
10409
27126
19354
605
21253
3750
21987
8279
14815
27613
6634
31053
11748
12162
25936
12719
21804
5191
15966
23858
15573
24469
23582
23264
2577
10118
20439
23503
13417
30970
28535
25966
4843
31581
21103
944
4571
15939
4258
15936
17222
30794
15060
27854
11651
25571
22972
4911
32407
27314
1863
10373
11808
9020
3624
15181
14231
3650
9216
32757
29126
32709
11609
11094
24850
891
11023
32213
15441
29132
19535
12290
12007
21967
28537
12975
29694
27100
11789
10733
8754
21376
23397
18240
5170
20129
17974
27148
11514
1622
31706
13593
3538
20975
16182
20992
18547
32516
1064
9228
27317
11098
12337
15630
21217
32016
28727
818
29871
29907
2927
7396
4286
24839
283
29711
17853
18830
23030
11213
623
28347
30404
6137
27868
30782
8600
5134
25179
21874
12068
6535
29529
10327
16883
22234
8357
24704
4807
23675
25398
2288
2348
9960
7762
32027
16153
13247
6420
16177
103
18547
3194
30286
6683
23640
17680
27553
11291
15975
14235
23994
29655
27845
7071
12134
14986
21410
9226
30629
24414
11873
23164
7757
19329
11661
20779
28141
25117
10298
17148
16337
31833
18071
102
23148
31987
1689
23258
13613
6719
1585
10038
23613
17472
5632
17640
27344
10468
13164
16098
23847
28739
25750
16312
32455
9240
25095
30442
16381
13772
159
13944
23343
12185
30609
27297
22416
22524
29022
29098
17564
10478
222
21651
5367
5617
16290
26876
16189
21908
10615
2138
14050
15238
20735
15854
26325
25502
23569
32179
10199
13806
8906
3276
7122
11217
13008
6569
3631
16016
16318
1860
458
23579
18584
7505
18518
19505
6005
7335
4573
24888
24843
456
22564
25040
31533
4746
8114
10647
2351
5946
13981
17412
10759
7572
7069
3362
26344
6586
5492
18573
18476
1351
32189
17210
6241
5816
160
32435
13601
13596
12480
7392
32412
133
1501
23510
31785
25351
2819
32673
10096
30219
29145
2495
6914
15765
9967
25232
31961
19035
17563
28514
1248
376
19710
21464
25320
11425
14265
6370
17959
28932
5660
3199
28541
8607
26939
5291
15022
12672
24944
6860
15129
23174
13529
19759
4773
17840
5175
26969
5562
5112
13409
30537
773
22002
1391
18728
24706
10271
8925
15160
26452
7525
20068
4330
7418
23302
14708
3326
26570
16730
25717
155
5035
27875
2244
4785
31945
9199
28566
23046
9341
6518
31940
24987
5900
16562
16732
841
30615
4461
9500
15940
27686
26381
32727
15415
8631
18665
30326
6231
32669
8247
24998
1827
16841
15522
20022
1087
16293
24337
5741
7967
11633
31013
16220
14698
6175
4254
24209
25727
11689
30575
24992
4188
6427
22170
6479
12756
3568
27494
14844
3702
13054
20021
29187
21909
28465
23081
22497
16653
27476
9139
17685
15288
27025
3126
11883
19354
14697
13436
2503
27448
13396
2564
5974
28249
13591
27328
28521
7184
15880
24451
14538
21117
21509
32116
17110
2385
19030
32484
30694
17921
20152
10452
4971
3904
7370
11549
12532
735
16424
30416
31085
20709
28369
9728
13613
12172
11887
998
15698
27203
21934
22290
28725
15236
19551
30881
15669
11047
794
25907
13374
27275
16739
25871
23364
1473
2534
26466
11893
1155
3343
4587
24483
18577
11905
19065
25215
27636
27395
23578
27507
21879
2026
9431
5633
28810
23392
26738
3
19475
31349
21774
4459
14373
2174
5255
1237
29654
19211
28891
6230
2494
8357
20392
6155
31027
30108
21340
11671
13849
522
32495
25361
6051
16893
15100
26642
31565
18959
2217
15974
10711
19953
26041
32457
28969
32346
20802
17206
8430
29224
18445
25828
28798
14079
22232
7977
16248
907
4734
5371
20370
31001
29811
7476
19055
21851
24875
15601
4228
15594
3268
1620
16974
24750
26436
22711
2611
25913
11272
30740
10063
31526
29004
22285
11328
29911
32616
31677
12366
2945
13447
27454
31400
27790
22218
2899
4981
17566
1827
7647
3745
12413
5723
17511
14095
8380
22242
23733
20509
26909
20438
26656
121
28142
19979
19221
21775
11691
28377
8546
28468
26599
10253
15001
32526
8246
25659
18074
1256
3005
16588
16324
24549
24825
19561
25722
27061
14779
24144
12351
17851
31332
8083
3876
30363
32748
15558
18353
27397
16301
27139
28258
18304
28711
31263
5469
24170
5560
27072
5909
18483
22262
25749
31649
29001
14262
28843
12920
29143
26178
18934
24530
207
29716
31693
20404
15710
1312
6965
13112
20548
23680
1014
23894
24745
7766
15170
19238
14643
10186
17288
6375
744
27014
8284
19184
32666
12123
9589
25391
414
26200
15279
8697
13453
6390
15011
5779
20182
3179
21040
27496
23136
14732
26740
6381
4391
28617
23534
16023
1962
28100
18391
21152
4829
18295
11759
28039
25244
12384
8181
27800
23933
31187
5569
12835
32534
15392
25833
19412
16001
1020
17712
19917
29693
22938
3881
32512
15125
28659
30965
19241
7270
28392
31637
322
5834
10226
5278
15172
21570
12039
16864
32142
6277
1604
1462
29800
7330
1604
16564
32262
7499
13288
24538
17259
9495
3620
3002
26758
19755
22083
26068
11398
16419
11761
32603
9187
17441
11907
12279
31080
1565
24528
1520
27365
2971
21598
25206
30902
21458
4277
1543
1535
23760
32386
25989
11480
6735
30836
24433
12900
6311
27914
27002
8926
28928
2778
22822
25442
31162
14717
25068
24249
20994
2489
8968
2925
16640
6721
10659
4794
25461
15426
732
26758
3569
31701
24310
7361
20106
3367
3059
19340
11771
25406
11824
19311
1374
31283
828
15583
27277
31574
353
135
246
14118
16373
10824
30281
3300
25754
22294
18724
5204
26112
4107
18495
2778
22979
22451
9822
16046
16426
32343
32466
18360
4416
13267
27858
6127
12753
265
18926
25874
26252
21939
2291
24074
27530
211
3430
32650
13184
1233
9605
7411
3494
23554
8406
8665
1548
18513
18564
14159
2231
28903
30423
28846
1593
15602
26315
18342
10093
10957
31728
17514
22307
6850
5244
30017
19221
23195
31868
9200
12638
31444
11521
7493
28340
28048
19418
9911
17675
3440
18196
18402
24801
31122
20397
38
6716
2568
28968
31202
22426
1208
20749
32263
25000
23941
5273
29152
9133
13365
11141
12619
6238
24159
2738
11611
11404
3208
9367
31495
19322
128
27751
9520
31775
11616
2941
32463
11484
16316
27540
2806
2170
15501
11504
26845
12647
18807
25701
24956
14746
9377
16936
9161
31395
23236
12766
15467
2960
9813
711
12889
10648
1540
7441
26204
25788
24247
31266
20443
11608
14270
14915
5136
31470
27018
25957
32126
4805
42
20737
24572
9097
8651
21280
20675
1010
8583
51
15341
27043
18717
10887
20201
21079
12592
22737
35
15129
19707
23471
2131
4967
17164
26131
26882
5444
8237
8304
31074
8103
29060
16103
13296
5612
12449
5125
26466
3156
21109
23848
27651
31043
4270
25288
30225
3492
7565
23854
31805
12330
22182
24764
6280
13084
11331
11864
14774
20146
1064
30869
13233
25420
25909
19104
30017
31804
22571
6615
4107
9286
20242
4467
14114
15758
14150
17783
9360
15873
30026
4641
11764
13990
23468
11601
7066
26526
2128
24403
9742
29324
26588
17160
11700
804
19827
9677
26475
14610
8340
8377
17411
22885
13433
8173
5093
18572
29476
21128
21241
23332
28098
26993
1929
11030
10536
32107
10287
11275
17712
16716
10111
7053
5572
23030
2584
5264
18686
29303
10487
6587
28039
24345
19585
19234
32311
22517
16456
24269
28308
2537
26093
12106
26701
29431
8638
17117
22023
27869
16407
5106
26717
2044
1361
4898
4456
2628
29025
7228
30010
19188
15299
11630
14018
17752
24207
15716
17381
30818
22231
22900
18677
23015
400
19243
24664
15559
14067
12655
16551
15375
3942
18723
28661
26610
19691
13008
25995
1556
16589
18
1495
24669
395
27531
23811
17985
12632
15894
22477
12648
4025
5719
26337
15000
15799
18890
15439
17503
22132
6156
22440
20550
6526
4295
32081
9058
3731
27395
9731
18983
22905
22005
29807
28278
28225
20572
12853
1206
17045
3620
8724
12513
26956
14552
13256
20750
23297
8846
7815
3322
32546
22384
13716
23024
25707
2518
7359
2417
15558
16558
10483
15876
11089
8888
12573
20913
26716
29648
11253
15236
31746
22838
20725
25768
4351
23829
14221
27734
17971
12615
19240
26486
32100
30584
27571
27855
13007
4889
16593
12215
9164
211
15565
7926
18644
28988
3358
837
24774
4078
408
10885
4537
27374
9205
20393
17034
2138
17438
9028
4206
14538
11661
22239
32748
27920
30330
21870
16551
20663
13660
1010
13373
13646
14729
13813
28179
1648
8267
30094
27490
23726
21840
16209
26242
10492
28907
10602
10892
20863
23835
3358
17966
7681
20538
29801
11705
5589
21245
12853
3239
30525
10334
23954
14244
27715
3949
16682
20081
19892
26155
24456
20256
30276
3012
23676
1020
12826
27174
22750
6157
4178
14151
17938
9456
10148
15501
6169
7056
28463
220
10407
20281
26142
28439
13618
30742
17631
30816
14748
3644
31972
20303
14259
9851
19612
3492
7417
26248
6411
6157
31770
27185
23254
20610
1097
16494
11968
22789
24248
15623
22864
23975
3710
16664
14942
2284
9670
5209
23805
22887
17700
31013
32377
30293
10259
15305
24891
19741
29054
12649
2523
26645
28729
8960
24338
22563
15117
28418
25649
17630
11964
17759
1044
19082
1889
11048
29040
16879
11827
6805
31652
18787
27965
21747
30506
935
19917
18220
10719
20195
29691
16470
11883
13848
21720
4881
19078
28682
14005
27759
25080
23885
6640
4991
3408
29852
24892
26216
16176
7488
2125
24167
2212
28724
14986
30397
27674
9406
5554
24356
28540
31560
31307
23834
31979
20469
16508
18592
3418
28103
29003
15668
26458
24499
8883
2534
31817
15334
15516
15779
30820
30044
21422
25424
7607
5460
7444
4880
10571
5909
11142
8191
23947
23248
22191
14969
11551
12372
620
11096
6409
26533
1735
2261
4050
6411
6260
23344
20032
7518
28664
8102
19226
5947
5688
27960
14039
8734
2100
28566
15709
6216
10337
8422
23109
25105
18938
27258
17524
28221
2219
27777
17697
13132
6137
25169
3537
12118
27820
22228
13708
11962
21760
12939
14260
19737
7716
28595
27958
10127
21732
31562
681
7476
10020
23988
659
3165
4487
1177
9386
26817
27420
19655
19333
19867
11320
9813
16027
732
14496
16186
17214
23267
22515
1806
32037
31396
31686
21006
4082
484
1261
19323
20310
25730
32635
1489
20389
14844
12922
24239
30331
29237
10024
4853
26932
27034
11261
8639
27694
23592
25207
12888
29749
18010
23306
11633
19798
26757
14346
20990
26682
23286
21235
17391
195
9013
19055
15895
32557
18683
4638
7769
18282
5862
29027
13965
8321
24297
659
24969
2431
18354
434
23334
27584
32556
20109
1168
12517
9123
1262
16018
20893
26703
18075
14668
20681
2939
18
14390
9359
14790
24775
2732
12323
19188
16711
5515
23681
22855
1586
19620
17
5757
15661
4625
6955
6651
28805
4264
23714
11684
26964
26918
19263
8282
2790
9448
12445
17651
21347
23659
14788
22574
18018
32347
6468
3035
26544
20147
18948
4222
14172
4022
30961
26148
26396
12932
12738
18857
3136
7166
19322
6346
3992
7977
25487
2902
11469
11941
14027
24269
32504
10302
19812
2493
12375
32182
6885
14818
2575
13398
3288
1868
30562
8791
8699
16451
28326
30217
5073
31042
7240
18455
6897
58
2379
19414
14633
11682
4565
5483
22598
15871
4640
21618
30714
30358
9786
9826
5469
91
31036
17472
20198
29367
3140
21111
31095
27319
227
11489
16641
21687
16999
17670
515
3350
13788
6030
3932
16042
5675
5505
3003
6625
8007
5839
484
2119
5492
2659
8422
30478
27166
22672
1895
32018
14683
7188
30957
29373
24306
19362
25550
23608
17640
16889
18229
23921
27616
805
15351
15777
25828
7525
9842
20278
29700
28004
19553
11509
17265
20760
30002
20182
6541
14485
19258
10852
31331
7939
16436
18552
21430
24619
7875
13367
24294
9633
9627
4201
31016
2892
12319
17651
21647
30050
7481
15363
23406
22369
19088
19435
23983
5901
21622
14059
6453
13258
14696
14888
30281
28906
3368
13160
5606
11161
11249
26832
11919
22623
17261
8300
21911
21557
23169
2789
25321
19730
17955
5930
29844
20814
17996
25919
30354
16468
15867
31354
31175
10502
21357
26853
11356
7444
23862
15943
29139
16146
8548
1134
25381
11841
12198
1872
29957
15633
22133
16914
27158
8825
28385
31304
12432
32592
2151
14300
11422
617
31447
9898
29137
11992
1150
30891
1343
24057
31692
13877
18059
1939
25834
8730
20399
30617
31971
9757
21853
18815
32421
26718
3993
27631
26744
21863
13355
2015
32763
31369
24079
19412
25277
24845
3657
13886
22796
26854
19935
22103
30274
11191
5714
25286
11081
20687
8400
18452
13173
8128
21187
20196
12092
6743
12126
25421
31767
8752
30109
31906
496
28974
8697
13437
2257
18510
22404
24120
14241
14695
961
8486
17800
31710
26830
7860
10740
11289
17436
10471
1292
28897
20150
10962
8521
17832
22139
3299
24922
28390
27996
31417
207
3671
15142
16304
13892
21831
25497
6746
31715
30352
3704
17553
11806
11934
29433
23251
19511
13061
15965
24269
24316
18727
13521
14989
15911
17887
23003
31072
3899
21518
27456
23164
3568
15500
19825
6385
10180
26257
22178
17165
11196
1480
16680
3011
28603
11921
22524
17357
31604
13240
6517
15792
19936
4302
23194
9538
9236
8530
8771
13251
17416
4571
25255
19672
20396
6653
987
17887
11307
23845
5000
30313
2138
31233
7936
8121
7354
29662
22365
12505
25707
13588
8548
28507
12998
29852
21786
11969
11462
7486
32517
15835
26935
30881
29785
12692
20083
15613
27800
18190
6788
28286
12883
18781
32114
21782
15094
30622
18924
24399
28902
30142
9164
20874
10301
24157
11802
20278
24006
5205
10581
23837
1796
9988
22858
32264
14270
31290
14827
22823
27986
2546
3697
24878
12900
22614
15593
19638
3819
19143
15697
15404
11312
4490
19427
31977
32757
27405
25489
20857
22379
13788
4543
7342
9820
48
8911
21936
23840
17059
7362
2536
9623
1625
28022
1976
8697
16186
12736
24906
14073
15879
7641
6242
2595
27446
8043
15781
2002
5758
29180
6656
29093
11731
25363
20307
15471
13552
7245
15293
6353
16566
3786
8407
27062
25434
3148
17539
3457
21778
28959
31531
10896
31374
26115
23248
10422
23953
12821
25240
4479
23099
8072
25338
5829
16887
2074
29500
10313
32765
24813
22080
14440
13546
2647
2126
9786
23283
1637
23070
27760
21575
4728
15806
24393
9924
20005
28425
24188
30735
26536
339
22964
12503
23526
17073
24514
917
31175
20741
2379
9602
21894
32583
20256
3808
1104
25899
5416
17284
8559
9894
28236
16171
25254
18333
20009
20988
18135
8118
21567
6015
27466
6549
10949
2565
31577
21918
6489
18962
7344
6167
19493
14840
4412
21470
32632
26580
11392
24151
23657
18528
20486
1759
16721
23074
9080
22503
4463
21189
23208
16944
4920
28972
22811
26097
17847
24307
24870
17024
32043
15643
7882
25759
17549
7692
2113
30498
3043
16337
15225
4772
11950
29357
14404
22045
28798
32300
1569
17539
8328
12993
27890
13990
30779
21598
25270
16332
7018
24132
15937
7017
32210
2126
16932
13034
2158
10984
28482
11456
23077
25351
12135
12576
19691
7197
20012
23503
17063
16611
6181
32225
4434
15268
3431
23066
8609
22009
29665
30935
23217
29190
1101
22001
23925
6238
27050
2071
28791
136
22708
12861
7388
23183
16692
19351
30622
2021
30880
26119
7098
30850
26911
13039
13976
15419
16874
28732
29242
4278
11232
10118
24392
23563
25955
26357
476
22487
10934
5259
17574
20782
29738
11669
14106
24730
1063
325
10895
16034
21266
6698
12077
2629
15484
32715
20413
6716
14787
16225
25699
368
22696
4982
3838
28378
16978
7498
8299
18086
15354
13597
30507
184
2277
24423
20641
22019
31789
13709
8611
2246
10463
21920
21969
6599
32583
19458
32707
12730
4822
19541
20869
2306
27948
14594
30890
31133
15200
20838
27718
12860
7092
24545
25149
6728
20725
28057
23423
3485
15791
9652
25183
7795
26535
25555
24564
3798
29141
19691
10271
5099
3693
12834
7217
9965
30530
26349
19565
10685
12972
21596
8004
31541
10383
3017
28195
17233
1546
32215
19289
22524
25056
29131
14534
14483
9602
29634
4247
453
28895
13648
7580
10276
32389
1341
5571
6309
6541
343
827
14752
9761
6905
7672
11621
524
23447
12619
6531
24282
4331
1531
30749
27691
21569
12667
7578
18731
27694
15350
23159
17536
12182
13008
29102
29304
8382
14663
6236
19896
4331
27259
22807
25500
7937
18039
14052
30405
2162
1211
31557
20447
16810
25146
14391
12546
187
1879
31542
27424
10070
22273
2492
28093
17244
27383
31564
15449
30825
30165
26457
3950
13804
21010
29328
3585
26967
6509
24712
12805
25099
10139
16627
27517
31487
10297
32389
3594
3649
5942
17552
26958
21298
31863
20939
32592
10663
2433
2189
23160
30878
19726
20696
4863
16421
27224
12797
31674
956
32179
13398
24643
10452
29260
16328
22456
21831
23936
2864
20691
15171
2393
24453
1683
12940
10811
11558
11103
17128
25947
1443
3053
7431
1899
22849
12860
3330
22984
18403
16693
10472
22654
23619
5790
14720
21169
27900
28271
14211
18209
19725
32696
29504
23240
28739
25072
12169
20549
21812
2012
28726
5815
17666
21238
25395
31881
2144
1280
28868
30949
28966
21929
31841
6215
17136
18133
27705
14703
17481
23064
32762
12562
6359
1659
15709
10169
13448
6131
31296
31762
5650
20702
14284
12277
10842
6667
20091
3236
10938
280
23046
14954
897
28393
25388
18687
16807
17983
29684
21941
30954
7647
3194
31551
17411
2243
16895
11411
19323
15461
17579
25549
1270
18149
9063
25277
13946
16913
9420
2527
29266
22525
3334
4172
6781
382
22652
14091
12941
31202
19360
28554
11939
5737
21377
10428
26137
25244
28438
2073
28018
14624
10109
10679
29012
27832
5504
30089
26172
5895
9927
4680
20560
6428
30820
29140
4153
13343
25933
4619
11578
24253
4804
11468
13360
4352
16756
32763
3625
8812
17959
32033
18844
15424
7561
5160
20684
29436
22310
16926
4937
12571
28398
27016
29955
20411
12396
6379
6398
28785
25950
29037
32343
12989
31006
26443
24145
2434
12785
10316
23917
24638
29039
15185
27062
26586
2463
5686
7937
21637
23917
17677
25073
22376
9940
31268
32227
22711
31949
11010
32451
32513
10386
608
26409
31504
15645
27845
16801
12493
12616
32237
11244
17662
28007
5382
1852
18564
7464
14258
21744
19728
16974
15815
23730
12593
23024
7935
11382
10266
7610
29397
12057
20323
6683
23469
17001
11346
22950
10166
29578
10426
12876
11851
5916
18080
2659
20390
6139
16814
32557
31765
6803
1532
3859
27361
17669
15140
14779
4412
1118
28849
10444
22352
26393
26017
28344
6084
6868
7375
