5366
12923
1870
17894
21818
13983
3550
2335
14796
21706
12989
30580
5150
4347
31616
11022
15370
31841
727
8437
30407
26677
29927
31310
17152
9360
7243
27088
21643
9300
12348
30445
25494
32318
13692
29038
5866
6416
6367
892
25757
10630
28477
12425
17808
26604
15013
23980
19855
30346
14073
12072
24209
17896
18962
22389
26423
5317
614
16581
31096
16303
12748
29470
10743
19692
26444
14068
30101
27053
24963
13857
28406
4007
8962
4930
16692
17357
3367
24769
17173
2990
18627
29956
18333
24513
16213
12049
6905
25435
31992
28581
10286
24032
12072
11751
11892
15300
24155
3797
5635
32635
29716
22194
12392
28340
18146
28778
9864
13550
30436
24503
6662
1216
3376
12629
31504
8701
4306
23614
32221
3438
9228
8292
30728
30551
6688
29310
4483
15181
20737
11901
26750
16567
26861
13579
1175
3874
13561
13472
14024
15402
12094
1076
30788
21749
23016
3001
4354
19738
29294
13262
13146
7388
16317
18927
2754
31719
20546
20647
9314
16931
26374
5151
4188
11558
30144
22095
22620
16118
23140
32070
9655
28438
30459
31223
27340
3711
21840
17182
16014
27381
5635
24729
23
9400
17052
17239
9075
1784
23486
22523
9992
16217
15930
18748
20525
3829
13058
21186
7827
24
12991
21010
5373
14419
19238
1770
28532
20267
18664
14099
22490
10511
26653
16111
29317
2765
24466
22371
13059
10551
19329
29516
23887
23874
12045
31001
25019
26752
16967
32080
16055
29293
25902
1290
8728
2122
2979
16605
8856
25320
26338
10937
23995
3648
4589
9986
12138
20714
10562
3619
12443
1800
527
202
3599
25050
27735
28627
1803
11043
22840
29733
993
17495
12303
10353
27606
6118
1622
15028
11133
24525
810
2764
10230
11419
6110
17491
24880
346
27064
19004
23622
15726
18846
19226
12012
18704
26500
1372
12613
11313
14963
14705
14071
26919
16900
6765
5964
32331
14848
24039
17423
27696
6116
4957
3800
7026
28415
16972
29417
4004
16525
12187
19011
13503
14960
23547
7270
4087
1181
12727
26142
456
16793
32045
22562
32503
13628
890
1914
13799
14889
8627
14989
12099
12441
7687
25005
26276
13163
12429
1524
10218
2234
1855
13111
1055
1408
24574
9723
25832
1658
7830
16830
5646
19621
5277
13083
22911
8944
3302
23391
1556
27504
12505
23067
7770
8085
15913
3420
11223
22015
22007
26659
20311
32242
7993
15286
8658
32102
6123
12077
30931
31544
29592
24334
12353
3754
20270
27842
917
23353
4647
23779
18703
25507
12514
22537
23355
7472
29395
18866
7909
2869
11435
27235
12216
14918
8687
28512
5006
31883
19528
30618
10429
12250
25812
10459
13869
30027
7199
15985
8710
2195
5928
5651
4999
4822
16312
12757
26485
23133
18376
14547
10214
22701
21286
27989
7317
8816
17906
27466
9597
2452
2516
10530
29266
3657
6592
15750
1652
15727
32336
13262
1496
32179
18185
22913
29570
204
3660
27004
1076
20385
18768
11855
13727
27089
5405
19419
8663
28274
24917
2720
16424
24545
13982
32712
23493
4781
15927
21053
27622
744
8444
23194
21857
26310
17588
19384
11273
9540
4374
15481
15683
783
17312
13359
30033
23540
7403
26246
10253
21863
20482
30571
32249
24816
28184
31476
14794
24105
6068
9148
28410
24627
12805
22322
18344
29236
17108
19781
23247
16104
13250
7486
9353
31120
11884
20257
8748
7202
21378
19325
2395
15393
20702
13125
31067
1654
12136
25628
6259
5477
30959
29692
24524
20605
21405
21040
23601
3947
12643
8081
16556
15501
6106
18021
31373
31674
19553
25106
1239
24720
7729
29791
6767
15086
1216
29425
13880
14242
6992
10250
3746
12749
31618
14869
18387
665
21316
29449
19412
7226
30679
25488
1531
22929
28914
23070
11048
46
19695
32511
22453
15634
19185
29594
11007
2792
30395
23528
12853
14634
23135
27115
153
600
18948
31541
5462
2690
16297
23238
13757
16494
8894
17471
18043
30959
15822
18004
30909
14660
31511
21876
25486
8389
27830
499
28533
23867
28530
8921
15183
2899
26187
29222
505
15736
5929
10194
17433
10905
31957
526
21692
31034
26817
18292
20488
28632
26461
15098
22411
10732
26109
23060
31518
15835
2707
27002
14829
5940
5741
14165
22167
31842
4463
15316
14929
250
30052
20675
26591
24429
27870
4642
26176
5982
21428
14305
21791
241
27598
24756
22224
3993
18245
2219
14803
2152
18442
29065
11850
21833
26976
29231
26147
11938
15543
11003
29266
12543
7619
24200
30467
2418
20188
6746
11966
22536
13593
23548
128
27719
27492
16294
23274
11067
17981
989
2541
28955
24340
22679
3282
11709
23030
23785
12592
25320
19659
18967
425
32082
32551
12403
2470
5990
8982
24584
529
8057
1112
32175
13773
18597
26313
32720
7352
2237
28488
19235
4990
21722
8445
13441
16631
25552
17651
7271
10608
25020
17081
31122
15933
16815
11646
15372
17170
24727
24851
20419
32388
15767
4303
27827
12389
21043
15481
29517
14467
9158
17596
17683
26828
18978
18599
9175
21409
11092
32369
2872
23116
20011
32232
8364
27186
9077
23347
86
11969
3668
6523
6853
14596
13900
18978
24465
18978
25074
25290
30131
25402
8804
11879
14044
22189
21488
11411
20364
25399
17952
26145
15690
8437
23623
7699
13658
29859
13230
32185
3465
3805
69
17659
21095
30858
14439
20137
27560
18135
17289
12873
6530
5736
6811
19754
13935
28763
9431
25733
21565
19787
8454
13869
12148
13988
9353
26635
7355
9568
19785
20023
12019
19362
32348
11571
10491
31609
21812
19501
2109
17617
12281
19357
8438
8389
5322
19522
8006
25031
32231
7143
27288
13688
18863
22321
18463
5220
29549
13010
21258
28216
15728
2173
6204
796
25026
13686
7748
17136
16173
19939
5327
25272
17944
135
23431
2156
14161
20803
11762
8884
5861
29108
10354
23877
7092
14512
26434
7337
2623
16887
4772
9504
27934
25390
10960
26552
8235
11357
12120
24681
5433
12969
24206
11934
20271
20754
10254
12141
32010
14889
8760
17648
8480
12719
15291
13975
21854
12650
14759
22274
11117
21715
22961
20751
22042
19378
28962
16008
25143
12530
26352
30948
8025
17580
28412
23750
8599
22424
24250
1778
7766
1835
18683
10074
9107
16581
19101
13573
17088
20366
21477
5738
1335
24435
4421
13562
5547
3340
4117
19177
2989
6394
10999
10341
21760
19469
11608
23086
30234
18924
3068
2121
3077
17725
9912
4746
27004
10546
26060
5161
20587
20050
4685
24247
29939
9905
22878
20205
6269
2697
20179
28246
21865
18340
16122
710
21594
19689
27051
8886
26308
13166
18649
31831
953
30450
22812
625
8542
6903
30960
3027
3543
1011
19583
26559
30264
19391
29009
28125
25426
19703
15770
9507
26727
29428
3967
31817
30519
853
8134
3381
1933
16683
17243
13224
1601
20892
1317
14307
20669
14271
26217
19879
13613
20373
32649
25293
4433
6507
26423
3750
19796
18182
12508
21777
20504
10933
15268
10893
21827
12613
12712
15091
22264
22102
5282
21121
25858
23575
16385
30873
32371
24656
19031
20571
27863
26458
32374
29540
22989
18007
13265
3926
15236
32286
539
3350
18133
15313
6202
28983
17776
19100
20872
4184
27579
13709
9457
5593
17709
5720
25301
27506
17392
15876
16813
21797
5239
5573
17788
27450
21579
7257
6436
29308
29044
18756
9306
32396
666
13491
290
7275
30746
25891
6036
1366
19149
17344
12821
8898
26981
22108
11065
14607
11000
21825
14397
612
15424
17134
30648
18950
15038
4481
2318
6379
7974
17660
9937
14789
28162
3220
19164
10133
3935
200
23688
7824
13152
8845
19033
8735
20580
32371
19684
22200
14810
22166
10350
31783
30605
26197
16606
12750
6660
3498
28738
18294
4750
1821
26800
30087
1171
20755
23671
25666
22227
4839
5961
7324
17427
8331
31292
25533
25256
24266
28568
9915
11690
615
9927
1676
18996
20011
6712
18797
19857
25679
6219
18842
14273
8435
32312
27923
17515
3945
17742
2554
27315
16139
16457
1021
25935
29840
10378
29048
21093
4501
7102
15069
24579
1129
3906
28912
18013
14167
2277
9636
8885
18783
9693
10003
21146
25089
1054
15360
14980
7812
23072
13964
275
7507
13393
23607
24502
20969
343
6546
5147
17292
10622
7349
4098
2175
23074
3321
1259
25949
29124
30590
27298
14242
29559
11972
31625
20661
32703
6607
23165
16147
3647
24000
23552
3884
30152
30444
3247
14214
28580
2462
31835
7866
30765
26121
25384
11374
29545
15894
11893
18411
3695
21916
7091
10379
8269
15458
26007
25952
27494
275
2158
6048
26973
6123
7526
30589
9921
6682
11531
19560
17575
5361
7160
29886
10343
7718
6850
14347
14294
23996
22834
32458
7093
24545
23214
31626
16653
4361
1928
14794
4990
12900
6397
10202
9519
3380
6146
7975
30617
32650
12005
2445
12984
18917
602
3952
19186
9978
21665
15111
2201
18631
5859
12887
28313
26940
7301
31273
3304
9793
24218
26580
15297
10975
31550
26870
18995
13358
21280
21998
13300
6044
8021
1737
31038
19152
13842
5335
30440
25422
21541
26744
5812
13941
32158
11405
17079
13981
23570
1708
4334
23879
31484
23042
9001
5498
2365
3018
3237
2836
23436
6420
18189
22847
18739
17701
12356
16918
20086
22309
26735
27698
6164
30006
32212
23022
3945
24632
14579
8712
2311
26455
14917
23797
1930
9840
14445
21195
3992
17918
26492
20935
8237
24793
11355
2508
15162
30001
20739
8245
6275
16151
26314
2530
20525
1070
2664
10526
25546
892
11411
12899
7582
20599
17553
20610
11293
21513
13955
19865
729
23552
894
24199
9855
21689
17668
20176
29165
25523
2969
18559
5446
27280
31137
14953
29449
27982
31565
28199
12003
6824
5999
19849
20245
9447
9724
19969
2646
17964
27609
2786
9828
22901
32226
19393
10383
26521
32690
9157
25280
12060
27200
72
23456
29377
3026
12192
32018
3867
15478
2123
18704
3914
10414
9261
26504
18855
21862
13528
11278
19303
4381
4866
7361
26373
30674
20171
26461
25864
6924
18332
1155
2777
18781
12285
4427
17183
13451
19719
28097
7679
23814
27952
806
20546
23216
22784
12727
11365
13793
4126
8512
6362
20360
25578
25722
3861
20432
32303
29596
10476
3501
22617
27220
23459
32661
25073
13260
1075
16733
19447
483
21447
22998
17360
17150
23760
30360
16708
3176
23793
13211
11606
10039
16030
18814
18528
14159
14283
28230
20515
10334
9167
31507
24206
15044
4446
17103
4396
18150
19674
25144
25487
3099
8643
116
29554
15548
1403
30071
9843
32635
13325
23297
22260
10357
9304
23345
13852
12102
27563
28106
15310
7776
5183
12097
13703
30331
3536
15743
24827
16108
7366
25812
10166
27484
4815
27721
25226
23141
1207
17297
21427
17596
3854
1710
30035
32196
17264
26105
8094
3967
10327
14997
11706
12109
26481
27954
29570
13926
25909
2599
12960
29575
3882
29819
12657
31587
13389
7360
5055
24240
17341
21194
30753
2329
27020
22920
3300
26411
771
15711
25648
18738
13271
26586
8739
14684
37
9401
22823
7393
447
7782
31029
12991
20308
17360
11868
27278
30878
18392
12539
340
19619
19013
5973
5121
26323
19942
16927
15631
17108
10513
5413
5529
13460
20973
29043
28988
11901
7493
25529
23127
7294
23550
9594
22608
7098
17014
27259
4176
31886
6788
28636
26552
28863
5614
25041
7500
27046
7360
3823
19735
28936
31613
16894
18952
566
12764
9462
546
4338
5210
8474
21525
21514
22675
28196
15526
27678
14417
8930
28303
940
32306
26985
16562
5246
228
30157
15584
1784
6144
3693
32230
19800
13408
6228
22897
10369
1275
21383
3183
31506
4803
30224
28679
10834
10990
23390
32704
25910
24901
8514
26836
21757
19606
9211
10408
1747
15019
28369
32711
24506
1644
15644
17212
3205
29845
27377
7501
24159
7092
25674
24816
9797
27159
20244
28430
5296
6465
19868
23360
5707
1279
21327
28792
22301
25169
6797
27006
26233
5884
1096
467
25222
9135
27923
9855
17168
17390
27381
20195
24838
32464
1280
12691
24438
13734
10993
23027
16098
13306
12688
7359
27609
32191
5168
6522
404
25588
25593
25856
846
9851
14877
8316
32407
20593
17369
2699
20408
17152
19756
2471
10293
21979
15858
22163
16690
3592
5259
20450
13824
20460
13119
14045
28909
20816
12222
26084
15529
30430
17973
32491
16502
4250
6488
20711
25809
10055
5159
16062
5981
18036
1395
32222
4666
23990
31530
7072
6488
17549
10437
18319
8899
13081
31766
30449
1331
12699
18000
27650
23719
3999
12758
2519
22588
22609
25569
17487
23559
9350
26861
26207
23477
3742
15767
15803
22106
32501
26566
26837
7719
6505
21871
28691
26126
4624
3692
17833
31491
6345
18498
25217
11532
27541
3792
25988
13719
28462
21157
12624
22614
15695
8980
1424
14933
9654
12007
15042
20272
26429
9334
2056
18530
19051
30583
10114
24157
14682
12994
30596
22615
12269
10345
873
32346
30606
17673
14523
31109
20393
25902
4147
17212
22648
332
28142
18583
19708
18160
15225
3138
10068
15185
7724
15152
24207
31640
16092
26451
10367
6589
7446
32548
9499
24196
10857
10948
30488
4632
12664
9965
13261
16935
26170
15503
13209
8961
6548
29284
7104
19204
3204
14747
24798
16233
28728
3459
12085
8803
3716
21188
27606
4594
24011
7325
1256
27155
12830
14811
8215
6711
707
22338
25928
26076
19191
18146
10004
16655
28814
27545
10208
32706
32755
23853
11733
14600
2404
22269
30919
16986
110
9590
11814
27349
3105
17343
12007
27904
7692
18651
4244
27569
10548
9876
22306
13861
12730
7568
18219
13092
17386
586
22167
8832
30194
18492
28389
20112
14070
10197
6630
26027
2294
25974
27145
20315
31029
12500
13944
19945
4000
6107
18770
16085
17551
29442
19982
31346
27720
25838
31430
11505
28272
11762
30641
11163
12991
28109
27317
5536
1253
19903
29446
15017
32424
29890
9410
13457
3631
12921
19828
5068
17592
3462
13170
11159
3897
10049
12258
27725
19399
24762
29310
22643
7486
1321
12794
13241
10650
19277
7511
4171
2596
18858
9173
19697
19262
16747
5111
6527
12671
7401
14999
3085
502
4683
119
21110
5503
2450
24651
23805
6691
7486
30060
9245
2997
27099
17829
32151
28003
25699
5070
7654
2372
4276
17975
10569
22430
28093
16437
16453
24236
5340
25464
1519
4586
3642
31702
6701
15135
17742
11547
21150
12573
19302
22298
24258
10006
20430
4603
3940
88
12256
16310
21178
2626
13244
7266
12280
24948
28572
27206
8514
13979
26029
17045
16597
15274
16519
1594
1369
2452
29762
2074
20629
14923
22301
17494
3220
25183
17638
602
2384
21088
30605
30537
9165
30267
21543
18746
1443
11736
3950
15080
21150
19741
24639
24794
19650
7276
6505
9347
29849
29546
7860
18714
12622
3092
17284
20534
3455
1778
24465
27586
13094
25214
3408
1080
22971
20940
18935
31479
5960
12062
30550
5910
20055
27060
29213
1748
26805
8133
20449
17184
4662
11595
28079
12940
9903
8998
19949
13348
18691
5744
16433
22509
12440
1278
25078
4788
28735
17774
2609
13339
2028
24879
13578
26655
21849
29182
20838
1853
2033
31471
2456
30370
5926
20679
11592
23167
23330
10337
19091
13683
32670
25575
27598
31741
18411
31855
1777
16520
8843
31117
2941
13780
9910
9503
10747
4580
23366
28638
53
6077
5945
15202
20389
15769
1532
1302
15595
10475
20733
11465
26195
22435
13324
20177
27928
16791
17656
17471
25812
27919
14768
18568
11760
21014
217
9304
17731
10318
21129
20687
3823
10973
20369
26147
15061
5162
16792
7750
19638
302
4361
13886
2485
16027
3670
24461
12753
23756
28914
27766
27630
727
26460
23104
10522
4864
26040
9536
25394
16449
14698
25028
20461
31487
22782
18587
4966
15847
21267
5045
32516
6408
6262
5710
12276
371
6152
31574
14513
19889
6597
844
26784
3004
26600
15060
28002
13999
22222
25685
14676
27493
28844
20278
24467
8576
21569
30775
13759
25353
19911
9092
19180
15362
18977
13085
23762
8911
4359
9908
21142
12279
4584
11827
2136
4688
17977
13869
11770
10298
30951
18236
24361
11718
11534
24827
22073
627
15373
4863
26498
1505
16649
5560
16185
17718
1019
12468
2600
10230
18832
18094
4433
6869
17603
929
16437
30105
6561
16242
7126
3876
23459
29629
7810
7933
8035
1533
27169
10545
64
26041
31726
250
23935
20317
8096
4663
31336
23160
24623
2562
30266
26856
13305
28868
16633
28722
6655
25640
31874
8341
19673
14247
6538
12878
1780
24673
30061
26019
11754
13085
18195
18861
7535
6297
19616
15435
11386
4460
12585
4091
4424
16607
17983
29052
4853
12856
25832
21690
23753
25544
12354
23814
7080
7076
9635
13623
5743
29494
3387
3479
32403
17756
3776
27374
16834
23
32336
18130
32105
22000
11931
28282
9551
24707
12484
21905
19908
2019
4389
9350
143
158
5996
4397
24714
889
25186
32299
7013
29878
10635
26196
29244
22690
4096
25702
28090
24949
21376
8043
18181
29281
10275
29152
5946
30747
26008
2137
1344
25789
4608
19680
26556
11136
8513
4406
20311
25878
11887
11274
20520
4473
28478
30671
31064
9370
28153
5354
14666
41
1565
19180
23277
9101
11302
9866
7158
26017
29619
537
11437
27967
12925
26673
704
25018
17097
27924
20738
20767
12991
10024
5286
25721
4187
12609
29651
23975
1052
15941
10748
12080
9244
4954
23769
23666
6309
1601
2964
18561
13690
2302
28234
15388
12706
24788
18068
20367
6241
31582
32481
199
30269
21638
10140
8348
1493
3261
28946
6183
10551
28426
29236
20130
31104
3224
15738
9310
6848
27596
25542
7791
12982
16514
29111
1593
2827
1906
20916
4660
3310
30795
8513
20305
17203
21880
24227
5811
27051
4548
5357
6619
14473
25439
8260
21692
13505
13169
1035
11040
4282
21158
1743
3308
24091
5117
8770
13587
11007
12389
5140
4270
26091
22072
24513
14452
12180
11654
32101
12811
24544
5781
11500
19822
8427
2123
27440
6548
9893
13526
22746
12234
13737
3356
1943
2200
3324
10401
24119
30029
23346
31309
25975
687
24742
3650
1158
13651
31579
23039
11195
28364
19614
22355
8065
16456
9361
18910
16442
19175
20340
20111
22891
18792
22171
16875
13127
3596
28923
9458
17588
10043
20078
19765
27856
11684
4214
18433
29036
3534
31066
26660
15993
14654
31619
601
17827
19029
14004
22040
16054
30437
8863
25548
22500
21598
6423
19622
10921
17356
14648
31959
1648
17514
28866
11242
12811
30103
14532
9211
31336
29215
16236
14884
4050
17601
14665
26031
23578
18539
32051
30931
10591
14213
21157
12876
30367
21850
30837
26866
20824
144
12943
31282
19031
15957
24301
27143
29297
12345
23385
18169
31863
24018
21909
4748
3564
17316
4090
28293
27751
25562
16078
21750
31752
14394
601
11402
17027
4087
14304
29991
32146
10160
20024
19455
27984
13042
5685
2342
11773
6134
12184
9432
16712
19357
6125
616
7595
12780
17401
30234
10571
14423
5661
13032
27336
10043
22931
11627
22475
30655
8086
28640
32051
14603
19359
26574
14020
2240
28698
6678
2182
15229
28109
7532
15603
16154
11822
7630
2359
895
25062
24470
12823
5977
30777
5431
14631
10583
11073
21009
29624
29212
8337
15846
13926
3200
18202
3464
27841
15079
14011
21122
10919
9819
14438
28874
8115
24465
1817
24885
2380
88
1788
1958
21621
5413
8087
10390
10922
27651
14184
32274
27634
1091
4487
23684
7494
14984
27406
3118
3382
13445
27595
19642
16030
1009
28303
28340
1923
8758
27447
5609
20127
12241
3812
28102
4369
5647
32379
31817
20568
19922
12304
7383
14453
13955
1628
26171
15681
15274
12258
21446
27369
2150
3308
8290
30141
24603
7046
29777
25319
12605
6529
5372
10213
19331
10851
11244
1092
19638
525
9786
8960
13812
20800
9598
7566
2708
32407
2962
8397
2157
25148
28112
15590
7291
11028
14889
8686
10078
18133
21955
21421
768
18113
16265
25480
25136
27431
27821
29473
30777
3140
19193
7174
12562
29893
6384
18837
14026
31677
7094
8003
27404
13964
30860
29339
30924
1732
119
19036
13905
5664
31202
16479
18801
4955
30404
2410
31719
28421
2345
9193
50
24908
5786
3918
7153
16803
19588
27703
6582
23772
8482
27609
7306
29115
4951
22399
26655
16027
3817
25566
25612
3250
9960
26211
4262
23168
24751
28042
8104
26452
31686
12808
1745
3658
27023
19091
2679
19506
8936
4048
30131
26040
7641
9373
6470
30938
23713
5078
29054
23668
11188
6124
23726
18060
9165
3201
18947
12674
14337
17988
25638
22918
12544
4127
23622
13028
13490
29163
30096
26752
20942
3412
3576
5829
29984
17292
1861
27809
6033
23731
18122
1738
13641
32295
22081
9634
13342
8036
1854
31736
3002
28731
27000
1377
21932
5713
22028
32722
26717
19535
13582
31501
19218
23636
31036
30020
29367
27485
21908
26436
9687
7956
26055
31856
28938
27836
4838
16291
11141
8661
31378
20187
16798
21451
26557
3320
1306
30198
15767
8871
6736
8398
719
10141
13734
10932
728
25103
17787
2295
29025
4406
27630
374
5374
7413
28415
15343
26921
25510
30539
15476
7608
1792
7799
28447
3153
15811
3096
14290
32074
15063
22540
11626
31179
10091
29778
7304
5324
19436
10875
19083
6135
12200
8979
11397
3791
2866
24188
6198
1866
7409
3877
6052
14591
5157
20842
18706
31282
31118
17412
21321
5296
12192
30563
1815
9555
18590
802
16921
12119
11416
22253
32491
26102
10044
1411
14117
6759
6141
29457
27340
13125
21882
25253
7975
2234
9248
13616
32046
3614
20136
13470
345
4121
26117
4622
1012
15800
15736
953
2650
5894
25698
622
27283
4783
5136
30930
7554
27830
29183
9377
17633
20561
17447
19695
220
2495
30935
32210
27809
26910
20416
12985
22027
17531
6088
23792
15744
29952
19427
7347
13560
14737
388
26991
28037
14143
16644
30778
31501
21114
10687
30481
8491
7860
3876
11936
17384
29689
20047
16611
3381
25981
27672
14259
25266
10671
23401
20073
14714
21987
1998
31953
8111
31735
6040
26665
8632
10987
27308
5331
32095
24350
7830
19221
21327
9383
3959
16585
32104
2150
20320
30962
13867
21091
6939
30287
27606
23111
25506
17584
18271
21631
1853
23452
15059
22739
7563
15618
13835
22273
28435
18316
1528
18721
6007
2793
8342
30721
19347
1170
12347
4682
16753
21361
5037
31274
27193
7092
18896
5888
17315
6330
9304
13553
27107
14316
8536
25328
26686
25509
5406
30293
30025
18356
7910
30161
20576
15655
22356
26980
4252
13161
28746
13619
27124
29647
27730
25330
5694
13493
16961
16123
24392
11533
15743
248
15446
14597
23108
30445
28194
15941
12236
17507
16810
14247
8595
28968
10244
15020
21713
18803
7899
4452
16028
15999
8384
5102
23047
29271
20814
7860
19424
24070
4561
17065
27650
23765
25446
12895
21720
722
29037
27551
2999
17560
1820
18563
2398
11210
16347
22851
15992
30532
11463
9573
13902
5918
4631
27700
8433
3294
22164
12005
9987
10145
8331
388
2918
23344
23441
28051
8777
13313
6847
24615
11480
20949
26896
30660
22506
32335
6504
16600
25936
31250
3563
11112
22076
28071
22551
28483
2597
20579
28054
15449
20648
28029
16669
10499
24472
17350
22150
29624
27835
17970
15149
12277
24
24027
4691
32372
22983
1905
21270
12928
31706
22578
14774
21883
29735
1727
6774
3980
7738
23714
21586
17375
18354
22649
23157
22211
21534
18020
27678
32651
32059
19105
6942
19187
29638
18887
30914
17796
11954
24816
5704
12238
17061
7744
2179
10390
10310
2950
23711
10319
2879
31864
20217
27758
14757
2553
20533
10758
1681
9257
22110
18631
27988
23703
7399
3318
31187
30119
9943
243
20625
4234
9439
13737
22440
32232
14707
4385
21469
30308
5952
24969
17921
6728
24965
637
18984
20272
18836
12958
695
30383
2145
16806
7613
18689
42
24128
24175
22346
25309
7246
2844
8322
6314
26150
22584
18992
27927
27326
15382
1089
16666
9996
15505
21645
24265
14320
17464
9081
4438
32311
4242
10900
3192
22125
20616
6818
5013
746
16458
9198
22669
11960
18930
23480
23687
5250
2622
2113
27504
4261
19551
11603
19603
22142
6238
28237
244
29430
21948
4739
7220
21168
28470
23272
17462
9124
4308
19977
29208
19022
4980
21170
15298
28290
15504
32530
4902
21070
13769
17331
25828
22202
18547
32456
32362
26767
23588
11576
9266
15651
16254
5456
31759
11090
11528
30652
5173
5668
28122
12601
906
15875
6328
5767
21044
14361
13667
31253
1820
10366
9162
6345
13167
14608
23016
3449
4589
16861
27377
2011
14046
17944
1014
25828
4219
1604
24929
7708
26539
21411
28679
18252
27645
4169
23013
25459
7022
28425
24912
29859
18465
14257
11546
5960
20249
4107
17989
5791
20144
27776
4275
13606
2341
24351
30298
2565
19176
22152
32300
6273
10250
3607
1782
23394
15636
22342
22626
21254
19840
23749
15435
3568
25884
28402
13472
8787
24846
13513
20338
4976
11974
208
31694
28915
5943
10809
15597
4914
27611
10853
30875
25998
30629
9806
27855
24308
27407
8434
31066
26383
18810
9990
1239
16604
7382
14662
29876
24302
26911
20155
5269
17347
25684
27202
23531
8791
25164
24082
10687
16869
8451
14779
30815
25103
16036
19366
20361
12876
2220
19297
28279
2971
2174
1802
5625
22542
2955
31600
13881
22437
18354
28921
22947
1310
31722
21989
29392
22431
5998
15102
3460
17640
17924
21381
5267
16807
31928
21471
19236
652
237
8717
4311
14176
3393
29833
14480
24202
24452
30438
27745
19941
14168
13767
22566
32419
10753
7036
22235
22655
14331
32588
30086
13628
3426
10159
26431
9357
9630
4206
28479
2883
4012
940
7861
31978
13338
186
27112
1510
20085
14518
21856
29554
6352
3892
10741
12165
26588
13347
24031
5124
32674
17734
4427
30824
21464
10021
13242
7793
8503
6919
6026
13615
30678
16400
2382
15847
17762
5636
31538
20346
6288
22204
21943
27286
16859
10442
28988
8819
29513
21307
21435
28514
12287
6781
119
30471
30479
25465
12596
14312
4176
29919
25516
3718
4973
2146
18821
13550
27686
1049
13605
31675
13259
5760
8129
12569
16983
28588
15054
11533
3878
20645
28026
32637
15779
7205
19211
15090
130
13756
17702
13126
20771
32279
13959
23830
14581
20010
27345
616
10244
24851
17859
23990
27703
2392
12385
27326
30700
29925
10596
5543
18414
28045
12707
28887
4305
26614
25456
3757
30778
32412
26542
16910
16859
24808
26579
25672
3601
13201
10143
15387
32357
4319
30503
27369
32170
21028
17965
7559
24741
9693
3194
6751
21441
13313
3353
22681
12628
7174
10239
25830
1176
10760
26551
12148
23420
19064
23765
22590
6254
21592
26354
14519
32470
20715
18097
9731
1873
30008
30168
31892
10547
31190
9135
15622
14536
20343
5291
19750
5021
14947
21074
3735
3709
12254
2866
25306
13638
20526
25203
17260
7924
20220
17034
3782
29110
25599
4922
5012
23078
31373
29313
5505
21212
7783
24778
24347
8205
8140
16157
14377
8530
2350
23785
19775
29901
30132
31236
16780
11222
29342
14383
22916
7523
28841
14327
29474
20357
22977
14610
8450
24639
22631
23182
12976
6473
5486
20905
26179
3587
27108
32068
2184
27874
17412
22190
19481
28072
25598
32499
30452
22692
5221
25296
1420
8580
25351
26978
28700
29071
22321
3893
18109
31
9186
22144
15991
20838
6705
12777
19912
67
20090
5462
28064
21578
21530
13755
9595
1781
17964
29461
13026
12225
24713
9734
17091
22801
13820
6773
10274
18346
14307
16365
14196
24899
29335
21656
28059
25494
23394
2553
30460
25876
1952
27123
17543
16273
29289
27033
28882
9819
22984
20593
17154
32286
18734
21915
2945
15445
25784
19035
21497
28550
29309
19906
5905
31814
24829
21000
32030
26814
11952
28233
9484
3523
30318
17316
10475
26740
29575
5828
9147
12669
13716
18320
18423
7186
10876
24194
29102
31977
3775
1577
19019
9911
28745
7624
26960
21646
23121
3192
18217
24153
32686
14634
29283
9240
4804
32676
23758
26883
12627
3566
28124
19545
31750
13604
11103
10715
27807
1792
31221
26159
8691
23115
14815
5039
32521
26617
9861
24424
11583
1195
5824
13687
30071
15400
3961
11825
14661
10018
14881
14028
10205
12893
20285
20838
4402
17431
14322
8867
28145
26266
13113
5586
18762
18081
26569
24801
30363
675
5921
9489
11459
15571
2485
25945
32335
24360
21738
29038
17779
13206
3023
25220
30594
5827
30106
15659
32394
10876
32336
7128
1565
17504
31242
26522
24262
31567
12439
31984
21946
26750
14417
13307
22939
27968
8696
877
9385
15302
1585
26212
1181
7639
21578
26093
28054
30000
2480
25565
2902
25016
10899
31973
14254
20569
9150
20509
4137
4554
2630
6591
29114
31866
15050
19723
22495
32615
15832
17526
2948
18749
27934
8314
22333
25560
10729
13396
31281
23779
20858
23839
606
21218
31309
4791
32261
23202
24802
13953
8349
17643
1251
17971
13398
16896
30826
5480
14494
9325
6262
27290
14537
10076
11312
5055
21297
24228
16177
25423
18169
16235
26970
19807
6319
30239
6486
13985
17591
25920
18696
7439
22364
20587
1293
471
6964
8711
19650
18754
3703
23619
7028
26798
13855
1927
4673
29330
25794
12350
11982
14666
15161
16277
9156
29818
9279
229
20077
21941
6437
28160
11296
13228
31755
25085
30926
26592
5472
2996
30253
11070
13583
8400
26379
17115
25780
30934
23584
14512
1604
30093
4631
19223
19291
1021
10520
10122
6954
21404
7398
14728
7929
31931
5850
813
2791
21423
5172
1255
18807
2791
10990
9752
20477
3491
21217
5946
3729
17323
25727
31013
20993
12751
8396
20952
12948
7284
22630
9041
20003
23014
28893
32744
5134
5747
25416
2435
19804
29188
26485
923
12408
30241
8054
16137
24601
24003
31888
16897
7702
20023
20140
1591
15507
1729
18734
10013
28235
19578
10949
24559
18684
26300
11212
20451
23009
12653
17832
17132
30856
8040
10375
831
14619
21256
22031
7369
1122
11236
20361
8396
8475
537
18682
23685
25686
10435
12610
32708
25355
19368
27047
16415
19172
3306
29190
12517
21461
5383
20587
25885
23413
24767
5733
31678
23463
29689
15130
26038
2012
2438
25837
12168
13528
27999
23524
30021
32249
12476
5357
32172
17191
25570
31632
2434
7766
28400
6016
25027
6774
4701
17153
29365
16428
4763
16087
4947
8066
9427
22436
18764
16587
27752
32049
30075
2870
13820
32753
22587
27626
7515
17908
2706
5376
27037
18782
29523
8912
8610
15758
17863
12945
3243
16648
2902
1310
15541
9381
5119
29295
3442
9851
7667
17008
24942
21561
12435
21208
16793
28794
2744
30931
27660
13804
14022
30110
1064
27982
28584
22553
16232
23410
20849
21403
1777
15222
18278
2210
17825
15631
15630
28499
15751
5987
12322
4672
3649
1873
17329
25487
27974
4338
1090
19834
9816
17191
20556
1515
29110
9041
17116
22959
13925
9487
24229
13079
11250
26584
14533
1509
24187
19894
32453
23007
17144
9773
23072
12975
18024
32466
26010
7990
11673
7429
21521
30849
5975
30215
19250
26307
26893
25704
29815
16125
30729
14765
13130
18464
6420
9610
17256
20017
2583
30052
27929
31362
4825
2845
19313
8980
28601
30099
12374
2169
10226
21451
25602
5897
8649
14106
12154
5418
13511
16700
23676
11114
31238
6614
29144
2327
12418
16175
6015
15095
24001
5487
10621
1193
1666
17359
5038
27597
112
23121
12560
31112
32518
11482
31695
22555
20204
4622
2525
3273
7455
29017
27823
27946
1557
23842
13399
10483
30666
19547
15500
3177
1047
13500
12485
17158
22772
27200
15923
16349
2804
11954
901
358
28372
6615
23680
4095
18623
29969
15625
2020
25662
18541
5265
31205
16961
3804
7565
18001
11509
15859
23582
25820
26773
1083
25036
23276
25287
30350
10834
4655
15064
23014
5015
6850
2823
438
23373
9903
11022
11449
8657
1347
18610
23448
15119
2328
26257
32544
24291
27246
16845
27709
9873
16112
21956
15907
16755
238
32667
7426
29890
32089
19748
19347
11854
28954
28192
6946
17191
18579
31082
17874
29020
748
22408
2192
2080
6252
8269
30536
17983
19343
15414
28522
23930
8359
6662
30308
13011
12438
19763
25633
14686
27412
4425
18182
32570
27197
29593
7846
11814
9590
30476
21108
4632
25949
29972
23399
7793
1913
22967
21331
19887
636
14040
29038
16711
10818
30704
23010
27209
1746
12971
6377
23383
17584
3482
21371
26980
25422
25269
7169
5381
19660
6644
24585
8112
19209
25533
30190
22674
19643
22823
26846
19738
4591
13476
21817
14762
998
2226
26328
5088
25863
27657
29670
23068
28705
242
23637
27952
14333
25868
17724
16170
24611
11817
22897
32588
16474
29289
13757
16334
16614
15176
6504
11424
5852
16882
13731
5778
29576
16729
16617
32355
30484
20836
9507
16425
29801
18279
27950
26396
23636
24796
10344
2492
17690
28605
7425
30443
2688
6229
26432
23745
27243
23155
29129
9237
17940
31875
20162
8242
847
2045
29477
6144
7714
23433
14132
1039
17333
26502
4235
17668
21677
25862
27364
28348
28925
2134
24889
14258
28878
24498
7390
25944
12081
26296
11442
26541
28621
9046
30330
7052
29565
25883
2549
29392
22575
11240
16105
10480
18902
3219
4776
19640
30967
11522
12814
27845
13834
7255
2751
17464
28040
30496
23775
2520
24751
31522
30399
27227
6847
2435
15700
20887
27471
19000
23733
20475
23821
15639
12744
12793
6672
2217
20531
27375
17121
18136
5704
10814
4393
18023
29878
3705
13513
5087
3241
8411
23130
27989
16831
4501
19969
1639
5724
8736
28955
176
19712
30882
19173
24858
27150
2234
15801
14074
1189
15741
13377
27000
10104
31675
2984
2194
16414
13123
16407
22242
28670
13159
29605
10120
12421
16489
14504
8198
21894
15830
31004
18274
32666
12804
13137
5431
17593
16545
25371
4666
22210
31963
4396
23618
6557
25923
26204
27057
7629
10915
26403
27710
5300
31620
15078
5499
21552
12515
23304
21076
4892
10812
8876
2519
5558
10516
9023
31876
28820
24691
14924
17577
16982
4920
31481
13395
19761
26604
2403
29218
4387
15929
7185
7692
23636
12342
3244
11885
7498
1917
31058
6048
11633
2195
22192
23811
13015
6039
2804
18181
24994
20136
6270
2565
9813
7854
21093
22396
743
9399
10354
27959
16301
26757
2674
4339
25223
5788
17401
5231
31774
20901
4696
22397
23157
14246
27750
19331
25207
11430
29750
8510
1194
20022
28852
16823
17391
652
10815
27116
5807
2991
23375
14624
22298
17146
539
18825
18260
21347
21750
5180
11051
32450
27437
6729
28
5045
25611
18258
24148
5432
9670
11727
14456
32479
21327
25614
25636
20049
26297
22072
26419
17276
5694
9511
8680
7424
4990
14079
9423
6287
31506
14082
31545
30796
27318
27584
13034
9405
28030
27726
10277
24989
9081
2552
12100
30824
31922
16875
29428
6079
26454
11929
25936
4244
23223
10626
27744
16331
8166
1832
14750
1261
12453
29090
2905
8360
10256
10257
21629
4345
9221
31563
18075
4768
10689
6126
22724
6329
22332
13156
3170
29030
2917
26357
31089
32072
21481
12324
8333
26881
32624
23590
30291
11682
12796
11249
22269
13153
16269
20426
1813
10826
12053
18448
31179
20445
22599
25935
26291
235
13899
23514
19526
19538
23276
5818
2858
658
21163
6747
28320
19374
26654
31995
16123
20643
1656
23390
32100
28133
13811
13394
5109
4295
6735
4723
4124
21836
11273
3347
4380
6696
13490
24551
30558
31273
28845
20417
20189
265
2203
22052
20457
21120
20891
5610
31852
3958
20090
2187
21200
32545
17427
3532
19471
31299
11457
16896
28113
2448
23620
30007
31513
7320
25125
21825
17062
4893
11741
13613
25325
20278
14052
9358
8128
3097
23716
4035
11488
18838
9749
25078
12755
20133
19857
13984
27659
29952
4667
11658
25517
21071
30771
1666
11690
7153
19064
25359
24169
26790
26352
19802
27964
11496
6402
7057
22199
32133
11224
27827
31181
20192
27823
32570
32241
8826
13024
2625
22650
2474
9834
26911
18708
23732
4614
31394
22083
26870
31999
16543
26534
19750
29043
17940
9873
11423
3736
4791
10531
14365
24014
20210
216
15106
2378
20481
2132
21403
8045
6314
27162
26217
3219
7036
31464
26752
20465
10798
27183
26302
2432
20046
12795
6312
31572
15455
11474
20955
5751
24017
12011
10654
11870
17627
26694
29635
22758
25470
12811
9564
19462
16728
3383
17789
26817
8303
19242
15118
22747
5027
16107
10413
7701
15668
3666
30056
25175
29240
4455
20536
10640
30480
23317
11405
21115
5616
7013
17434
14556
7374
8555
8235
24303
3936
30642
21975
13506
24627
7152
7082
25154
10977
13565
14503
31366
1693
20005
3900
8915
27026
19197
19552
31375
26283
12343
30030
29106
24209
14440
450
9806
8848
24573
31134
9100
7812
2605
29286
6381
7894
25226
9195
21935
23738
11556
28719
24836
28819
28717
31829
7786
8225
25982
29505
2593
12328
31051
16401
11518
14430
15806
1986
22815
7583
32257
31647
8923
28012
23431
12975
23143
13438
16476
29344
8891
10261
18094
3329
396
20618
26002
19624
11818
8923
26263
15353
24312
32239
23562
29099
24944
28203
7682
18488
17679
20889
1194
27127
413
21566
18050
30666
10554
14105
21363
30883
15307
20004
27230
9731
910
19956
15053
29496
22288
14593
2600
6634
24071
21193
12357
19613
18664
7740
31852
25956
4362
20834
20829
23623
6305
28920
14603
12329
31617
18015
12582
2829
10977
13948
29211
29107
13988
27753
28396
23082
5530
17862
10831
23574
31352
7572
30169
22109
16504
15686
14218
21553
9377
29304
20940
7996
30733
25284
29391
23897
26390
19613
11679
20653
29088
3987
10579
6715
31949
29672
2181
27278
1102
24878
17660
18704
20578
7651
23526
15714
18671
6233
1529
15112
7443
8626
4511
19298
29334
6233
791
26566
439
30837
1736
3683
1564
27349
32181
16021
8989
14895
31655
19413
10627
8504
23528
14833
27163
26005
5639
5990
9422
32108
6306
10431
4231
23356
26003
5345
1601
23285
10655
29163
24132
23249
23761
22935
10602
15661
22617
13847
17816
12588
10277
20964
4715
22436
14054
21127
7813
10083
29808
28232
18254
27086
30420
359
17949
26381
14019
12814
26475
12322
13223
14063
3942
9347
9911
10126
14702
1905
24406
8324
2477
13777
28103
32531
9353
11497
2955
15218
22752
6351
3866
27486
18588
8085
5457
31151
8994
10837
3784
23074
10555
16175
19901
4242
14567
7488
2070
26335
26807
14039
24786
28181
32574
776
1395
8026
28531
13308
26538
21818
4353
11569
29267
23963
2705
12584
23375
12945
11925
24085
23126
29054
4993
25932
23068
3312
11851
30789
23037
5402
17976
13986
4678
10209
893
32382
16346
27884
2084
31583
11287
29928
11911
3298
27112
3092
11090
11243
19147
26861
14249
8102
15245
10187
10430
4524
20863
25596
32127
26311
4049
12383
17463
8734
483
5545
14152
25115
4046
80
19801
12883
682
12860
30016
12304
17888
26061
11636
9135
25684
7179
15895
27549
19632
29335
12402
18156
219
21696
2759
2828
17690
26844
802
26633
28986
19778
32397
6601
18349
29662
23728
24290
29736
28589
23041
3
32298
3720
9409
19010
22152
27416
12246
19131
818
11129
27388
16918
30495
19507
18285
15955
22501
20802
15520
26331
23420
10681
6347
30841
7788
5627
5034
10938
10319
26366
25390
10999
9752
1489
30263
18362
32131
16625
25903
19308
1274
5824
20136
4086
3306
3719
18019
12405
19392
17211
20582
13930
5057
13147
24062
5963
22155
30865
20945
17770
21261
8304
28152
1667
31655
4217
14812
2389
10658
2167
2676
4534
9698
4696
2035
23971
6655
15896
21746
14013
16127
3365
3860
1203
12982
16690
6711
20086
29606
15100
21770
8975
4137
10891
15364
21992
18065
23063
29022
30023
18385
14157
24437
12763
10886
13635
2145
26207
10243
17013
19567
20394
28613
7411
30624
23328
4399
27217
30507
19713
5317
31412
7559
27849
19057
16195
32526
25503
16672
5277
20095
29017
29544
21476
21580
6839
6920
752
11515
24855
15187
23542
7249
23836
7951
17296
21555
13502
5396
29710
8948
25377
24216
7698
7789
22073
3508
12209
18231
17481
6808
17144
28904
22947
28409
6529
31177
1763
30999
16557
27857
18885
27228
25702
1417
19261
8292
27634
2657
1312
24493
12690
31911
6161
28367
11921
6504
3473
15393
14267
27560
13482
4560
21123
23529
8461
12168
20846
25078
28251
15407
16650
14576
29685
11974
22061
15147
14396
18009
7917
26178
11779
4101
12935
27606
8525
18580
32695
5247
4928
2402
31964
7970
9285
25675
4735
13686
24778
17367
17147
24218
4401
3551
25854
21666
9036
14130
6670
6383
13784
8680
18411
5506
7166
24310
13364
32304
10002
25510
7267
23418
12487
2478
15486
13319
32566
25860
20787
19854
32491
8257
31471
9207
2553
14406
7746
9541
11197
26016
23226
15825
9864
5539
9727
5135
19394
3269
13154
11321
11570
18122
7414
8670
18747
22284
4908
28078
7048
3291
24972
26114
23513
18931
5694
27459
1039
10375
31451
21589
20489
18834
21086
28272
12726
12245
18141
9876
20893
13997
10171
7438
12772
18124
15471
12002
30004
5580
17228
21474
3233
4309
20070
16016
29031
22979
19165
32543
11011
14624
4846
14656
24147
31173
3034
24310
26660
24628
7812
25421
18855
13994
17502
28535
991
16991
20172
32217
26531
26375
3341
14516
564
15614
10774
7556
21141
27738
17511
30221
5655
26285
12609
1285
23474
31725
17618
28850
669
1081
19874
26301
27217
20029
3373
12797
22
25717
24659
27945
22950
28923
21700
15927
18135
16931
2565
1328
1436
1899
18313
22930
25795
28376
26456
31108
10589
424
7691
17494
11185
12304
31699
19035
4959
9492
185
30543
22532
29847
16186
23624
18119
4164
19195
23062
29708
26260
19423
12556
18602
9106
9673
23185
21761
2
6586
15397
18127
3751
20538
29677
9251
31170
26630
202
6888
31359
13402
17865
31359
19488
14144
7411
22353
13055
3094
9680
1807
29598
5791
10850
16246
10712
30317
20363
1051
4682
20966
833
25358
8515
9531
23487
5388
22251
1476
5996
7518
28016
6007
13036
1551
