15044
13706
15493
506
10412
29434
25470
498
15089
31982
6939
11493
26075
9209
20137
8581
3680
29288
5012
19050
5235
1014
5201
2478
29785
29115
17996
4027
371
23932
13015
22904
29232
22366
9859
13275
21018
7503
29928
13008
19970
3629
30887
31655
26700
4353
28118
30718
29261
25714
32126
14169
7603
26350
21483
8702
17678
24932
10578
6182
15589
18463
24713
22217
29105
3854
6082
25429
6107
12348
14173
622
21408
14855
32680
6075
10436
5358
18638
19052
14141
23309
15363
7855
14490
15101
1596
28772
11467
15265
5243
13635
21367
10747
10131
8945
14033
29319
9128
15640
31129
4332
6741
20694
22935
22380
22581
16423
19227
22279
16046
8924
29975
4536
9914
2015
27878
27861
23194
3208
15579
9430
4821
21126
15554
770
12726
15838
499
31794
5239
18348
8812
20734
1111
24810
7565
4736
3690
2986
28399
25582
8179
13344
31958
18980
1752
14972
31949
19970
7046
15726
18831
28015
9323
3010
29288
22790
8935
26640
1919
11989
15316
26617
17805
5994
22695
13340
32597
8196
30608
20866
25825
5060
26484
31717
13864
10564
20481
27158
2768
21725
23763
1010
19893
4479
29165
9852
299
18506
8696
12458
9762
15262
32424
5330
26597
25845
7905
7052
16078
27791
23227
30513
31729
6550
3481
10062
4605
16211
25443
26736
19165
2482
10160
1441
21626
31702
23515
808
1274
12847
27830
31538
13739
21382
27650
1582
14314
23341
32103
26099
30870
15285
4747
9774
31825
11615
2912
16914
31622
18324
15456
30665
26707
27140
28551
29570
11441
18710
22267
17423
14452
21033
22600
7895
16335
26514
29363
14357
16878
9981
15922
30460
10876
31575
19443
30043
5529
22821
22019
23457
477
18208
7003
12499
26134
9965
24854
9838
1844
19694
31377
29809
7062
15419
4185
20765
20106
6945
2363
10725
11474
10373
14329
1152
20926
2067
25705
12658
26697
13632
12712
18728
5727
11395
5130
4262
17581
12330
16724
6392
4501
32427
9526
8779
29575
2084
6715
27459
21939
21735
860
1368
7563
1243
26213
13977
1343
21548
32606
29638
9892
4979
15794
7803
29796
12327
12788
17949
4988
2609
17187
30565
16822
26653
15688
24840
1623
18833
8293
9070
30863
24746
3728
20985
27827
4259
3199
18210
19452
31620
5049
2190
8479
11538
11760
11748
4179
22950
15953
22598
26212
6593
19770
20820
28055
2930
18395
25241
17961
7825
17936
23989
21150
13688
25885
25969
25573
8429
11840
11203
24188
2108
19409
9132
6804
1057
5633
3245
16735
9419
25169
1524
1732
18333
12099
24228
13193
27555
25114
32059
6503
2007
18707
7019
32421
18716
8070
9857
11123
30700
5257
1330
17204
13390
7809
4868
22574
16627
6489
218
26783
13725
17648
10055
31234
4470
21651
7035
20221
16779
2320
6203
30006
22865
7179
20173
24475
29027
27497
2179
20491
9378
2263
3338
11932
14497
21705
24027
31656
10562
8638
14143
25145
18542
23063
23131
6692
23478
23036
396
6859
123
31535
18189
23747
26658
10052
24678
6504
980
26350
1923
2973
15383
17766
5371
19002
23686
12949
21920
30509
23750
15710
13796
3279
9335
517
14982
8434
23072
14651
6240
9041
11624
24127
24282
6279
18581
24310
2442
32519
6219
30749
19588
14847
16105
30443
2438
12734
7232
25068
11388
28037
2587
14471
15971
27119
9649
3554
4074
17268
25220
2506
22534
9007
25293
24467
10247
25391
28741
12497
5230
12067
30832
17170
28612
3628
25757
28365
22960
12876
22795
27075
13482
9978
29105
1257
25015
26829
16796
17739
31767
25668
16037
32234
20579
29700
12210
30185
5390
3547
22352
14693
19541
13697
1009
17454
20847
15598
20291
6085
19041
19789
25686
27704
29144
10110
1016
392
9846
18906
17412
7689
20387
1014
23415
13958
11093
31779
32085
19388
13818
3808
16680
11402
1838
11340
16843
30577
13766
9590
28314
8703
11582
12006
12156
24767
6447
11611
20780
12962
3705
13985
122
30680
17907
28475
17466
15867
32337
10006
30792
13529
18785
30079
26469
6644
5627
13766
10478
12749
10880
23860
5115
31239
28998
16327
31372
28626
26624
17963
14182
19467
1032
43
30838
19293
26954
8338
22832
17714
6935
29092
19960
29925
6702
9150
10978
26341
14782
15036
9811
16440
3134
27894
5147
13290
3461
1216
1112
15505
16360
4529
28096
22501
164
9652
159
17203
6720
19107
31574
4862
8828
31807
15670
2847
11534
22449
5905
23798
11154
15045
25045
26055
1504
30808
1476
8284
12399
23371
28655
30928
12771
14528
21991
5834
9490
1513
1930
7043
20246
6324
8601
13263
11630
18416
28915
18785
31159
26000
14032
15872
7220
13774
20071
21391
15016
8863
25464
21965
31207
13546
592
11189
16148
21611
10443
29657
21995
6111
19169
5227
32574
14657
15171
29645
22192
27262
12310
158
30660
9995
19453
25928
1311
10777
22756
18120
11050
27463
23340
9358
102
24427
23537
21313
30217
16492
7420
10596
25724
21740
29975
19294
12350
25962
19474
30830
6729
32025
21197
24422
12579
12786
32315
2721
14384
8867
15439
14117
13517
18865
14145
15687
7360
12907
30451
18793
9546
23961
26691
28875
30712
27035
2684
23151
18337
8278
3794
3253
26661
3498
12208
17001
29622
30921
26233
32756
19798
4129
20125
23503
29973
471
17315
32295
2387
14292
23826
15217
25632
536
31175
29392
17847
4563
21430
12338
28080
13348
14446
28567
5563
18756
28984
21356
8395
19581
20395
5753
20665
3464
19173
26254
30507
2110
12172
6204
5893
28691
13261
24511
7376
8132
21514
28489
23919
24051
31529
32055
27596
26038
26860
30019
29444
18527
3371
21523
31552
16624
19132
29854
31503
10956
32683
29277
29260
19192
16977
5119
6600
9307
32023
6958
26327
11611
15189
14139
8923
5992
23292
20390
3688
15653
3461
21534
13486
29408
16335
22165
18771
11762
4368
5113
12183
12841
17319
7775
30427
15914
8510
28204
1258
12689
26932
14070
23359
2796
10379
15086
30846
21712
15525
12241
16963
27998
8045
5293
4821
2701
16899
22619
32374
5157
10181
12298
24883
30117
25262
19019
20613
7610
19136
21789
6969
13161
3192
17950
24245
11454
20253
24199
28679
14255
22302
32426
4150
17711
2929
24048
14006
2054
18076
25053
27570
2032
17057
19024
11060
21521
4286
28466
18252
13829
26173
31699
9891
24478
14245
27171
4391
21986
2774
25905
6892
27775
12452
18956
2197
13025
3022
22867
5860
27330
28870
22853
26189
10302
19361
29760
6116
21400
3452
29602
14993
17160
1325
7252
17116
12838
463
25450
10665
8972
30640
4074
24701
20090
17920
29827
27312
14900
24053
7538
17676
10112
12500
10729
29996
5199
25340
1304
1599
29764
2144
15609
10221
28234
32217
30428
19543
21060
29974
7453
17107
10875
22145
21192
11019
16742
3371
22660
31601
32385
15712
20894
23236
29265
13091
26019
16051
3948
11434
22123
13801
19821
2381
28981
24644
15982
23278
12743
4435
30747
27542
31901
14103
14548
7114
26315
17417
2010
28976
13476
1069
12005
10207
17553
12028
5621
21319
958
29261
3673
1490
19278
11262
21172
9021
16542
27425
28746
8267
1520
30362
2610
21104
30718
31555
27357
3531
13449
20986
1631
5035
17249
10542
32590
5006
12182
13923
18997
21938
7306
255
7218
270
20979
14737
11224
12438
28697
1040
18572
14361
22695
12940
11458
7891
25885
28336
3053
26115
16952
12902
5566
24703
15263
8039
1094
6617
7777
25714
19941
5239
2264
25920
18993
17877
19791
3844
11021
29987
29234
15452
14207
26813
5235
8336
3795
11638
16465
29406
29989
19666
20118
25537
10803
14147
1318
3406
20744
9464
19352
5909
17918
8965
13490
22658
28509
29015
14663
10262
8813
7782
2123
31409
10577
7363
29650
17452
27210
16148
17420
24839
30660
9930
11204
26764
25236
340
774
5748
28244
2773
1102
11122
15704
4480
27897
10562
30186
22658
32489
31641
13614
29863
18941
26345
9612
28977
20993
18793
21196
31702
1974
30546
19908
14066
19859
5280
2755
27255
21411
12668
32254
4124
22040
21898
25468
17595
9098
32460
14198
28479
21724
633
5622
7915
13592
18843
22837
30080
9846
20813
14395
30777
21506
21510
6093
20367
13695
29655
12992
26030
17017
20921
32612
26408
7137
8729
15796
9470
9570
19661
9579
26345
335
5898
26276
22558
27008
12746
31121
10775
6621
14553
25460
29258
8230
10105
13041
21671
22406
30386
32372
16147
11783
4042
13187
16124
7621
10649
718
22868
23084
17248
7810
22698
25399
30208
10435
13504
8177
20136
26427
22306
20364
7988
19701
10552
28497
1498
24509
4817
23674
30423
26659
2166
849
19063
3335
339
22417
31461
415
2379
20956
17717
9311
16041
13219
2931
2653
19551
299
20694
21527
5482
24689
7512
24310
3249
8278
24427
20743
22574
2312
9792
15278
12634
27038
4188
21666
14791
13490
31697
16729
9207
18917
20867
31132
24811
32084
30609
8742
18729
8403
14853
15247
4795
30388
16330
11083
6776
4111
13916
1161
6122
2485
1666
27460
12797
458
8378
28215
11907
20133
21492
15669
2785
25581
22582
3338
15588
29750
5672
27624
2145
13832
5833
15247
20297
8467
12596
4698
2807
31503
11438
1587
25198
634
73
31949
10393
29290
19332
26960
10461
22818
25027
29285
26300
24673
9061
14938
8173
26562
5681
23748
16251
8410
11071
3868
30172
12009
9416
1558
19035
1356
30676
17896
4542
8771
20376
30480
17276
12405
22141
23053
29358
19077
30483
15691
3430
23164
6235
9
21567
4959
2439
23283
6948
23859
6683
16631
30978
32236
30800
23403
30415
25965
13778
10354
13972
23899
10241
12031
18561
10468
5498
1859
14632
4896
22667
15219
8910
8744
19045
25536
25038
272
21943
2484
20613
19658
6162
24660
3641
32149
25138
28253
13883
10605
14296
22657
14812
7854
12574
4971
10225
22333
17671
14306
8267
2538
5726
32702
2506
24477
15116
16254
24251
25980
4217
27224
9881
6068
24490
1168
16619
26889
7768
10215
28153
15718
14430
2286
3016
27472
12989
30061
17531
4384
16537
7040
7734
4599
3368
21187
6401
26581
30933
322
24641
17949
5263
1649
6657
4872
5965
9581
6474
5693
6821
30873
18336
27571
248
22984
1331
27181
15961
11641
15516
29251
1645
22034
9303
28890
29530
19902
7183
32491
6105
15861
10900
2130
21505
30749
30716
27661
4908
6237
28461
32123
6466
11327
2818
2801
12635
27421
8494
19329
9609
15610
140
10053
2131
20452
21093
23032
30662
25211
1486
28686
9408
18045
24453
31327
14098
18023
23887
4340
13169
13796
474
11708
27738
7275
18513
12116
928
3496
10955
10654
27881
28495
25676
3020
10333
3481
11785
3707
23122
16555
3921
12940
29379
14778
12574
29097
10021
20274
18093
32151
17437
9185
23318
23493
10763
7498
32064
27592
2460
12243
26850
10940
28711
3913
5299
25252
2557
30030
27038
11063
11630
642
5587
30961
31321
12913
32188
28196
25446
16111
31733
1587
14949
5728
26113
24149
5591
12772
28378
23075
15246
21626
3735
23816
26132
26641
6135
8546
22323
11656
17144
19238
2296
22815
9446
20724
9923
2387
13292
14024
27494
8252
14732
14507
16931
1527
30421
18242
1682
5129
12668
30706
21448
12336
16830
15649
21025
11823
3309
11804
5539
17721
13421
19682
15710
19414
11724
18280
13211
13254
2706
5594
1510
12491
27902
5801
32165
20064
15635
30998
29577
23817
