16012
13530
18137
6715
14368
11311
28854
11808
15897
23023
13294
8083
14183
3938
21972
27375
14287
4941
4644
8572
10283
659
1492
6613
1777
21084
1614
7180
2832
28561
31361
1397
20471
18066
26138
14885
8009
11700
27134
22156
9507
2057
10675
3835
32015
22838
14947
20874
24644
28877
13166
1734
10870
13092
27715
3219
1541
28559
10404
5349
27718
3670
28611
32546
24990
9032
28084
8047
490
29832
25991
13319
4933
23761
27789
2163
18009
5030
29732
344
24431
16917
20206
22522
6159
21779
26076
9499
5503
6072
21355
11148
24220
17757
31613
4788
8665
12230
14977
18215
5241
4002
13398
23009
1650
2128
6892
744
3241
11719
24385
30555
18961
13988
25444
15761
27675
17968
32749
12349
13858
12779
1915
3168
2972
14126
23087
17784
23376
28432
8505
32648
27051
9065
16721
14966
29503
29476
9031
26437
27008
24810
19509
13375
2364
16525
24975
19408
26615
13802
3781
2091
10804
8150
23366
32334
24714
28307
8559
29937
1837
14516
4042
10762
2824
6256
10558
21557
7920
8645
15499
13559
23459
24820
4988
29919
11886
16327
5915
24336
13737
45
22812
12426
17087
8299
12687
9164
27573
28279
15265
4491
23690
8541
11152
16764
16458
10653
31380
1055
30636
22869
24864
3439
25575
2107
13661
1965
27244
19618
30316
21573
1242
27499
28918
20872
19376
20536
28369
19362
27627
1510
29768
7995
11635
8037
24927
13990
11703
27305
25544
18949
15687
28226
20348
1113
23594
17443
948
20860
23183
17474
2446
10748
32096
29464
30921
29374
9174
17334
25343
26012
5929
29958
17443
26951
10268
6888
322
30583
565
26726
7860
26416
18318
22810
17355
28834
26909
24606
5486
24803
6261
12547
15432
29731
26496
19403
28593
11359
16406
23395
20029
16398
12859
20118
1319
6672
1926
14235
12197
12245
4498
27592
5186
30627
12531
14432
9216
7799
27153
303
5997
31552
23821
28535
12615
27705
25184
2067
10220
1803
25141
14513
8846
17561
478
25445
15281
7262
11640
495
9742
7084
12402
26753
24344
1662
13994
3867
19660
15328
3369
15348
32475
8559
1555
18390
6428
20355
19474
25493
7453
4256
12133
12220
24305
5729
11096
26502
23225
1796
17799
19534
22766
29415
23133
23911
4570
20388
26647
15849
13844
6455
29067
15532
30611
22040
30838
159
21610
30677
16620
9567
22462
27383
12851
16308
23916
20608
19935
29978
3020
4712
23350
10135
1388
570
4256
12312
9572
21755
808
835
26482
13974
8930
2513
12180
12402
21832
23196
9233
23833
9464
28844
22757
8205
24721
26124
19325
3174
13459
27143
11033
4428
24380
25022
5961
11633
32558
10986
17051
7214
25679
15024
18880
28309
16853
16162
835
18887
20102
12161
30877
3703
187
891
6243
3147
29339
23182
24924
19969
16745
31296
13275
14177
12826
1439
17987
9839
25785
16070
25866
10630
17133
1362
24537
13592
17326
24561
11446
22787
15808
4878
13579
6501
18746
3495
4455
16705
11991
19381
31476
25025
6810
32508
20090
23089
29420
1723
19858
5910
28256
24181
11274
11312
2963
1555
18473
14718
28210
17059
6494
28149
28450
19674
10984
13415
21541
27510
15887
30365
8992
22691
32590
8234
30700
25071
17195
8710
12007
22727
10449
6846
27913
3244
23369
8641
27112
12345
6642
20740
7808
14733
555
17811
25240
23461
5904
32043
30259
3441
9627
23630
18841
2216
30661
6691
30687
20590
17638
8603
7197
23770
30944
31931
32463
21622
12943
14277
2799
26669
17023
14227
2170
7990
8041
26499
10743
10791
27637
26548
21675
2115
12523
25872
18828
6581
28143
23269
2764
30817
218
14291
15023
18527
29041
21327
6302
11245
9714
24624
26319
22698
13756
32643
1435
7315
13275
7530
26398
29410
17274
5607
17987
29685
1730
54
14367
17818
9312
6090
14864
32424
20233
20169
27698
27011
11403
21503
20517
7803
5922
3490
7387
21189
31338
14484
28263
11420
27520
263
19566
16157
17921
12279
6611
11811
17753
995
8298
19296
30967
18257
30098
29885
21393
2565
21098
14178
29688
14661
21556
30109
26978
30882
26286
23138
12665
10110
25785
412
22999
26645
13224
17433
13059
32706
14524
28782
30795
23726
2395
20707
23786
14032
15694
6781
926
7906
15148
555
16858
27286
8914
26057
21949
23768
7214
29211
2573
8903
152
23583
29485
24262
12777
31954
7801
910
28935
28870
25530
14970
31471
14949
32430
22882
27234
10398
28469
5030
25145
8026
4132
12733
20363
4034
3005
21148
20675
6265
29737
25982
18872
1272
5660
2030
19074
3153
1231
19964
11240
20580
8856
18292
7611
32344
27138
21531
21568
29502
19941
28568
528
8529
12406
17869
18940
29052
8372
11360
31304
25580
28625
11380
19442
702
6178
27741
12262
32108
4276
19467
3944
25721
13796
30362
5776
5328
9668
13414
8617
456
7033
4896
32568
20071
18846
6751
17737
11926
14889
20528
11603
3153
28607
32468
27307
30611
29835
7108
32465
12406
20601
13765
14757
15286
8513
28105
21970
32679
32038
28608
19754
10887
5898
11124
9399
3337
2653
32038
23788
6462
21048
7569
12024
10002
19933
22132
23690
12998
27221
27510
10079
21085
21659
26744
14761
14524
1020
27633
12332
4960
21412
32546
12112
3170
16949
10728
555
14796
12551
28596
7780
31557
18322
8856
24513
6297
9923
7336
31528
13737
5275
7063
22714
558
18364
6651
13828
18293
16812
26291
6333
6697
20582
5137
29561
22281
13523
13008
12357
30294
1679
16838
14921
6172
21232
12782
12908
20369
18105
7781
32491
20713
10956
13838
24409
21398
23764
12804
5731
11777
24374
13175
13677
28605
3927
25765
1356
14448
14251
19610
22923
7339
16149
27191
18418
31170
3088
30960
1024
8090
20796
27075
17716
17470
22676
29241
4032
12442
12611
12488
29225
17378
8040
11183
2322
28432
29766
29750
15157
5833
7247
7595
28854
7133
15115
6314
19326
14367
11911
19523
22938
1771
8527
22221
5640
4669
751
8845
28430
7905
9858
18518
11946
9411
8477
24393
4180
17686
20529
19257
12152
8641
16332
17534
29931
17359
28150
17372
9494
4608
25611
25677
24794
1589
20051
9147
27315
29873
17739
6085
19971
2223
25912
29122
14411
5190
21168
9139
24386
30707
15132
5134
7107
21052
12812
13220
15921
5209
4962
29995
20409
24278
617
28057
26490
14512
31353
9131
6602
23939
3468
25140
19100
13405
22751
15388
21090
32109
8937
4134
13051
1323
17360
21733
7717
2574
6835
5406
29423
28433
7816
18873
30133
4706
373
19048
18904
31095
24202
17415
279
15678
16857
10619
32220
12417
7750
27517
3853
8424
2358
17426
30448
13779
27
25988
12457
5475
15070
27280
17958
32570
21847
28791
21886
25071
20580
18595
7404
11060
29835
32107
6623
12817
29174
11145
30224
18908
15726
20931
1657
16490
27392
26750
24978
28440
5622
26891
13773
24877
23851
26176
19748
28051
18565
753
29244
17892
31190
20009
4372
13094
24396
27207
11399
4175
25815
1518
11706
24367
11317
694
14372
17194
24367
2255
16844
19998
30090
5053
2417
23585
27427
26585
20973
3656
15689
23644
13570
29962
23363
8451
30319
8832
12853
5577
29027
24451
7777
8402
12863
5602
8285
14465
28081
19259
18916
9929
1743
32133
10004
4419
21501
21857
997
13546
14285
22076
12744
2786
30944
31011
2084
28577
5868
21318
15810
25971
14196
19387
8533
2104
14281
9213
19888
19321
16672
4928
1119
30269
30986
2049
7169
14687
27838
11480
26037
11857
12832
26217
23039
25943
28575
2470
28602
17544
4297
11270
977
5622
20563
11923
12694
6907
15692
9196
16820
178
12868
9565
21153
24575
29832
20885
7083
9211
30075
17580
18901
3488
14194
9675
15376
26185
3197
23342
8581
11408
6778
14402
998
21515
17655
16218
7147
4198
17595
31482
28498
15030
25667
24344
7895
28545
30345
6530
1417
14375
29322
26643
15399
9712
11031
7378
32087
5337
1883
6215
31274
3145
10128
27166
14111
15118
14777
2509
2988
17953
4977
4033
2186
941
15411
8234
958
13275
18463
24962
19201
18987
26233
7763
5441
7450
24783
2300
30578
11745
11956
19485
20690
28155
11274
34
31170
19824
16334
20699
31007
18769
27115
12213
28863
14513
28239
23957
1772
13732
30996
19096
19589
8115
12207
23755
24296
5151
27139
15207
19662
7860
17786
4681
10078
29299
15955
30711
5031
4384
32435
15178
23650
18170
20272
18526
15603
20866
27363
31842
556
10569
18211
9604
22165
8047
25162
20086
14508
12391
22700
20241
13518
20459
28265
30478
9533
24428
25811
21068
13598
7952
16689
23715
748
10076
11348
23903
3582
15776
4478
19791
7225
20006
2350
29466
18603
21968
24708
9399
7306
13566
3965
12737
16007
16618
21070
6636
5032
21378
28999
3430
18674
12846
23679
8379
11934
15703
25529
10249
7453
9691
25811
18486
26518
26881
14771
10275
2083
20537
23137
17617
10664
29839
20017
3920
1043
14013
5765
23386
28576
23093
19900
7283
3589
11131
17799
20592
11413
20572
19906
26524
3744
21774
13066
1873
30719
3744
23780
22306
668
5340
29409
14780
29305
23541
32068
780
30620
678
29621
10221
29902
13953
22784
21553
4580
20073
17535
19361
6298
27773
18288
21453
6590
25174
11267
20542
5664
21567
19703
24985
10889
18718
6661
26715
11348
1375
5291
21758
19636
6260
13047
8250
2518
26769
23518
3634
10213
25088
11942
2770
4276
26332
22678
4176
3275
24316
14483
18330
3834
7847
7892
11126
26378
9592
29118
12055
15597
18930
21061
20981
12134
24601
22773
10620
29535
734
31723
26334
20827
6903
20270
23335
2909
11784
23941
31144
13581
2989
2149
4061
616
2014
20388
22055
25729
17765
13479
12566
25333
21400
2777
28282
9192
1855
2422
14970
2444
19464
27141
30306
9707
31321
8675
28460
24950
6267
21567
6242
26125
6235
6324
30033
16219
14804
12130
7046
11753
9883
8023
18362
14948
26515
6968
15353
21622
25124
13380
22708
30661
29386
8434
17385
6535
22344
5172
12808
24058
26764
21434
22860
24755
12201
22492
9842
14264
1396
30964
18918
862
8901
6785
20843
21369
30580
27418
5756
19331
4663
30078
28128
14850
28369
22071
20493
16946
17137
1643
24403
20757
31281
25633
12564
29513
14205
7716
5756
18771
12859
30612
16121
6584
29197
8488
13544
26427
28514
3596
20915
9021
26556
26344
346
6462
17577
12192
7038
10316
4412
13229
31672
18104
5901
17251
29092
24769
22249
22199
1704
5249
32124
21116
331
21772
13219
3370
7760
2585
926
26757
19235
3380
24617
10597
14093
10129
31138
20646
20737
25442
14076
1630
10811
748
23001
17890
31857
137
7645
23384
14551
26375
15496
23999
1628
1737
16768
14002
26477
22
3600
4790
21594
11524
7243
19807
2845
29008
32325
1455
2358
2075
17556
4514
3328
3183
30114
3041
15258
4696
10658
6812
30357
32500
16988
14956
13446
766
12965
19198
20628
25705
10367
6525
27691
17732
4195
29310
29599
10241
13114
6889
28941
16247
18066
8074
17001
5580
12794
3738
23923
25249
30251
11180
29743
28767
5239
22403
6711
10376
9664
11027
16358
6166
21698
800
10910
698
6653
28782
10541
27122
23984
18781
29621
6242
18984
32508
17533
31920
26929
27444
1885
27558
9919
3908
14798
30961
24006
5631
22457
31545
19183
2773
17544
25505
13082
27278
10788
26273
20088
2114
19605
10369
776
5640
4614
3360
25563
21418
21501
17456
21405
2778
17471
28300
108
8736
17115
29743
8162
19926
17290
15516
23038
4176
27190
5807
15635
1180
18255
9427
16583
30538
27909
4700
19832
19350
21809
14930
30670
23967
1441
2854
28448
26235
13605
14447
14109
26624
8743
31849
26287
21242
3214
12100
314
31036
28526
18517
3958
31021
26781
15426
29341
13622
4833
14914
31882
28944
456
26837
22496
7856
19959
5478
7129
3247
19220
30443
25064
20027
10404
21792
8389
2362
24197
8529
24970
15344
10154
25480
14260
21526
1545
29573
6289
2480
25790
30254
5186
11825
26019
29109
656
1706
15376
1306
29182
27248
29373
4852
9631
17515
5703
30822
27273
24622
16256
6723
16730
18754
4180
21259
31435
4740
31303
12163
20586
15349
30014
25842
2251
30976
5991
11394
6910
30938
10766
13045
1159
4766
11101
13201
6915
9579
15542
31423
10535
22059
20605
28737
14070
6121
6111
23475
13103
27585
19526
21675
2214
21170
14516
31178
10299
24162
16006
18117
6143
17581
31197
10548
30104
17783
15784
5126
23817
28438
6274
26541
19936
5948
26812
23666
17436
1768
20790
24740
19553
2486
10145
28067
20276
16145
18442
30821
25173
25974
18006
5202
23221
23366
18013
2061
11768
84
2746
11207
21187
26308
21046
18514
20630
32173
22281
20113
9306
28439
8034
27852
22507
1239
21400
425
14960
10841
27616
12232
12180
12419
11986
27986
6306
14608
9539
26475
29425
5283
29511
5714
24845
5364
10846
22433
14028
24064
23430
1599
7551
10075
12688
11608
24743
20680
9421
11794
10403
23993
19644
20400
10560
10690
12482
26486
19947
18099
5055
28517
14479
6974
4381
13410
32379
150
391
5596
15059
16457
8341
27348
22935
11408
2095
18169
5804
18741
31065
25446
9185
14387
5270
23183
12764
18018
8908
31967
30831
24859
19815
9697
32575
4589
24760
15181
18111
14028
14829
8097
22653
7313
2126
9063
15239
29894
29085
14454
11479
18426
10130
3573
19937
8789
18048
12719
13976
13901
20520
9392
31936
13901
23833
10398
13514
1892
14880
9308
8360
21658
20263
582
29932
28758
374
9301
31456
11676
1411
27940
7136
24436
29093
16729
15017
23517
5737
27271
26940
11001
27058
19532
14870
22757
14917
22485
7443
9201
31677
6504
10864
25800
23097
29809
22495
15096
22338
30619
16524
12616
13118
10284
26086
2878
31
23109
11877
23964
23945
7758
27075
18907
29042
7234
25311
20981
6531
5447
9375
28687
23779
9760
6935
14479
26084
11645
19441
7658
202
11801
9564
26510
11210
24142
24204
10728
18320
29773
24619
18944
27438
