12971
26757
18090
15964
1584
14902
11006
24839
8658
20520
23421
19375
9114
25580
10518
19801
5996
24303
6378
9370
4888
1992
9356
28884
18890
24160
20200
10352
13828
28215
3506
14592
30459
6432
3814
26274
6431
10859
25055
28963
29020
6494
23594
8603
30820
6136
22997
29819
22108
1719
10282
26980
22182
15690
7975
7542
19268
13777
4377
19704
11471
31113
24276
28369
349
3998
10437
24863
15520
14808
112
12090
31850
9710
26562
16312
4067
16370
24822
17264
22015
1248
29687
21710
29673
30837
8518
27014
8896
18525
306
25953
26564
31391
6244
13856
19427
30635
2577
22678
18833
23311
28054
23552
6265
17623
11742
14191
11509
3716
25279
21487
6513
23731
14448
8908
3288
24064
18084
9531
20815
30573
18899
17209
14884
27925
3241
3039
6775
10883
16892
2648
1215
30576
17130
31024
14837
15000
15824
4655
12928
15759
24540
24961
13644
10402
32461
1670
2862
29426
11933
3396
14231
1612
998
16063
17936
10871
24822
28602
14971
31473
15294
9043
10885
29064
3959
2565
26163
27753
27691
29658
14492
10396
28519
7068
5463
14091
31342
27412
10921
11850
10717
13275
6492
4351
17186
3380
15840
28770
18424
19355
26729
30347
10569
30208
28281
6533
15220
22828
27032
29825
11129
6226
28038
19540
27166
16873
1255
25691
11293
4325
13351
11759
11880
2717
31583
5701
20711
12548
12165
5482
16244
19281
22779
32629
5727
10738
29832
25659
22098
8950
13562
29023
228
24031
19622
24354
2982
20966
18065
15224
443
28941
26770
28665
4781
7822
3994
5449
3573
12769
9844
14367
15081
5184
11638
12761
6317
28303
26486
9221
3427
14535
14818
2913
14673
3845
30699
21557
31297
28094
10734
25870
18845
3356
6531
17647
18375
9374
30844
12370
11366
3664
23510
28555
27262
23109
18012
19851
15111
30855
6652
22051
29009
5109
14706
13272
12637
31117
11293
8835
5054
5778
17315
7377
2784
13357
11014
24341
14881
4774
32618
12094
15646
28452
17807
22934
6065
28388
20918
15557
15643
26327
30206
18755
15021
1009
9133
9308
7425
31031
8808
17435
26345
19510
13157
23320
12269
4925
14872
18194
28381
20508
4203
10983
17747
20759
23282
8496
26232
18089
4126
1344
17929
4837
383
27547
11750
14432
23356
11092
17825
32476
1805
16232
8737
12014
26704
16975
29260
18739
10432
1082
20763
2526
9396
6577
17240
5301
32439
4307
6745
1487
26065
13743
6965
5672
16747
17399
8015
1355
22049
1797
29224
18952
22336
522
13421
17046
2651
26336
17092
25774
21682
18924
2849
20874
22042
16358
8713
20474
1171
1920
18038
18114
11006
29001
28847
10132
2503
10515
26265
22424
5975
17972
5766
6530
13713
25403
32666
23177
21429
29298
27321
26051
12782
4842
27630
7142
30413
9760
1304
15254
245
5850
20033
30838
29349
26379
28013
32349
12354
30341
21536
24351
22448
27877
17797
1319
23813
7377
19250
10873
15549
16123
15833
641
24277
23610
9274
27622
24705
32015
23653
25307
29963
24883
10066
21367
2004
734
30153
21576
17215
28666
10823
26300
20907
23420
471
7428
14039
30429
22499
4834
26530
28001
22813
8266
2393
28491
31826
13593
4254
2895
16048
21590
20975
14101
18772
9466
27699
32326
25958
12277
2487
30900
27902
31589
12296
14237
23899
32188
28646
22083
4061
2037
31747
18756
11117
2291
361
16921
28897
7110
18885
12011
23288
29774
29819
11394
17637
18924
16839
9295
7246
16111
7415
23586
685
19647
15097
23333
9373
27529
4567
16246
26056
3801
2733
14812
28302
18378
9710
2472
28209
6212
15424
4043
30270
11713
16349
2416
10172
12444
27222
5865
29645
15168
25224
2836
27577
3255
26785
4899
14339
22962
2465
17723
17390
16603
18887
32671
22405
4120
22642
23497
1913
16357
18593
30980
11882
4932
6699
30602
12368
29396
23143
6215
16294
7919
26336
26114
13874
28963
4554
31338
29595
11242
22958
20114
14842
18909
19049
22117
28850
14170
20034
31631
24035
6595
25475
8211
10637
19864
17861
29956
9836
27181
21354
9655
5559
13299
18123
7980
20719
16109
30776
3045
10328
22169
23703
32744
1052
9830
29435
21774
11400
18640
19115
7566
14950
13392
14303
16496
1127
15000
9997
18049
383
18136
21922
27298
27664
26340
24568
1575
16199
26102
20823
30308
24128
5065
17686
9153
21282
1157
8740
5782
10283
14230
29935
24241
1081
2400
5994
26688
21073
4156
24402
2747
6598
19586
2993
14117
24771
12178
1193
1064
27165
26638
23708
32070
7560
11910
30591
1358
23635
25316
29768
25735
26929
11396
18570
20688
21354
21489
23335
13631
18169
7452
17060
30273
821
16005
10642
26296
12689
27034
17524
20878
18928
23267
27612
9005
18568
21141
15186
15183
24982
11214
5706
21538
23008
17556
16089
25763
29906
26833
27696
32692
6401
12845
10165
29675
9468
7613
17700
20102
30833
18999
13737
29463
10085
2469
31220
23283
23143
6066
11685
195
4554
20349
9652
19372
3687
10889
17252
2308
18873
30715
9547
6078
4565
4998
2636
5496
25029
28322
30841
4801
249
6935
28344
18945
16964
4608
26956
20866
30476
19426
21678
26030
23651
29279
5725
5954
3535
25658
15419
5503
9357
26663
28689
9541
6915
10602
22634
26540
17715
19429
3136
26400
11671
28260
10988
32714
32185
22042
3691
15702
28424
16479
29996
22664
5983
16789
7185
16574
23219
31615
6204
9039
14401
20718
15558
19161
19894
22537
18780
4199
30860
10291
20457
9811
12019
3746
3772
2530
29887
14099
3261
23850
3115
19481
10566
31614
24365
10103
12727
27373
4183
2474
30306
10953
28449
22919
22542
27457
17747
14295
9315
23999
21345
25149
4097
19771
1533
28223
20419
7468
5867
16827
14713
32065
13488
26638
14776
31662
1193
17425
19152
19691
17301
1161
26411
14771
7478
2221
24926
20617
9614
3124
16183
31658
17666
10019
13722
30281
7097
4285
7430
2853
21906
24511
29818
18252
11442
7549
19303
29431
4358
25651
7376
3131
26973
14709
31909
7233
4923
27811
10560
16325
6717
14575
7750
19811
16951
14130
28751
11404
15669
31833
21363
25890
10607
5832
20980
11073
30413
9872
21645
23734
20314
9823
29694
19058
17556
29201
10306
28902
12281
29201
9067
29993
7497
20201
11693
11012
19951
25102
32446
26323
10447
23072
16825
9407
6116
2805
29083
16854
15421
14890
26977
32127
17617
4138
17373
2145
18960
19209
31775
28733
19188
24851
25196
389
16415
4080
6863
23649
5943
13304
13087
16402
16022
13073
28877
32729
6004
18742
616
16351
4482
28275
26043
23317
10019
26021
30476
11775
9813
480
20898
22693
19339
1358
8785
1683
7355
7502
31514
12910
10866
22791
11979
12307
19520
19151
2291
17556
28678
8232
6510
31439
5160
10360
13811
5482
21615
12296
18992
31379
2621
12570
30541
2959
32550
134
24498
30069
6063
1464
643
16774
32502
1886
18181
20009
31728
16503
13008
25121
21775
32047
30753
3700
31705
3085
25369
10313
23240
31682
30137
4900
3633
32503
32557
6768
25526
18169
32474
9038
16736
6632
11780
22696
32443
21986
27597
23898
9420
21245
18093
16536
15283
21742
21845
23122
1901
11792
1253
28414
7496
12200
27659
31722
10348
19608
7540
5025
29549
10892
14181
27982
23144
4379
4030
30807
3290
19892
27588
23395
22855
17787
8116
28
20478
12159
19363
2373
20062
4305
11379
28203
9658
32337
24508
31844
28534
25720
23460
10671
23418
30276
20986
10457
2986
32173
3853
7412
10137
19258
8797
25771
3241
1384
23676
28920
24104
20820
9029
22308
8554
92
15403
13055
19305
22528
9972
28593
27207
10067
437
693
32499
951
21702
21677
12169
19082
20776
27390
1166
1857
25538
8501
14381
27275
15292
22820
30486
25455
4538
1491
28539
8597
26416
2593
5668
4936
12015
1919
8669
22290
18388
10458
8295
28965
6318
22131
31494
2289
16213
7898
17772
13304
8135
14702
19833
9382
32152
18169
28929
16932
17751
10425
8574
11905
16550
30834
9244
27923
15353
12419
3430
31598
1310
32148
29546
7507
4790
24551
10999
28339
14614
17556
13245
5312
27154
2480
14207
28213
29168
13833
17300
22958
29246
2691
15047
17483
28021
7852
13207
7490
11824
9151
5119
7747
27054
14713
10682
4363
15143
16083
18902
21653
9303
14559
3414
7785
26837
3158
10436
24780
32495
24615
3238
14088
21830
2353
27527
23561
26481
26824
31633
4304
17596
6680
15732
6255
29327
4229
7769
10703
1929
11725
24303
10791
19645
1131
28090
28081
10125
9888
13120
32484
19274
9889
18018
25224
12063
9076
17067
32196
20946
13205
7041
1541
8573
22098
436
27168
8815
21747
3541
14633
28088
20990
423
18862
2594
32079
24221
26795
20005
5347
356
22671
13760
19849
22757
22790
31968
19122
24936
8797
31392
14303
11477
2001
14492
2824
5855
13918
12624
13425
25964
12573
31903
3618
30074
23449
30320
8121
1783
29263
32120
6049
11087
18327
19770
8307
12493
27372
14824
21763
23806
14029
26044
30436
18116
29560
24986
22820
20380
12503
6323
13130
16588
30847
21052
59
3480
30588
3476
2206
6520
24598
3719
13839
8846
22270
4100
18830
3288
26755
20122
21116
19944
12830
31034
25003
28220
26379
14838
8563
20804
10501
2541
30432
27927
3550
9664
4860
3767
17277
16787
20381
21391
30703
16256
27288
12741
1212
11667
26794
18134
29626
24106
22893
32603
6956
14766
32171
15712
9939
28957
30929
9584
8522
28185
22115
23242
29677
21326
11439
30127
18941
20398
797
30944
22969
11628
14089
26730
31386
10241
28088
10077
10551
32349
6185
1454
32529
27019
21888
15839
16365
2473
