29156
24180
22988
15205
14933
5290
1888
11256
6762
7228
6616
21772
12597
24018
5590
29996
23890
13980
15999
3294
24953
20406
2758
2990
30365
26838
10873
22414
899
30278
14862
13861
8686
21278
30545
13525
30580
14994
26862
17984
8667
10654
22434
24618
17221
22072
6401
21356
32066
27630
183
32069
1891
26151
25100
30971
20205
17247
11645
11388
4865
6806
10049
30726
1799
24038
31508
17355
25766
31333
30925
262
32163
10783
25451
29863
21203
9369
10714
20975
5755
15853
30697
15799
23003
28404
7409
27705
15989
14366
29958
11261
6555
321
16861
26917
30361
578
23074
4961
20051
24380
21236
2805
22517
24532
3063
3583
4562
31285
10851
18859
1472
23167
14253
23670
20668
30478
32517
18614
30153
31172
5042
24561
16498
22067
30639
19329
13842
20789
14883
14706
9544
23865
25843
19624
13639
16386
17788
19199
1262
11360
6721
23086
28726
20835
4977
9548
18805
12848
6310
3708
23614
3979
12071
13912
22342
26630
19497
15531
7893
23478
22228
16097
12880
15275
1542
10823
6708
5630
1485
20608
25464
2298
27553
25992
25669
32528
6097
18284
18128
24588
27614
13800
14482
20539
21239
3182
30934
26561
5118
27104
24590
22195
27959
30028
30761
30334
1686
22915
14950
239
10390
7828
5634
31741
9006
11385
27380
838
9384
16335
3121
31556
6885
12263
13790
20288
32280
12299
13458
12836
5506
26628
15259
31510
26396
5893
16516
6426
10684
17703
32701
16739
1333
2115
12350
32060
4275
17218
18149
9267
6548
23570
4533
29923
18247
22898
28572
20760
16006
22956
11478
21945
4594
26842
11013
30359
8207
1213
30199
22287
27252
10949
17664
15317
12871
24765
22381
27299
14853
2904
12442
7104
4372
7812
20631
11960
9100
13585
18223
4841
5273
12580
13839
19399
11880
30558
54
27046
32167
27505
13733
18014
7221
2620
28341
2290
16483
11879
26005
12050
29037
30083
25963
6985
6175
3539
27918
14670
27575
4108
3531
10093
27097
2641
25948
9398
9719
22821
25275
23051
20288
5294
22074
26383
3836
16300
27970
16698
6866
8299
30998
25491
22940
13002
6098
1565
23333
12748
8116
12704
25247
22079
5568
26379
25412
14709
11947
23800
17776
6759
15394
6901
12708
30645
8261
4420
31061
25317
409
8057
31679
12044
2386
26737
1917
21053
19
31619
27042
18938
17284
30532
20533
27258
9386
11026
13054
26981
14808
30254
4698
2846
1940
9022
7136
5616
29698
15643
22089
604
19096
6015
1256
23852
7483
12613
23284
31374
26067
25390
12205
13034
11895
24110
12327
32710
28913
7965
11283
19420
8877
25127
964
24690
32089
25431
12444
1443
14982
10132
19753
3655
27343
26110
15406
8509
4161
9059
13547
25241
30923
15382
20481
15676
14430
10968
4524
31546
6714
23954
19677
29965
11418
29467
8265
15598
1675
32358
16986
31611
13012
8502
20652
16481
8491
20798
5357
27397
27782
6927
23421
17735
20499
1511
19989
11502
4772
12859
9741
22843
26274
7443
9440
26906
29993
32744
8476
1033
5262
25270
6821
6542
11927
24000
16420
6543
28055
27361
3108
10617
10134
27815
15236
29873
5393
7848
19588
18393
21369
5720
13696
21499
25188
17485
28772
29499
14106
24401
25887
3702
15841
413
15874
28666
15702
19715
8545
21519
12379
30652
6157
31130
3786
23778
15637
3973
23508
20579
23017
1645
13685
21081
4251
901
20926
20483
19236
6235
7964
30489
7149
12155
18399
30296
23535
30216
7405
22431
7760
9644
8412
32689
18781
27934
1636
27061
17860
32398
4179
26900
20665
23944
26197
7215
6228
20742
26845
26459
19389
10953
9846
8685
26962
26403
9139
26209
10630
16862
30428
5827
738
26794
6763
13630
28731
32199
5803
5594
26790
14389
27935
32063
30235
1468
32370
22989
28891
27501
2719
24623
16338
20394
16627
12625
19156
4045
7336
4849
10442
18677
17973
31677
21513
15272
13771
26870
18842
29480
10161
4297
18973
21941
19395
27355
28790
9430
5397
1617
11083
4096
10136
1210
16903
31678
11610
21389
20579
12356
22382
30587
29369
30711
15729
7547
29479
607
19058
18629
3924
23605
12565
21575
3493
30326
7427
22213
9564
2936
13212
20563
6954
23491
607
10871
12241
2611
15563
4190
27033
22843
4174
16193
1290
17931
20969
12816
20082
24351
32441
7850
8250
5867
11714
6465
1973
31282
20636
5652
31357
30479
21970
32250
2893
5183
158
637
22024
27587
17773
19814
23489
14668
9224
32323
28268
21879
12893
18213
5942
31914
11129
28103
16594
5873
24872
9112
17499
757
29429
27742
29283
25515
14938
12098
14152
17671
27978
2463
23694
20221
671
13671
853
5913
14414
22026
2069
4782
23538
200
30195
16656
12836
15461
11867
23072
10442
29242
22348
26604
22207
26081
23135
15130
16635
8722
3630
10868
8892
4039
12236
7642
523
8535
27297
26894
29640
12786
19663
15247
15052
11986
10518
16927
23099
24778
11305
23981
26329
21381
12320
10422
12973
25155
30884
7308
2481
447
30469
13124
27797
617
27960
16038
29292
31496
16596
8072
16151
18858
4054
5905
18491
419
14991
20292
24995
27017
21021
3458
20864
21976
12420
22009
19222
13728
27326
30225
5611
17735
11019
23657
101
4562
31651
31314
23833
7166
23599
1911
26049
1976
5585
11099
26966
5163
27969
25039
26365
6220
30648
24017
6392
26742
26442
3860
10975
11978
11792
15199
19146
27934
25509
31640
15064
3313
20636
14306
4401
26841
8241
10024
23287
21248
9502
30025
18750
13521
12913
15609
7250
9007
19435
2633
25095
17814
6112
31283
3172
20911
18589
8739
26254
8954
9851
7384
23795
28279
32268
6067
28207
10704
4089
18604
7621
17042
29256
1336
14627
1478
7302
31345
6498
19633
5726
10424
31077
27224
28344
32562
26947
28429
31265
24453
21872
2236
19648
15333
4160
30044
7974
5145
822
24080
19367
21518
5280
13938
460
5275
18190
14631
31603
18274
11809
8009
30130
7735
27152
5644
19842
25546
13688
9935
32746
15115
15615
1369
7225
6651
31398
26994
23093
27364
17554
11134
3249
28522
7152
18974
32047
11909
25293
17970
30247
9360
23519
17769
27298
154
6873
16487
8472
16790
31749
13105
24875
18477
310
4101
26894
26104
11642
18879
22661
16937
30556
26085
955
11043
22730
15259
18158
29840
19875
21437
32531
17028
27915
30760
3073
24787
7015
6385
28149
2578
338
29231
31320
3122
5444
2958
15295
32396
671
12058
25381
6158
9618
19954
15992
20526
5692
24445
9411
19989
25762
3030
5194
10083
19323
18188
23352
8125
24077
3179
16445
3978
8524
1009
22313
19108
26989
18851
5728
12521
8797
16340
17313
5231
23039
30222
5927
7151
24629
1186
24281
15444
31518
12915
30703
12477
14910
15898
10735
13157
6013
14254
6662
26650
7947
1897
21994
5168
6396
16559
23860
7077
31965
2184
29937
10709
5997
32382
19685
18027
22079
590
13089
13554
22950
5056
14161
14679
18525
1143
24451
3088
2687
24162
5670
29717
26293
14007
11103
14886
333
22614
19462
5161
214
30086
12213
5490
10638
10477
23930
26304
27275
6003
26577
19652
13401
17027
31674
24110
17279
10376
6732
841
20249
21107
131
25806
32762
14007
32767
7937
22762
18979
11804
23994
31967
162
31876
18666
22750
8431
2650
4269
18037
13129
17452
14452
165
8114
23826
2545
12853
171
11515
1818
13819
22467
18757
26609
9439
14688
7963
20699
3987
25067
30519
17289
10801
24966
18323
8423
7626
4154
16809
28338
26649
21326
32363
9543
1532
28552
8916
28625
28218
12920
13246
29016
7366
1236
12802
18307
23734
23107
16511
11268
10507
10455
22187
21537
6394
24628
9424
9098
26346
13343
24
21299
5502
21780
1062
13020
19411
4470
9221
14842
906
14791
5317
29091
32322
2619
14253
29648
8539
22187
928
16046
19158
15075
29440
24844
20449
9050
9873
363
28154
5497
7351
847
15125
30300
4395
2466
8813
3868
21992
24307
16443
2556
2435
17974
24974
9348
21683
16652
17512
27869
6384
11914
16370
25284
1184
31420
10671
996
22674
10529
13510
12168
29223
2928
13993
8701
16386
30309
2897
7923
19666
20177
31112
1782
26072
27237
1952
15005
10313
12323
15555
11440
2476
3919
20217
29974
26523
11618
12563
14359
10736
15162
23052
21967
5062
541
13175
31761
6382
24557
17777
8418
19788
968
25881
21399
1986
25524
27967
31510
21653
6982
5824
503
15769
7196
1190
10172
27274
32090
3799
2715
29120
22779
7690
23294
6178
12270
10213
22531
29445
17998
30737
27612
25944
26134
29202
14041
5322
19993
3188
5037
11638
22931
26294
28031
6754
7701
14343
31239
14807
9708
6937
19585
4624
11766
2730
10118
7968
27390
21260
15015
5333
2765
30313
21585
4405
14816
16863
28345
6929
3316
3595
21498
7350
5211
20454
448
3443
14175
12790
8345
407
19291
16085
7984
19594
17528
4464
26739
17722
15023
1083
32255
2081
17487
22694
25849
30777
25434
19849
19274
22437
24830
26039
9236
3947
1334
31772
30030
11769
1195
4089
11745
15372
24353
32163
17326
32114
7906
227
17901
22231
8306
30564
18945
28944
10192
8318
25910
13540
19977
803
32116
31625
2729
9864
23726
14640
30657
2861
22178
18138
28022
13228
30998
2526
15663
14036
26839
18138
23718
25239
25166
9637
26169
13565
23091
27885
1476
21392
26975
13859
17143
28750
12165
1619
13279
22977
31928
3746
13143
10053
21280
3431
30343
1737
32202
3791
22123
29934
32703
20056
7820
27952
3216
21414
6792
29446
3740
25535
11585
12924
15348
28190
26962
17007
9179
17651
28429
10295
31365
25309
22758
17288
24875
1086
27091
6424
15883
17067
21910
29031
1416
18277
25173
26632
19767
8698
31013
31755
17351
27988
30762
12269
22813
23888
24040
22831
23594
17551
13947
280
29545
2602
30596
18888
15838
24101
1685
8923
19496
2890
26039
30709
8878
12848
9572
22564
26185
16077
2904
19455
998
28667
29497
31820
14064
6097
31994
8690
20428
20279
24467
7690
7791
6126
8023
5928
31496
48
1449
11623
17590
1795
31087
32685
12094
32544
10626
24037
28695
1988
7664
28403
28658
20811
7767
7132
10579
17226
4611
8336
30450
25620
2282
23099
10742
22229
19500
19830
27218
18371
10368
21130
12153
18279
25611
24509
26268
21294
28306
13819
27254
12129
23271
1116
2029
28541
15051
8665
8263
17794
24983
8546
10918
32411
32277
26653
21315
1672
20220
15399
11597
24348
5903
30622
12137
12024
30029
18324
3822
7989
24571
6738
4017
27262
16515
7779
5764
32519
27779
30999
6135
23682
19274
12345
18954
582
31025
29312
25967
6406
2310
30273
9451
30353
23640
23362
10676
23395
7145
15955
14986
16071
944
29642
19694
9973
3428
1381
11674
31977
14166
6304
22711
17039
19853
26002
28179
14159
708
27632
16095
3558
32533
32607
23155
16131
31357
4963
23665
2682
15725
9555
10045
8131
5886
9377
17312
32543
5607
5109
4391
19979
21760
17155
3673
23346
7330
18011
26590
4878
25752
565
29403
28593
1329
7225
16537
27869
3142
28621
606
31394
31586
14727
21621
11796
18237
6492
8263
5110
21339
13888
18816
26159
4261
8510
13881
21518
910
16314
18853
13922
10733
7442
1747
2268
17916
2808
26256
2751
5527
7393
18982
31454
20822
22406
16984
14589
10795
28756
8013
21954
9294
15348
12656
29729
31413
26933
3333
12826
20939
31889
9661
15949
12320
9281
12386
24564
5879
8001
23619
26679
10034
10424
16909
20981
17104
28132
20521
18989
27510
4721
29816
5473
29978
18584
2858
15979
13720
17725
9170
3747
26653
14403
11777
14262
12879
30123
7490
7221
5169
28888
16879
16648
24863
20890
2501
17899
31327
16755
20654
3632
12442
151
9284
26580
19631
12744
9978
15412
9164
13227
15934
28400
31789
21353
3726
13965
11916
30520
2871
22377
10976
29937
13406
27531
19790
32204
20123
19744
3147
1389
18998
5349
24066
32624
27337
13596
3692
24320
32605
30425
31720
7337
24707
12787
24299
5337
23326
3349
31626
10158
6325
26477
9147
28393
7720
26066
12397
21223
27245
12180
29334
30685
27417
4152
10549
25477
28766
13949
10286
5979
19372
25877
22452
16667
11356
25699
23493
22480
7731
23184
9515
8008
1427
18959
31879
25535
32241
25923
14947
4947
11484
16399
25512
4045
9795
20784
23906
1228
20520
24896
23021
6120
25548
23145
6952
7684
29166
31583
10134
7618
29223
31650
18418
3063
2305
9267
8871
22201
12025
10227
31022
32181
11125
12987
2895
13647
11861
29238
13087
6828
29254
6830
25279
2710
18843
7372
23816
20699
32749
14241
9095
6681
13073
25334
23068
12984
12951
10119
2268
4873
16622
20388
12561
21930
4540
1781
17683
6865
30575
31769
5670
30044
8401
2850
21691
10901
2850
12835
18105
32081
13941
17956
9293
4499
25884
9428
6778
20897
12468
13936
23675
24375
18967
5628
2866
2129
23790
22722
18125
21264
7332
2813
13604
31037
10658
17241
17598
21957
11947
20926
8797
21412
16730
2958
18861
1936
18538
16070
684
9541
15102
18303
1076
2391
30557
5650
519
24700
20509
13748
32317
9933
10299
6130
32009
2165
15560
30691
19281
9707
10715
25320
9725
390
25198
8861
22145
27243
31446
12823
23228
6404
21127
10993
1777
8185
30302
26636
15432
17544
20037
27556
28923
6102
27073
29129
14663
16585
7280
23940
11924
24796
19740
26557
18676
31495
19833
2807
22458
5618
14921
2335
1742
12375
1187
12949
17950
12209
18042
8553
14517
6954
20005
11547
30198
28528
29222
32054
8235
3637
32670
22881
7151
29506
9929
13674
17224
3054
6825
24005
10803
591
16343
16882
6787
2713
10953
28491
26013
14342
32634
25494
6569
13533
2478
15691
11186
11386
15346
2954
15640
16844
7467
14054
10099
20388
20222
29979
6240
6878
2625
17484
13103
27752
26347
25168
26599
31267
7565
6004
828
3103
26471
22532
10142
6146
22297
22908
28714
29063
9747
32446
23440
22180
8872
31562
27225
10263
14564
21002
9249
25476
27360
7450
14979
16722
32574
3195
26185
20212
21647
23430
4554
24139
18047
20495
30565
7711
7459
12855
9480
28386
10934
29796
10925
20619
20281
4280
15258
8994
20433
22193
15771
15563
28509
27856
19431
11370
21306
24195
16491
2589
17230
29724
29107
5425
29410
5956
19026
15077
24415
22125
12437
8159
32381
27879
28093
13591
8635
807
3104
10790
12587
20904
19826
26614
3444
28141
24140
30101
1005
19695
8797
14011
11004
22056
4829
16099
15285
7988
3316
16918
12897
13332
27705
1238
9127
10918
18133
9121
27796
29681
3139
8186
24710
10004
3575
18925
7693
20532
10184
30360
12446
11331
21130
31098
18695
0
26994
19876
25077
19073
713
26206
10961
5121
27944
26210
7381
11667
25098
24012
16394
27929
3978
13657
6380
18342
15530
25933
7868
25364
19227
10617
9144
7079
789
17635
6089
27343
11159
24602
28856
8723
18231
27863
6471
31108
31555
27985
5497
8750
13344
14721
16674
9832
14749
7234
24917
10309
17404
12899
1274
28662
2917
3231
31965
26217
4866
14440
2735
11573
18457
21380
19960
3065
999
24154
3978
13052
25119
32677
14251
27438
28059
14442
10087
7888
13040
1083
13602
19757
6017
19320
19063
23065
16662
15738
17334
18681
9677
13413
1639
1881
31265
27024
16485
31105
13112
14433
32105
16114
20638
9989
18365
12820
7485
23138
6168
10071
2352
9296
28923
13440
4470
8348
3691
3909
17666
24242
27899
20013
28828
25571
14957
15489
32145
29408
32695
11181
21057
22316
8871
30983
31005
21939
26657
11444
1481
25398
10428
1763
16969
15627
17413
12791
14018
21747
31244
7547
17524
29248
13676
12413
17983
24774
21167
6896
7464
1975
5087
24390
6634
16108
9059
17189
7489
19726
13002
12637
6805
22207
22667
27040
11177
23619
23212
26179
14031
12937
28391
14249
19976
7818
524
32167
4138
27648
11239
11433
230
27786
27083
4618
22732
31800
29042
24905
30080
27024
7065
18184
20012
12114
6924
9818
28032
7855
24737
3240
7938
8834
29550
27052
19606
22993
8022
28570
13319
21192
9408
18358
2460
28217
17621
11270
10605
15838
11382
5005
8474
30194
10760
26148
2403
14577
29463
14927
7979
32420
19646
5086
23013
6849
3630
24985
1309
5817
12171
4126
23504
14396
20575
3699
25138
27989
21285
3501
29729
32524
1894
31335
11017
13504
28273
19204
20970
30100
29978
20472
32097
1729
16372
25662
4603
2414
26486
1741
25310
22465
5583
11032
11415
19719
1570
23824
15190
3800
8906
32358
9511
29698
30119
23430
19589
11719
23764
18491
12949
20298
12844
30267
21068
10403
23229
30318
31826
29850
5507
12771
6281
9438
29734
27156
3135
31247
31698
18452
32631
946
21619
19651
751
905
24104
24294
24109
20217
27117
10721
1226
5012
29075
1713
8719
25156
7834
13202
22937
24338
30160
30677
24681
6247
28684
7307
32193
10914
26910
5186
19153
22813
3162
4906
16276
22006
19138
12759
25031
2453
8570
6311
24141
17677
27359
31242
18929
540
6883
25955
7093
19708
22961
28555
30334
20864
10131
6256
15580
20764
6856
28971
12644
12665
26189
12837
29845
31377
22986
21970
30412
6879
14254
28786
10410
5136
8567
8682
11926
26550
5668
29739
27414
18076
8026
26078
1931
16050
12518
10877
6002
27320
27524
23956
4628
9899
10484
3744
15591
7973
14066
2587
11234
11215
8260
30132
31238
3660
30229
3650
24309
23502
32249
8386
2458
22512
31855
1827
25807
17505
19795
31017
15976
5678
7408
20653
16270
24852
20532
7322
5838
5158
26338
30014
31783
5385
7752
18812
15309
30304
1610
15946
4644
11436
9302
20315
4807
20555
1552
22536
10766
19691
8376
32163
29846
26794
23643
14873
1238
23295
17886
25570
15893
3993
11474
20128
31037
6284
30684
20486
11597
21222
8548
5868
24858
12760
17172
31457
23931
10894
29621
4530
16396
22748
15698
29286
19076
3050
16525
22083
10844
1348
21895
23530
18737
9711
18904
31381
3251
27208
20517
18119
27830
30406
22798
9264
4831
4624
30307
4876
13671
6506
8348
28766
18858
25434
1133
877
31226
25591
27131
23579
21089
9721
1237
32188
22374
18419
13447
9792
23933
16117
32607
27029
21744
21148
30502
7261
28552
27144
12732
21889
12668
11809
6088
28751
14838
18196
9384
9705
16335
9458
1537
13093
13287
6560
1846
28605
5336
4860
25201
16661
732
6789
23850
28428
24040
32563
4419
1848
13751
12654
21535
12081
726
29177
20457
16299
21124
11868
19406
1737
30871
29499
8173
3159
2700
8533
7470
16094
4282
30522
12347
21735
22947
7418
16347
29802
12397
17893
24596
10144
4092
21894
26350
6023
9534
12140
27936
22050
16049
2581
18049
17086
5247
7756
3485
797
25033
6077
804
22552
8460
31908
10979
14420
19818
19274
17426
32131
25918
16856
2406
18026
9488
22514
24229
2632
28576
4977
15067
19131
19783
13101
2563
27939
15921
30451
7447
13998
2885
27299
15624
16910
2165
18925
26150
20906
21795
846
24137
16711
14455
17465
1097
7077
5944
25236
3522
8540
23384
12987
23751
20808
597
5624
31535
21809
20343
31797
10408
1855
13330
3053
28011
7899
20036
11503
14124
21533
14997
17875
30426
21418
2174
22403
9799
31436
13034
16972
25357
1453
24413
4924
30331
32105
12945
3264
29957
5614
32232
2947
9215
11170
31238
17514
21315
21013
13920
23319
10124
28188
25383
9068
4409
12569
29396
8965
13247
13950
16144
4698
15106
4887
11573
5084
10654
15457
7861
12028
7848
12163
8771
17360
1505
13973
17280
14178
28805
6641
22567
7791
2807
21582
17617
18602
29437
7597
11814
20340
18825
20445
12851
31121
8450
23982
24415
25252
11439
25094
20750
610
13142
21208
4814
24172
29370
20028
2487
21233
14128
12728
4981
8753
22806
22027
23943
19071
16805
3364
1155
2488
3333
10986
27348
8280
23224
17163
20454
7548
4146
7752
19550
14423
30887
2985
27548
14872
14771
6580
21909
12004
30772
15890
435
19862
8579
24678
12226
5774
28197
1574
21406
13673
3643
10231
16082
159
32645
1972
9803
10530
13148
17487
19868
5754
30747
1214
15964
23155
8033
20927
31950
7362
531
31743
26943
7047
16310
21373
19427
20411
27871
14129
15084
26752
3693
18209
11327
16479
24330
4304
14499
19597
31962
1688
927
22185
29853
7955
29274
24582
7692
28225
19341
13883
19416
28751
16591
3634
21623
2099
27063
6958
19745
5536
9723
12067
2727
27043
25808
2662
17537
16802
4727
494
15733
8969
3973
29294
27518
9727
3813
6567
15704
8126
19732
26417
2586
2333
22133
20964
3029
11034
14164
28044
30209
6112
32243
24555
4581
8164
5188
926
23984
25397
15001
4145
31666
13917
30755
23095
28453
23345
528
11398
9255
20890
28078
11603
17694
9023
18792
20102
29863
8938
27401
1166
9493
31271
20051
17660
24837
18144
3149
20607
23408
491
9125
17773
12606
6569
18026
23956
24566
30339
15440
27479
12021
28884
20674
19297
7878
15437
9146
31458
20128
26430
27747
27962
21410
22512
30815
9228
19654
18126
2267
32332
10740
27025
12999
30214
9704
13576
988
7882
7292
22627
10162
15682
5726
14357
8034
3823
30677
27745
19895
25530
14942
18580
32029
25232
21753
5275
12788
28559
8491
30019
13240
19890
14934
36
22476
25995
1936
3339
12075
5975
5671
11925
32175
15161
21555
18703
32359
29526
5108
9480
27652
16749
18170
12789
5639
29816
4479
32639
12716
1237
25624
675
31908
18406
23424
29888
22473
13542
10520
32402
21185
4414
9606
23879
28165
11233
26495
21930
32566
6063
25269
21386
7731
2724
30670
23918
19627
18646
19949
31369
6701
15333
8199
29526
20877
10454
446
12002
19557
16612
24433
12902
12960
22595
6266
27207
30916
1308
5160
3818
24726
6656
384
9320
26870
22834
22610
25178
24697
13548
8322
13657
24182
27854
7432
5791
30213
11299
9833
23910
1816
24731
31178
4727
15098
29389
20707
4969
3918
31204
5505
10412
28436
15125
6569
9308
30217
25317
9759
29782
4944
21018
21131
22556
11712
12192
1961
17374
10950
13220
6595
21333
10983
9663
19645
23555
17153
22198
24026
10897
30978
28454
1797
19520
16984
22567
9167
3678
8494
28823
20609
21306
1938
13310
28237
32108
15642
12451
29563
8202
9736
17511
29940
24530
24738
7585
13304
13674
20897
7547
25509
29342
260
18374
498
11747
2545
16789
17914
2535
24439
27105
31537
9128
11762
10932
128
24493
293
22071
5092
16363
22404
21187
2090
2396
11492
2404
16527
25448
17966
27534
24357
12122
6100
14869
26591
32615
21324
10488
29969
5414
11741
17502
13698
12770
29059
13837
5348
29454
37
27476
31588
8841
6454
22943
32559
18213
4933
23438
24001
22309
11005
2164
7259
21345
9371
16938
13602
10932
26998
5179
3527
22283
13386
21619
3755
17365
29088
14891
25960
2028
13396
4834
3902
20895
31971
22755
21423
8797
8087
17984
31675
5831
8603
1883
30615
7453
32563
14671
92
21533
20444
1381
24010
19774
17156
9492
12643
11807
18740
32311
1078
10016
3715
1231
24594
9693
31366
31355
26903
14267
30201
3762
14943
14716
19589
11924
20067
7055
17856
5692
22063
18417
4003
5303
32391
9434
20937
3541
11194
30065
18390
15477
31127
12174
23265
28040
6470
9306
19648
16090
8043
3681
29420
10602
15133
4616
24657
21608
28202
9588
7912
15911
30701
7253
21663
19121
2240
1029
20800
10443
4754
9818
25312
16862
6177
16483
1723
22857
23669
7713
23277
23680
3338
10898
13910
11661
3118
3020
620
30507
2811
4831
8442
2744
21810
26893
22014
4255
22083
18889
13362
5277
26957
31894
28335
31161
20815
3519
25336
23854
30650
10977
3492
31281
18981
32105
28119
17050
30306
25810
23078
19758
13528
6538
16826
6929
19168
1575
21634
24751
395
5720
2439
28974
31428
20034
7278
29019
21099
31224
31876
30544
30944
20799
10779
14196
17355
31713
8570
1366
4166
10870
23835
15312
7226
10410
9308
9748
247
29423
30127
15652
8723
3397
867
3104
20727
1866
15045
4325
31046
27603
9959
15560
22888
25698
13383
20720
6880
23228
8527
13361
12490
25669
5594
26506
14183
20053
28917
22883
1047
14173
31728
23880
22501
15282
10048
10248
11025
16892
8487
14828
24745
19913
28958
4001
22977
23095
17979
29776
30823
5423
25049
19472
4953
3735
21091
12164
27301
6038
7069
22835
13819
31213
29758
24335
28007
2018
2129
24591
26963
3709
2857
21666
27588
15113
20275
20520
10195
6201
6863
26442
14525
29444
20975
4084
17819
16229
2123
6500
19976
8240
22580
7974
24710
4690
6443
12459
29426
8900
21119
6292
29926
16404
16163
29210
14864
25306
10516
12681
9016
12113
12745
31644
18295
25916
6374
4391
22872
13020
9664
32305
18571
8408
10963
22242
30490
26445
18257
21163
14146
19060
8017
28257
5919
27425
23543
31426
20128
11035
27732
27782
8848
5273
14642
7622
26625
23350
8231
11195
14900
8816
16712
8496
16725
25810
6768
16145
23523
15457
25097
29447
3961
17233
11765
17949
22090
11953
2801
7940
25909
20975
32649
225
27683
14093
23352
32584
9759
15258
1497
6505
11276
5576
20793
20261
21005
24655
9091
26848
3649
28311
30534
13919
2880
27499
13466
24682
13347
23802
11994
3933
19742
13180
28285
4750
18371
6989
10206
12626
13870
9835
24895
25521
7259
3380
3586
29086
13775
25654
14882
9405
28318
13780
32565
24058
24291
21386
1906
16254
1864
6802
11611
16689
16148
14627
27026
16661
3918
22639
30446
9400
26096
7106
7635
2783
13533
22820
26391
9392
18157
24146
15340
6155
3332
8407
17306
27891
8619
32077
18227
3754
21782
6237
30569
11197
11393
2017
30025
9140
23145
3911
21127
22750
11270
20542
7666
8504
13626
4519
31505
31228
24732
13591
15307
20258
3674
9053
31146
10662
22747
10774
25259
4734
2958
25925
103
449
15441
9746
19421
224
3713
18901
15985
27031
21788
1944
24791
28850
27750
20025
22878
21604
20368
31840
13245
21162
15706
24963
13064
5816
10988
4647
20838
3964
8378
16382
27676
3556
16546
25556
18060
7545
12886
5046
21361
21785
1
23338
16660
10010
12555
15195
4305
17844
11746
16430
26454
17467
10928
28391
10444
22010
12825
25868
16037
22254
30149
12593
7828
21224
20061
4490
9348
26256
22747
20952
28996
10419
13033
27951
8277
24220
31459
29561
1457
16490
7152
6436
25522
29992
3573
3579
12594
6183
28936
21065
20890
13374
22285
4817
16502
14254
13974
25230
27785
30802
26636
17080
7249
13930
24448
14887
20255
26525
26882
12472
21349
29889
31521
30461
29976
26689
19768
11242
5193
30250
5095
8875
4961
15588
28167
2079
17773
15806
17004
28252
9755
10861
15335
17569
9087
5979
574
10469
25844
14247
21605
24623
31410
5634
10735
28392
30690
17320
1857
26003
10620
21853
3185
26630
22398
11345
3438
2615
28580
19327
4972
16864
3943
28829
14642
11569
21843
8645
20264
32147
13034
14218
29983
675
30354
26416
6175
12470
18185
7126
20040
31183
10475
5455
7887
11560
1292
30844
26596
18907
10946
3850
24480
9881
11987
18721
19280
6562
4707
10655
4143
2772
10428
32473
27194
12452
18916
29956
4108
1156
9427
9924
11119
11180
167
15716
18535
32208
22898
7892
8045
11159
2162
13230
20557
25135
14616
4783
31681
25800
26641
24154
25883
16155
18756
27314
1271
10119
25887
29187
31160
32362
28974
8459
27038
30155
5865
29685
29918
2870
29081
13654
23239
32414
18431
19930
8460
7787
755
6800
3436
31294
28474
7056
19122
18829
23465
1074
27835
19713
10794
31888
26624
9639
12075
30624
1809
7968
30575
28088
7122
6619
8216
11911
21266
13057
20504
27572
16803
15813
4824
3435
17784
16929
30191
25040
18413
23617
31715
283
3366
10616
5114
27831
7632
12912
10513
23986
21003
24229
2431
14663
20057
19015
26550
2128
25028
13917
6878
15245
7196
30110
11784
11829
24771
2301
4879
10529
11143
6044
13812
11230
19757
16023
15246
30493
3524
14622
7981
22718
18442
27190
1731
29822
17826
5912
27219
9239
7774
17906
20022
18751
31637
18202
1596
27500
17977
6475
24753
15092
8958
6495
18558
26811
8431
2569
31179
12682
31958
19637
5125
18018
11730
14000
31018
20536
13550
7256
17871
28382
1053
14213
30914
11511
30918
13228
30449
17358
23412
18708
17542
14013
20505
19387
4654
10437
14059
20333
11601
8286
21484
28508
14625
192
18986
3065
8178
12237
199
24376
17806
28953
26174
20713
12548
30693
21602
26592
5951
12102
19633
16192
16730
25852
19748
2122
18631
31225
15244
15599
28087
19887
30774
1908
6710
5806
13556
2709
25548
25636
26079
17376
19934
26475
8269
8133
15625
27046
9778
7028
17733
19680
21216
16103
16096
25221
397
32023
19233
26452
11470
14579
10775
10179
12786
10726
20945
7406
27913
8525
17634
25526
20232
17286
30809
10432
13871
3956
6554
6813
23961
28982
25364
29663
29937
25810
13560
1404
29299
22434
3391
16487
28750
32100
25079
1529
8329
18402
25046
30673
19084
22859
11311
31050
24057
17141
32136
16695
27512
12631
8740
26950
31758
9317
32746
3255
26626
5174
29913
23969
30238
31229
16937
32657
5773
23881
16447
28772
5131
2719
18510
21536
28259
3931
8834
2354
16887
12082
21893
31551
9772
31239
18482
23960
12455
19026
11951
11204
24422
12459
20978
29239
13777
22311
31785
24704
12772
28855
16503
13142
15040
11858
19180
27223
16039
21331
11220
24145
15688
24716
26611
20857
15037
10727
13099
23167
25990
4205
1565
11097
11465
28458
32595
30048
20668
12904
4486
24866
4132
1340
27629
23996
27589
31212
10861
20557
317
24189
19433
14819
4774
910
20671
18519
1336
8919
4604
13355
24129
475
30107
18380
22966
18991
20095
21372
21880
28653
14737
26575
8006
20576
25947
402
22811
3286
4580
21751
8507
18915
23364
14929
22455
11927
1848
20888
21943
3393
11725
17193
16597
14837
397
24408
12338
28919
31614
18097
3427
16194
11133
27211
15509
1149
13528
5580
32519
8947
1818
10919
23380
6173
12875
8424
24542
25657
17569
1704
7207
2783
23328
7785
15595
18503
10388
29273
32479
8384
21124
5004
16455
32574
27877
365
9581
2606
10047
3108
32605
20959
14994
1548
22322
3383
14782
5692
22440
20392
29781
23451
2510
22185
26437
9628
17215
21642
10887
15618
30836
30109
20456
26343
24733
765
28674
20376
3546
29749
30274
28488
6995
22432
28064
30470
15072
32068
20987
31839
30692
13805
1950
19986
11357
19548
27773
1404
3646
4880
11027
3232
21909
16687
2014
25234
27456
30472
3733
17654
2056
21288
18297
3290
13826
1112
8410
8668
5885
23602
25112
23784
15735
32376
6117
28919
17594
6970
18929
6760
2874
5693
10862
31452
10256
30264
30692
12190
28124
2476
32401
8738
21700
13396
26383
4863
11277
493
10578
15795
21296
27650
30446
12346
14165
9121
22361
25005
32078
30447
30719
6771
4868
1566
24396
31239
15360
14934
22876
30899
29668
29072
19095
15548
30875
21278
30423
2292
15345
13445
4535
6904
16082
303
5276
25102
7880
31402
19856
16849
2045
29624
30087
22911
2208
3241
21946
30275
24873
22106
2686
29448
19894
25865
4854
32303
21205
1548
12786
19008
26398
1226
27709
3707
3826
15709
7825
27421
25991
9870
3039
31799
17626
25664
20464
30434
4281
13032
2052
12764
19630
30526
26257
15219
15059
10546
5952
24142
6429
2469
31480
1472
7943
30961
3442
6475
23935
12846
21861
23207
7627
21328
5047
31423
2169
18123
8657
26661
13766
32131
15438
11027
3315
17347
15496
31022
23639
30209
22018
29895
9723
3808
3075
31954
32073
27045
6071
17607
18781
1850
2330
14039
20798
17445
28266
1645
24039
16846
22398
13149
706
1487
14724
22043
9576
19154
25313
7712
30659
20511
977
31097
8455
28263
31145
2698
13572
23454
11793
4737
28769
7938
15508
32226
26307
31057
14196
32425
9229
31215
30803
29335
31082
5960
30039
31790
18071
26149
7233
21541
1445
20805
19627
13140
31554
15461
25172
31662
19791
19431
20941
18790
24340
30307
17447
24489
22577
28052
5853
3141
8685
11711
20692
24594
13508
24663
14226
27932
17654
6445
7108
6097
12257
22500
25640
9635
23022
9097
4883
7470
13033
22447
12125
7296
11304
15464
28164
9014
8389
16727
8256
12216
10731
5595
14265
17373
17980
27486
2906
32462
2570
23865
3466
1118
6041
15298
25070
12227
25528
9718
1374
32559
14560
24873
30249
5703
11950
1386
21013
19892
32540
7565
19652
30660
8132
24779
26733
2872
12284
16471
12409
26246
29922
31815
28174
30594
29188
18582
9951
22760
15130
26783
12694
11436
12479
21385
8640
3922
7027
30288
6813
21911
7540
32092
16398
27157
8362
22833
16762
12526
20692
28614
22267
29628
24789
3191
28579
30667
28261
15308
3699
12845
373
24318
1243
15959
22726
10240
19301
28149
6832
7793
9745
4249
13812
28491
18152
2722
4443
11748
16524
4011
21450
716
330
2157
13469
24378
9870
10369
11396
10349
2637
3740
6389
22315
5539
23498
29930
14277
2421
17704
18941
10117
32267
5037
10465
23492
17955
32029
2932
10970
24971
8287
2225
2938
11015
31289
21851
1041
10169
28348
14150
9230
12959
32328
13730
2459
7155
26535
21314
24256
8844
16831
5984
11961
17939
15755
4787
15536
3765
3524
7456
1459
8734
12543
5730
5633
25587
18239
28687
23975
19420
370
