9595
31962
26022
22162
5397
22135
16233
19681
17479
27109
20992
25472
15027
24827
17367
19538
27043
12565
20520
14757
25121
30673
31831
6262
18273
12129
31502
16841
23711
19861
31287
26038
2611
27510
32424
20027
17088
12499
643
19396
13650
29533
16176
18196
15764
13024
14814
27611
4881
17266
8058
20626
18957
13410
29094
9423
25718
23692
23243
18217
26757
20110
24532
28332
7900
2513
13867
3133
27646
7341
12638
25114
20401
10601
8248
5420
2787
29998
6280
26922
11660
17153
10512
27768
23561
25904
29155
26157
12547
22972
19580
25920
5786
3547
2570
15037
13294
2976
15519
6296
18079
17405
4290
29790
25731
4599
13954
24416
15805
19740
7458
17968
32532
659
21909
18106
17792
21643
18058
9273
26678
10353
493
3614
4201
22510
2129
7989
480
14461
27709
4187
2550
32245
15429
12562
4681
24560
3903
5938
8518
10781
30495
28525
1624
27167
8620
24356
1416
28195
26284
9398
12227
8522
19844
27535
14222
19490
4140
28863
28030
1762
27666
12332
29374
12055
7928
28162
27279
25319
4693
30829
22919
1059
31100
28162
19816
6612
13044
14163
7657
25226
5873
29533
14794
18216
32498
15749
14546
4792
3754
6764
3081
3161
4534
23257
24613
9742
23264
11770
28734
5202
31762
25138
4129
31082
1566
10576
23510
13766
7429
9374
2143
1756
3475
14879
17183
13921
1964
6417
23805
13692
23686
31378
7642
16645
31701
2957
21869
20804
13506
386
18024
7471
1602
8415
25720
23780
14036
7054
25522
26416
31505
3538
11228
15822
14203
11106
13473
24595
4970
6191
6095
2949
25356
1154
22964
8722
11960
19624
9832
16550
8137
23899
16111
6511
6830
12225
23483
4783
9360
14156
3363
8044
1119
30934
19766
13897
23188
30565
10969
22141
27266
11797
14636
4447
15074
14434
29632
6853
19522
25828
32184
1506
20465
20701
9266
13761
5557
804
18925
24952
9024
19625
2776
13694
16062
25273
21198
1712
14993
13351
4
3590
7103
130
4679
8952
27836
12801
15623
23854
7881
20140
16940
8317
12751
3610
32556
15226
7757
9222
32509
12844
679
1866
25175
30609
19964
12430
3854
9915
22680
22148
2048
25481
11666
22418
10504
10749
20728
19621
10701
2254
17883
19881
30506
22618
16915
8567
21236
3268
6824
9134
30735
4995
3857
10694
9174
7857
20870
106
29094
27706
31654
26331
22085
20375
15394
2966
28600
26548
27141
28712
21694
5028
11467
