6237
11929
5686
27510
19921
26021
19661
31896
24149
29587
7279
31285
6343
17434
18757
20585
23068
8914
23993
27220
13666
27415
10614
16668
19481
6137
15511
11580
27322
15413
8519
10765
23706
31870
13858
19880
13137
19435
1658
4765
11636
25143
23121
2215
3291
22927
9439
26962
29543
22434
7347
20747
14501
31073
26016
24928
32524
12267
16494
1138
8666
6441
7901
13537
28723
27164
520
19822
30751
31747
3524
30185
13400
28742
20845
26316
30134
9819
16766
2192
19124
23557
28068
25765
10372
12672
22768
30822
13073
32061
8303
26299
5936
21872
23750
425
14947
26056
22621
8921
1719
24776
26900
1325
23048
9103
22535
17906
12385
5445
11100
23539
2832
2667
30932
26275
2230
17637
28027
31905
17991
1666
9516
23105
20731
26191
24988
27310
3642
11378
16905
11455
5022
19408
27715
4038
15587
9289
3739
15392
3858
18122
29324
5427
16017
29186
27092
17219
588
30045
21570
12414
23092
28314
11567
24942
11967
971
27977
9410
26106
4159
9737
30578
202
9950
24610
6169
8700
29086
5853
26688
26788
14677
29249
10507
10951
20178
22492
12443
23925
6458
22871
26472
22558
24752
3330
10103
10913
6835
2118
14641
10185
19053
23839
28157
28361
26642
14566
5379
2009
10446
21018
7406
17379
21114
8365
28747
27113
30616
6362
19528
11035
7409
6215
27809
23443
11770
28363
1360
28250
12140
30823
6630
28278
25854
9367
32502
29422
12641
29955
580
5321
19352
1096
23506
7747
9699
9057
28652
8938
21682
16914
12193
25495
11707
29770
19155
13372
7575
11192
21167
4122
13577
7536
4058
89
18671
21331
13843
9272
28659
31001
19774
21666
26775
8095
2271
13028
12331
25929
17162
28208
10499
3276
5164
15710
15858
14234
2266
4534
30483
3657
30431
23058
28143
22319
13618
303
28917
15230
8690
25598
28957
2650
15574
6612
3019
17619
15809
29533
11591
26233
32380
11588
4089
14205
24655
16335
24771
10927
29570
2124
13556
836
23802
872
4575
11398
14139
21584
29467
30955
9921
9072
17213
26355
2285
14034
4375
23852
18265
31869
13742
4205
23064
26636
11123
22122
23851
28113
20616
26710
18072
27808
8532
11072
23962
1768
11875
32377
9412
8569
29661
32766
9991
19567
6718
7850
14431
13091
21038
14113
3879
26455
1138
22396
17399
23871
1283
3604
27364
25878
24358
5179
14523
12762
29861
6003
878
17012
23128
11136
15465
25750
30688
22474
13333
10416
15352
14644
1188
1315
17702
14197
14813
19571
11668
10522
12125
6539
31115
28592
6447
25896
3407
7052
7713
6722
2985
21363
25773
26723
5911
31997
30210
27760
11422
27295
16341
18181
26214
13714
3176
21485
24190
7453
22976
11819
13674
732
29643
859
11275
28398
29841
26204
232
16917
30519
4869
5948
13130
28994
26715
6087
6321
7685
9064
338
32058
7308
24613
2465
24969
26450
1365
26548
13251
16059
21624
4374
15972
3632
12631
10121
6715
7799
26549
8167
26038
4739
15845
5183
21759
21827
9637
25288
26702
7221
6944
13882
1014
21085
6010
12882
14117
29430
25142
16724
300
15656
2567
7389
31805
14657
13817
12521
17543
9192
11948
19818
164
31304
1214
24150
4486
27042
24496
19053
32013
13766
20242
10888
29038
6438
25516
7896
7685
7425
11895
21378
21308
15492
28495
787
2977
22172
30901
26366
14437
13373
22208
30524
26231
29795
20486
30966
4588
26564
30103
27022
18469
11392
8587
30770
27106
21491
7211
2438
23499
25189
29851
28596
26684
4347
18773
1141
18460
21111
15092
32545
14312
21260
3693
25288
5529
30999
12221
23331
8777
3658
22380
8790
14012
20371
27193
1731
27916
15793
23435
21031
26957
914
9142
21296
7591
20187
10846
27963
30555
24377
26870
26562
15727
10738
282
32044
12046
556
29607
18605
23749
26048
15665
22624
32419
21001
24156
18251
10221
9880
4294
6734
13881
30805
32700
18481
24775
9540
20085
25116
30286
26420
17670
23539
1692
27808
12290
22781
18773
18355
24093
26891
30269
18449
20698
2108
5935
10492
20351
23888
16960
31204
31064
4877
15746
9630
739
16526
21393
8984
8349
31203
29335
16949
5416
23344
23718
29835
28514
8854
5096
11665
17160
11688
29923
30202
12466
14325
3514
28631
12072
28638
16820
14660
19654
25244
9444
12948
3882
23997
32241
11451
6021
29447
5332
17491
19412
10127
18686
25271
1014
7641
10396
22004
19673
19030
23871
13612
20187
18740
12339
19574
24890
20226
2085
4510
17667
28653
10053
1933
14964
23849
16970
27245
18507
25444
22935
29982
30229
10928
7018
5771
31526
27641
16335
18549
25597
20721
24811
20426
23314
6480
15727
14164
30
20062
14249
52
15237
29352
14667
7050
30122
6386
31590
961
22065
23353
13891
4276
14877
205
20857
11289
18125
1396
8481
8883
19893
26868
11372
4281
18191
2340
19229
5939
10807
12935
26620
7296
27681
20614
725
18174
19420
19103
14681
16239
32695
27335
14869
28590
16931
21667
1690
28592
28494
26815
19440
24143
7537
23610
3147
6673
3150
17682
19748
12093
3743
4990
23283
26561
31539
27518
19278
29907
1620
16879
5702
417
8077
21806
3252
21675
30924
25541
17108
6138
19353
29626
24008
10183
9975
12994
15324
1181
15091
8951
8361
12091
2917
568
16241
9916
16183
25247
7205
6957
17883
22544
25566
20636
2365
8973
5482
24201
24578
19460
17272
31462
24481
3646
14453
9992
6305
27697
20089
20388
27496
15526
2814
27745
7181
7479
8114
9232
25825
1560
14346
17452
19793
5110
5141
14597
24572
6332
1705
26226
16844
10738
19252
5161
5878
755
22565
7836
10115
10317
5033
1783
9638
31358
6194
32693
29771
31645
14643
28019
28374
16641
23437
27326
1749
6953
24217
22877
24090
11895
13889
16360
7135
4868
3319
4302
22397
8003
15842
25606
30944
18601
22124
24930
1246
11160
11973
1752
31414
2980
16681
23045
8155
25964
133
6029
15346
4217
15405
16050
25457
10855
14644
18533
28882
15610
16927
4342
19387
21791
20940
2722
31524
5724
20947
30499
31937
2022
24422
13154
19919
26961
12857
24169
32316
3984
6178
32735
12663
4457
3955
31755
18003
3446
15624
15589
26183
19518
31409
23530
29727
12866
2491
7816
26024
1389
4713
25080
13683
25227
6556
7744
32077
16619
16370
28553
28974
4855
16379
3952
13183
11194
32450
6318
29144
9281
26023
4629
11248
27742
21871
3579
8280
28844
27387
30080
11421
906
21495
14222
10266
897
6729
25835
18960
7732
22781
6871
5633
19214
11893
972
20726
24321
13402
32269
13091
24328
633
6650
28258
6329
7527
7551
10541
15708
2008
7109
27431
23973
18926
21548
31311
31012
491
10548
24029
28274
11964
17157
28067
2147
12124
17429
15879
30522
3358
22368
16248
28027
25846
29760
10020
28079
49
3743
1292
10792
15191
18372
4211
10068
11157
24616
16693
11326
2522
27431
30332
2299
10642
29022
23742
24957
8575
2480
15054
11222
4638
19479
24793
18543
13118
8431
7229
20264
20339
22095
19710
12072
5139
23856
20590
21365
11510
27576
9448
8020
31866
27532
21697
17137
19981
18709
9063
28841
11081
11049
30395
15896
8844
23682
12183
17724
20862
13597
14809
3277
27473
14897
19730
27571
16541
19441
7206
24234
10421
720
27462
32449
24696
2321
32354
10884
26332
4935
31563
29911
1885
6722
19098
10446
29272
5177
10801
29990
7125
20011
9581
5397
24387
5958
11926
6612
25738
24682
5707
10018
12076
5644
8365
30706
22081
6959
29695
2313
18364
21531
19715
23695
23258
25467
4084
16726
2786
24023
4646
29376
28126
13140
24745
24910
9728
9016
8827
11852
10942
22554
3922
30140
29419
31580
23911
7563
25417
19149
2458
16220
6927
31824
16366
21917
903
5956
15956
32165
11318
8643
2911
14775
25081
11458
31319
12707
20274
6379
21777
21335
7695
8785
6000
5493
4431
19210
23424
4089
6145
22365
24653
7948
1723
30049
15027
22106
24940
21067
18885
6215
16197
9434
17001
1649
17089
16343
31712
30251
21855
28382
19092
1212
10684
30328
18362
13432
19307
2864
18776
27608
10160
13428
16896
20938
28496
960
1072
14532
1882
12233
10067
1783
12645
888
4482
6357
4483
26963
16432
29768
24982
29505
6021
30870
29174
11154
12000
31635
32699
22335
5474
20340
22036
32538
30558
20995
4595
21169
6106
18162
13673
14901
15697
2204
4730
17898
14072
12960
5057
19383
18225
8499
26161
31614
19777
9690
788
19802
22733
13255
32077
14127
17829
22187
31705
3239
22850
22702
14724
30271
30433
27351
8354
6280
22399
25588
23200
28242
12827
2492
2672
31764
19320
20126
29558
18989
25180
29131
28094
21246
14026
14682
25564
18163
3748
875
8500
20368
4068
7332
6334
10103
5032
775
12164
20696
8240
16510
19634
7633
13666
6458
25537
31284
15959
14297
2583
10282
5686
30130
19205
18291
25598
30925
17113
30718
31019
28918
15475
23446
19337
17577
27280
21063
27614
9455
22724
2983
9923
26143
32073
20250
14715
20760
3538
11482
8499
14488
27958
5104
32601
28654
1898
8731
29479
6925
28053
458
18324
18423
16343
27404
530
27713
14051
6690
9347
7776
9855
27760
20525
16220
1010
21526
21403
11482
23698
23156
11063
2636
6482
877
26983
14286
25174
4801
30017
29593
30226
1278
17432
25807
6629
12463
10992
5125
10147
10823
14792
29341
22422
10049
1238
24108
806
28267
20775
19688
4352
8504
8984
24658
30289
23132
20618
16178
11487
28443
21147
18212
268
12516
6611
16488
6431
2518
12168
20890
22243
2422
9982
3774
761
27832
32133
25781
6270
19729
31687
14881
24889
31583
28492
1199
4405
4596
27764
992
6524
15143
9591
4984
397
25863
29424
21018
9071
28107
9148
29054
4064
27177
8663
7277
3331
29479
24565
14710
15262
2661
11537
25587
14193
1695
19206
28714
22724
31184
9019
21399
12210
3076
28221
25416
1383
23484
39
4856
12208
22592
25192
24994
20994
11258
14890
2165
32629
26464
9978
9171
31324
22143
21858
13718
8643
28662
5529
8648
1858
23751
26027
8746
18041
3663
15880
31218
8792
4738
22696
15327
1727
875
3922
1118
7200
20335
21270
8596
7229
21730
22054
22500
25495
18031
1768
558
19651
25857
14636
9383
7797
25168
27028
4603
1397
17612
10144
12706
17596
27083
18849
31513
30069
7333
31366
381
24754
18214
28010
1291
6604
24552
22283
17599
26523
12523
23765
10632
5123
10820
10221
1011
9753
5482
2788
907
29857
1309
13491
16101
469
11472
27178
13955
2313
3623
16129
32528
9382
7248
3457
2609
19390
13360
19689
15994
20847
30651
19284
1046
27149
20488
17793
17863
29914
17998
11508
27247
22016
19260
23483
25539
32191
8658
28386
19996
20389
4608
11291
2630
28656
8994
11794
21419
9674
21766
27058
23599
2512
23102
32517
30247
27661
7646
4186
7774
15002
20936
5131
74
6847
31247
22716
18396
31915
21435
30597
7410
2324
5148
20434
20340
25560
10665
4510
11800
30815
5386
9504
16571
32502
2035
29698
3497
14852
21824
31763
14455
29126
32746
4713
8828
16227
14997
25187
12246
26692
20028
4704
5084
22815
23604
7574
31611
6239
13689
29697
20008
19203
31711
1305
25258
19055
31334
19981
9830
3623
32304
21764
29939
2326
1461
29445
28172
24965
187
6375
15352
31486
28257
14425
17591
22917
11915
27415
29462
12829
5335
776
15166
31762
20986
11867
3849
31406
19358
22008
21911
6133
31012
32227
27953
26716
22290
27575
10628
24960
10478
891
32089
776
21750
11756
31694
29434
23197
22411
9461
2679
19775
4161
11984
17475
26054
10648
17421
15373
3350
6689
8047
5628
4941
5224
18895
6592
746
28822
9806
715
16550
18383
4028
13579
27823
19366
12245
31487
20613
30908
29084
28136
19542
15787
13921
17781
16664
10229
26133
2322
32276
9349
6904
15463
8172
1320
33
8887
20800
27588
10570
31208
5095
4892
18690
20218
8147
20565
19044
1721
14231
26272
11773
29520
27947
14388
13959
31359
12279
11808
30524
6976
12014
12010
25722
8055
14284
13845
18988
8981
5010
12310
5697
3929
3674
26388
20869
2839
15795
3478
25062
21990
4848
7808
16646
30099
5323
23654
19892
13365
23576
30903
23232
2994
29331
4570
15298
15577
20287
10763
8315
10089
16601
8913
24266
15425
9473
5931
3526
10492
6398
19469
14879
19313
24872
24720
19769
17337
20397
21161
25893
24802
14451
17304
32194
20745
18660
9086
31628
32240
22802
11140
2133
18036
3182
27213
22790
10415
12262
3106
24840
29805
9201
22734
12629
19930
25099
61
24547
4443
6803
18631
18902
14573
19744
2537
28204
13455
30042
21732
12311
11767
30876
2151
11136
14946
8355
18923
14165
29941
10244
8903
10896
3151
9039
11144
22868
26155
187
18265
28539
4804
16283
14154
3413
20633
20155
10936
20914
9735
2051
11774
25002
24989
4605
6974
17295
19772
12964
28402
4133
13454
28326
12831
24223
598
25606
744
21049
13473
5687
29662
13138
6291
19701
28540
30493
1375
29548
28948
5542
16597
25187
12380
7138
13182
23057
10610
751
10122
25361
8774
14855
14339
30123
32565
25874
7781
24258
2919
32593
14402
31802
32347
7275
22080
556
2903
19061
17255
31948
6018
3085
11403
4215
6380
28338
16625
3417
19290
22540
8165
29146
14013
29707
4472
7241
11371
12756
16460
3672
22063
18649
22964
20533
17732
15900
9043
32076
17523
8088
20470
17940
7874
3038
17171
18427
1037
19907
31278
29979
22772
90
24271
32616
4118
28584
3521
2090
512
8368
621
13872
2011
10322
24277
10694
13363
13097
13872
24453
25184
9178
29512
14314
10419
15559
3282
32730
27109
13287
9776
339
22416
9314
1623
17597
1369
30912
2114
22894
6479
3339
17269
23827
6657
31887
19783
19252
12726
8755
23007
25946
5235
8163
22800
24412
850
15272
13846
32625
16229
25639
3227
26753
30968
8958
7726
27813
30083
12459
6886
32191
22752
9346
26501
22778
28776
19092
7796
22812
24244
14944
4982
7494
29678
16644
32586
25797
9061
6321
19303
25644
552
30453
30735
15653
11846
18423
4985
5637
24263
19923
21284
6072
25739
20850
25752
31263
23157
14194
24405
31618
9620
3947
14206
28559
28709
17459
27653
685
26431
24813
2036
13370
21736
26864
23915
30554
19609
2602
28598
4349
3463
20332
3206
1052
10978
11397
8900
10607
23599
8238
8847
2240
22812
25960
9167
3402
17694
28363
28028
15742
17834
27507
21475
11768
17791
9150
22745
26471
20054
7474
9854
5245
3797
3140
931
6353
30574
22904
9221
14458
8655
21205
10019
1460
8568
28765
17081
18702
32365
30751
29104
29118
20150
4215
14102
25519
28308
28003
25225
20679
24113
5128
21966
4856
4473
22954
31268
28618
29664
27523
1806
16369
9113
8471
16614
28890
21735
8853
8658
14474
30476
17220
10068
4041
9605
20104
22127
16172
8383
2125
12605
20370
4487
20723
11601
19304
27027
2599
12742
14412
16168
11647
7168
26289
23447
12941
10102
22956
30684
2443
25907
3442
2818
17561
10473
16258
30254
5865
23943
10226
28622
32301
14244
30528
15819
11835
23679
9733
18182
32487
17028
12277
6157
724
2885
31082
2877
17585
23854
8257
32243
2289
3346
10064
26928
15827
1131
9090
31098
12097
10671
11794
18662
13314
9037
18939
3823
26528
7932
10366
7718
30798
12037
14045
1138
20478
4492
14636
16494
5020
4534
31983
24288
23812
31878
27029
7343
11732
16025
11329
9520
23748
14597
10416
19061
650
16146
14758
2048
22698
4995
22097
29711
16297
22123
629
7190
5560
3676
10641
16966
22542
29948
16328
21723
7628
30883
7975
7325
25095
11284
26148
2212
23133
7638
29672
5063
7516
11149
31351
24013
609
20044
18484
30898
13082
32280
16652
13229
22741
9091
22331
7502
9344
19043
28610
10359
32183
15617
9473
14300
14270
11251
13027
12254
5515
10706
27231
879
17887
17068
14576
30626
22561
20746
29499
32634
14087
31174
25375
21127
24151
25833
22851
10755
7443
6695
20985
10049
2998
18015
17436
29209
16230
2269
15210
14620
30870
13138
21575
274
10041
4668
32508
7645
25943
28398
31741
18421
24346
29243
2106
2115
13654
16625
6731
15735
28652
18996
25037
26218
28365
2892
22713
5623
18981
17185
6212
31399
15523
27402
12778
28440
15432
27108
2767
27562
6158
21206
19268
7952
6271
26177
25288
603
20388
10985
31962
7697
10149
7011
26714
23784
6669
28018
23227
7976
1741
12336
6445
1826
11318
13385
4580
12988
14673
14812
15108
4190
23721
23465
23499
9794
9094
6681
12251
7846
23643
12571
12907
31300
9567
8675
22445
10710
23918
21528
11519
5708
4782
20451
11188
27863
26175
11292
3473
12149
20649
9844
15782
2582
8366
17802
30879
18293
4939
19062
19450
7618
26279
10722
28286
17180
14403
15281
24108
29889
14774
12516
11282
18942
23283
26235
21892
19858
20728
25803
11713
13703
14132
11100
10873
24406
20827
2287
14776
25570
784
21071
930
20102
14720
3665
11950
29839
12720
3422
12540
1021
20506
9698
3386
10126
23581
7657
5743
13684
25141
5282
14237
12848
11959
28426
1673
9168
7421
14103
28897
20630
7766
23306
12081
18524
27502
8051
11162
22515
16209
12409
29414
30955
19746
17386
28691
6843
16287
1938
26219
6835
2780
28868
23108
14639
24444
28601
30953
30673
31476
25763
17587
10154
23411
11963
26170
17149
2041
11664
2186
20998
2345
2520
8286
21046
16852
6751
27786
22425
28162
2375
28498
2279
26772
14376
6984
19417
4638
24166
17220
10737
17788
29595
19000
13350
27800
23192
10916
23144
13844
25232
15411
429
2572
13889
16722
4723
965
11353
4021
11389
18898
20430
31091
2210
19828
25483
16045
8165
19943
7776
30668
27919
16920
12031
32182
6134
15788
18129
11252
28760
4549
20641
16094
2915
25257
31032
26215
4276
4504
16096
21360
12040
23043
6037
29595
27969
5537
25602
22793
2618
6672
26468
30885
15818
9090
19072
6882
30857
11852
28697
30805
4445
13360
31696
26864
30652
32125
15345
19519
29009
11092
9895
2412
9202
23206
18389
31390
23969
6741
8456
15458
3471
6902
1226
2853
14299
18591
18440
30429
476
21343
20053
23968
7548
22258
19040
4412
9661
21965
18370
16474
23748
10442
25064
4627
11304
10106
24553
21620
21299
27864
27119
4362
12462
27549
15290
14061
19446
6256
28638
6958
6952
25199
32314
25779
14811
4184
4921
18528
7456
30344
23781
31080
7440
20170
28935
16975
23733
30744
729
32544
4454
22772
26765
13637
26174
1682
23611
9419
14477
12558
19559
11622
14390
9502
25008
15709
6752
4213
21291
6312
8767
17218
17902
31594
3381
21408
15703
17708
22821
16123
26023
26803
24844
3275
4436
23021
29152
6132
9209
10016
20821
17328
30526
32547
15285
30740
22555
17529
25676
24110
1003
21760
17070
4475
19601
4943
14121
9323
20121
14039
388
4951
5921
14440
12275
25127
31550
10297
10945
17097
19614
13703
23812
13241
11473
20968
12517
22744
17312
2753
17347
31432
10409
8620
31468
8151
14574
17539
26238
855
3984
12296
1893
23744
6908
25410
3499
25658
12655
1773
27719
15625
18796
21271
13293
30015
15964
5177
25026
5344
1695
10009
19954
14312
21705
27486
4288
28996
16280
797
2735
7934
24801
4104
1195
14915
441
21239
32417
20288
7485
4870
179
19989
699
8157
31120
21535
1841
21828
30295
13827
2146
4932
8463
16808
10316
27806
16846
24431
2126
15898
2025
18555
8540
28832
7524
23680
15430
8233
32118
18757
31027
28422
5006
6643
910
1423
14938
7372
7583
23999
14034
28795
23870
16328
4316
13164
841
797
5226
3558
26885
13216
29709
29627
15746
22952
19480
30238
22796
26189
24800
1404
32458
30320
30764
7385
8390
4731
31836
5137
15445
3851
21733
12813
21110
18388
16061
2124
10188
8667
9661
21771
30324
5900
32305
11563
31942
28149
7756
5198
1153
17404
30473
4498
2384
23304
15629
24793
7215
16650
31881
17609
519
539
6768
29365
31283
16870
20592
10593
30490
20060
2386
7150
15599
1885
1278
12383
29596
11148
6459
31842
503
22845
5542
3671
20817
7357
16172
10791
25618
7133
4817
22799
32630
10532
21186
18740
11070
17253
21712
12697
2254
26349
19218
10630
25718
24758
1181
28748
15238
31760
26280
5536
13186
23209
15504
6456
11617
9494
16252
14841
1894
5078
7012
23012
16246
20328
18362
4694
18525
8977
6496
22794
31529
20394
14778
13190
1143
18133
5952
18512
11048
15564
26057
7764
22461
1305
4355
12093
23202
21708
15373
22507
21755
18407
13279
22972
21326
12120
25249
30147
9465
28189
19663
2588
18975
29467
2231
11789
7697
17260
482
16732
21264
253
28718
4256
24328
32692
26756
18813
31343
29780
11430
23783
12978
28681
21432
2343
27829
22664
24328
7798
12574
12162
28846
26082
244
19120
29164
7014
5380
3996
32298
9500
19384
13707
4768
15104
11581
28518
18457
32395
19849
29846
19128
23163
27693
14043
11797
32631
15905
27971
25392
26189
9151
18402
3748
16269
23062
18823
16067
28608
17761
4767
24626
3901
4862
9372
27661
31512
12462
12898
1553
13657
25508
5668
9043
14692
1596
16788
9373
29532
13021
13824
21934
18101
6777
11171
24389
16150
21502
16446
8162
18884
27878
15846
30887
21978
18114
17971
4149
5059
18712
29537
23886
11836
30719
11015
17036
12460
12993
16222
17072
13531
21603
23285
18417
9112
5275
5517
10120
10242
29239
11123
2386
3550
18234
4644
9914
31662
3008
15237
12457
19890
13575
31060
27239
31518
26892
3704
5215
30033
3779
15548
26560
29301
2583
19763
5466
25098
22219
715
31167
6300
28673
13222
29829
1538
21625
16689
24070
6407
11046
19426
10422
14865
10048
26138
25052
12271
16698
24084
1881
3292
3700
23794
5423
29972
10502
17625
7139
17749
29124
6176
22273
4028
25149
27748
13674
7962
6212
9991
17214
24776
22780
2460
31723
17547
18244
4821
28766
6917
29628
23554
351
29298
20990
4089
9924
11181
30270
15000
5968
19693
5707
21601
8436
10583
5506
2162
32354
30491
6034
26270
32675
2409
27688
32659
1314
23396
2775
14685
9534
9637
19052
9138
16874
29448
31721
5491
29360
21260
11081
19767
30115
20363
31412
2740
27597
7264
24922
4563
18860
3748
28251
10390
6783
6393
8736
1537
5770
16973
19122
23170
29071
8488
16468
27226
22181
11934
14541
32253
6746
25858
22135
7669
19378
9123
29073
13938
10034
1539
11605
6960
22755
18845
337
7337
31464
20545
14067
13027
18582
32438
10045
16662
29738
5348
24538
25153
26621
5271
19545
28073
6067
23607
31499
9952
32718
22481
31707
16812
6089
22808
29872
9538
6039
30622
7887
7149
13771
308
22145
16115
19211
26745
19875
3772
12302
21878
1929
28091
17325
21076
28309
25431
19687
1434
22779
12584
20832
17920
29578
8017
31396
21024
2047
20095
14892
16349
5627
17031
25195
31694
26816
16250
5207
31656
5134
26853
18947
2664
13301
15732
29947
20941
27667
16950
5329
28634
17099
20690
30939
2055
11097
1936
27131
17171
29311
8556
1582
12104
5113
8285
14347
17674
10979
12553
16543
20993
2428
10653
4450
23813
4886
22169
18934
17975
10332
32017
5426
32482
15487
14204
23009
3646
6922
24146
20826
28701
10244
12992
27062
5546
4430
10956
10342
21843
1925
1497
6593
22323
1982
26233
9647
16351
359
14021
1195
19082
2314
27663
5790
8254
26497
16107
31985
15432
15742
24931
20045
9358
22779
27689
1484
32051
27806
23935
3182
27322
964
32322
2805
30782
19803
24425
24937
15729
16926
29859
32516
30911
30173
17042
32141
26730
1151
11272
16424
15713
25624
25687
16210
13341
8348
4786
32416
1944
31591
25792
26125
23387
10125
7760
11668
25225
30084
12137
13309
30306
5404
16534
22507
5234
17692
8195
25614
31664
29468
7716
9360
1647
4701
15169
20633
7712
12270
20028
9323
10249
26226
4977
20143
5365
11133
30982
32621
5998
30891
15006
24688
27534
26898
11189
24189
1387
19928
28141
7205
29829
10525
29927
17903
25620
12715
541
17082
11933
24748
25105
8166
10355
15513
2077
12429
17579
17643
11011
15739
26706
4876
19944
19892
18775
25488
31332
26210
9735
22513
28650
29658
30392
21121
17163
31890
27382
4934
13110
1013
9122
22759
23030
22066
11021
21742
24689
2325
16296
24229
15152
15952
16575
24144
31112
11689
31045
6971
32171
13305
17505
27505
22417
31713
14544
20146
23399
10677
26264
20330
1241
2910
11572
26740
17697
13820
25082
20123
1178
9499
8621
3871
27142
8136
833
16219
28073
2855
30797
3078
6153
13236
11537
29947
3538
7321
14692
8409
26581
32059
28146
11112
1405
1844
17041
17215
21347
314
28975
19009
28458
1615
18414
4813
6440
31790
14627
8364
14691
15839
28581
17425
7750
17060
14019
23040
26377
248
15072
26495
19479
27469
17660
804
16975
7540
13085
954
6471
19972
12540
29221
25344
4541
12218
13264
5384
30292
14776
4021
7672
15626
2545
11011
30541
2878
11142
18196
16511
20257
3008
10249
5352
20246
22985
3491
3689
24597
31883
1358
30593
1686
11597
14403
22715
1189
24017
18669
22402
15740
6030
18611
19060
14912
12295
11472
8178
30003
15354
15585
22358
3775
21167
20971
27849
31568
32729
18153
9356
4602
25566
18480
15601
22538
31682
6147
26849
18381
32218
30970
3420
8898
23996
10243
16833
4757
22396
20488
12864
2161
19254
23074
24079
29406
25546
11681
32335
18373
21434
5067
12400
20216
14120
7533
8598
15355
32556
19603
23788
32423
1908
19255
10376
16974
13457
22727
18241
25348
30694
11472
507
8395
24136
11233
5001
14589
2349
4967
25037
780
5986
19585
20525
24310
31383
26564
24417
8550
2579
22667
23819
11452
21430
21654
27583
31133
32677
26337
28643
27772
22315
24403
25134
12268
7084
5487
27500
18615
23705
23136
25661
30063
2580
25032
8200
21460
28016
30934
21391
4003
31394
20862
23407
32429
28892
24566
20143
21656
1933
8325
23295
24093
18913
22136
29610
578
17865
18003
31491
12261
11043
30429
4698
25335
15554
25560
30877
28745
2062
29403
12652
12540
16156
22840
27096
25888
32492
15112
24686
22852
12239
24763
8280
17693
21373
4141
13485
2042
342
22023
11402
18301
13833
4089
10842
16449
17436
3231
15973
6330
23179
30427
14399
6382
10255
13556
4598
24311
9163
22185
18803
13109
12331
18401
13352
4381
6304
8543
31537
24482
12987
21535
4055
9883
9050
24068
26581
17242
32547
31122
3349
17918
6788
17206
5107
3447
6651
28983
4461
13209
9155
20785
3371
9078
30674
11227
1176
2755
20702
23544
6137
9126
2317
12885
27674
26480
11911
29309
29115
11458
27265
3247
24673
23203
28257
7359
11679
28081
26605
22401
3409
13984
21415
22036
17078
8128
4237
3976
16552
16577
5342
19379
29998
14911
11094
10513
13586
21229
25679
29980
8030
32757
7080
15343
24432
8937
18306
11767
27885
16846
3838
30749
12924
6190
15976
30675
2195
3447
8095
20722
4819
30468
7776
11861
8293
21635
2637
28304
10745
12059
31814
21040
14206
7774
23841
31294
18451
8629
22692
1111
22305
31712
21158
19670
16070
30967
15172
25998
18584
18253
2569
30916
14739
6202
18323
25658
7017
29223
6833
16476
23117
3897
20223
3125
10764
18192
2244
27878
16424
15322
25784
28409
4276
4143
5479
2656
9783
29717
25451
17508
20058
1802
4970
23075
2515
18091
9578
21388
12966
362
274
18112
6075
27425
14037
1952
24564
3542
1177
21182
5815
17448
27218
8428
9532
13659
28094
86
19983
17162
11602
17491
5203
21985
32098
20628
4215
24837
8658
21783
27719
12951
13477
29033
16364
7223
28145
18087
14268
31164
29277
18667
6251
27847
30965
18976
28633
14536
2207
3368
16798
21293
11721
15542
12658
28594
13994
12682
2802
20156
3387
6801
25935
7598
32108
623
28382
18617
27410
13540
9080
3059
15433
5832
25530
24798
31453
4
309
23704
20920
4510
30654
2235
32750
12181
3411
5817
24019
29700
11822
17289
28698
24549
13551
9511
31762
24474
16405
3851
17452
29528
26608
22098
4491
18848
22412
19399
27106
9866
2554
6415
25017
31132
26205
16347
5628
11349
223
4141
5721
19631
2391
3052
4492
31152
26122
25463
32189
4405
10868
2665
10732
11987
25693
14969
11824
31516
22778
1397
12763
8085
361
9283
4750
25413
31719
29319
20924
17635
13512
14927
10756
16323
24072
22522
8008
30097
369
22315
18806
16059
19348
4819
15549
7369
3104
16085
13418
20076
21043
31248
2121
12625
15778
16212
26360
16855
31337
27431
12703
28418
22686
4180
9048
8291
4857
12430
20528
18601
13327
22667
6967
4280
27588
14523
12726
32721
15686
378
2736
23509
6005
30698
24736
8310
17992
1326
31039
15529
28929
17409
2865
1344
12403
21548
29080
20321
13708
5615
379
3941
28516
18054
25071
17250
15726
10616
16291
29736
29807
18675
16051
4355
15051
23043
14004
17281
8706
27640
29157
770
29655
21475
27990
23072
28357
29847
29054
4388
15574
12012
25799
22781
551
24923
9381
17259
10602
18912
13066
25088
12317
5463
13301
23203
28305
21422
6393
23518
8139
3654
26213
11400
11094
10781
27997
15807
21495
1115
2158
1787
6773
18012
7655
19536
20519
995
24767
23549
23762
14613
12006
10264
1493
10679
18620
24789
17114
10524
16403
14006
32597
4937
29029
21722
30773
8613
5044
31937
4961
30738
28331
1394
25381
13010
13865
19677
7467
30232
26149
23888
26470
23805
26003
6227
25160
14797
21258
19766
2228
10785
12190
1281
31196
1253
11451
27255
3069
19363
19419
16728
10555
14208
2853
8397
22102
12158
24081
23859
13359
5954
22162
14095
3275
30467
24613
16308
22126
20799
28027
16884
25270
28479
20084
10344
31219
219
10972
30890
29830
11057
27111
22301
3299
14668
1248
28029
14700
25115
27212
19524
22382
2404
20047
1191
21803
9423
16492
28212
17203
15016
4426
7466
136
11275
16818
30421
29778
18757
11069
8800
6432
32408
2275
31691
13189
24321
22277
19488
26381
9816
2696
5722
5210
10805
29773
387
12315
5762
30492
4156
11850
13757
22330
12748
9346
23118
2505
9509
29698
26340
19948
29834
22897
11356
9007
21674
22233
12803
8334
29178
25903
677
29570
14115
27828
26167
14450
15993
6502
27331
17408
30441
22552
17735
4463
8819
7670
22666
23868
13830
11746
14084
13886
23772
25710
11725
9505
669
19830
7858
25086
2278
26692
7903
9841
318
23811
20907
13229
16155
27597
28395
11900
26494
11516
7480
7836
30932
29746
11169
3622
6115
15076
13848
24851
25612
32218
21641
22960
14457
17548
21263
22994
5487
2059
8751
9765
20204
20760
25654
17283
22214
4801
23817
23843
7047
20030
2224
10784
3053
13624
30584
10438
8117
30828
5781
10270
30016
20509
25470
2415
4362
9293
27915
13762
7705
1117
12150
3925
21826
24272
21297
586
18660
32069
24160
6441
318
17726
17155
12473
25244
13405
10481
25081
6213
475
9241
29729
9778
14689
24591
21151
24792
5912
160
14271
20488
19832
14804
2607
25339
4794
6760
10180
30481
1323
13826
15862
30377
12077
6148
3554
14252
29629
31524
24490
17842
27597
28459
30089
8555
9114
23036
1270
14179
31554
9297
30353
22084
23448
15867
16914
20623
3345
15685
6489
13274
3022
11482
10868
27605
6312
25392
15440
12731
29167
3869
1490
9961
26775
19859
10383
10526
25635
22686
23673
18499
19506
26930
11350
26381
9110
32687
32372
24510
19424
19646
16932
2784
7194
19785
26964
17945
28618
26961
18819
20286
32234
24152
8692
2849
6080
19490
21727
29933
13802
15662
19403
21851
12621
746
30902
8740
21045
27822
18699
9384
22969
29038
16205
13077
23037
7039
942
20126
30869
16212
23104
8714
27492
4219
2493
15140
16346
16054
3076
23004
9653
18339
9451
10776
31769
1646
23685
16510
9329
4541
25317
9893
19169
26860
5271
10808
11269
19748
8453
13446
13877
21029
21585
22755
11008
4744
14794
15061
12490
18880
27020
21285
16133
406
4159
7238
15106
24367
30766
31707
11785
11441
13624
17319
6349
19404
7905
136
21797
9431
25799
1244
11983
692
21430
31078
417
6583
9499
27510
2935
9236
10118
31628
22608
26347
17453
14164
11583
21000
18069
25839
2336
25396
32354
30632
8508
28844
18138
7203
8630
23651
4618
294
3659
24399
1003
2852
6286
9645
16209
8689
31722
12237
24085
29465
14474
10907
26817
1257
24443
19842
19116
22533
3865
2583
31549
5555
31552
30665
25460
14824
8102
17703
30185
32276
12994
104
595
25196
19514
2201
7902
19502
188
848
7082
13595
32228
25798
21118
2933
14299
8422
15828
3695
330
6748
45
26894
20206
11818
4257
28139
20760
2649
22742
28797
6648
32492
30762
5344
17281
11260
17990
19024
13473
29297
15407
27677
20014
18550
5294
22247
25306
2207
8799
19735
23403
31020
12582
12271
3574
18418
31169
17294
2599
4025
13337
5607
2773
4611
15471
27779
30749
10707
11480
20269
2835
16880
15045
1796
26318
18313
2434
24879
18188
23207
26192
183
26127
8752
31111
14821
29374
15227
31714
16475
21708
13132
26070
2618
8332
2664
15811
1314
9873
22256
27417
31684
8177
32023
18864
5026
875
4786
31796
8595
25516
504
22296
26336
10372
29933
17243
19939
25948
1818
20272
23809
16937
32565
9231
26412
28213
31526
28930
32370
2005
15471
25232
30310
13909
29529
19805
13500
14829
29902
3045
16174
21150
29470
17493
7417
27414
17048
12247
25172
5217
11275
27934
30919
11982
91
27760
12315
24585
29570
22273
6218
2119
14577
10431
7268
27930
24518
8338
13229
17094
9452
7175
28058
16934
19154
10061
20441
5493
6615
19463
20295
2808
7057
2387
19539
10502
24611
12041
12312
26017
27411
1157
29410
10678
2761
5980
14342
3195
7431
28697
18718
873
23512
3149
32405
15804
17895
461
4321
9820
5473
12928
22862
15083
22697
26155
8901
4129
6950
4332
11432
29211
23440
13865
22899
30617
18697
4407
11026
11450
982
8503
24227
12576
28611
32300
4102
26814
23921
20841
11027
28418
12924
18675
9229
13340
4656
4771
12282
19091
11701
20143
5573
29930
21375
18632
3488
31641
2789
12430
1115
12098
13212
12672
4646
1310
20699
29651
10047
21172
1126
22999
23525
28839
30988
18861
9753
18981
16330
3107
15305
8233
2391
29549
28803
26180
29715
5102
5488
9983
32165
19647
9608
2781
2443
32217
29353
14118
25115
6377
5220
21795
1558
29862
10671
23957
4318
18581
8334
6208
9075
24361
12955
17105
31964
14493
14784
25564
15100
14947
15110
30056
15129
30734
30343
7240
26058
20716
29632
1914
14141
12404
1958
20535
31586
600
688
19999
19602
24344
613
17272
9459
2603
12641
21732
15696
9868
3082
31234
6711
26515
25063
10076
29788
29193
18721
20578
14430
23835
8246
14944
2468
20096
20905
25043
21156
24561
29303
26352
9696
11540
24225
5724
5453
16361
32758
20487
9363
14045
860
12862
919
23996
7950
9376
25867
15592
26220
1527
10120
27473
5663
20386
18803
20852
15134
26394
2173
749
14130
28532
4367
18806
14057
10939
9008
13364
5143
8482
12382
32302
13441
31252
27866
10085
13031
28977
18648
6993
9110
6371
12915
8721
21858
12171
16435
12090
12135
24069
26972
9
30546
21931
14988
32398
3142
22148
26998
27991
1151
10896
29815
20938
5818
7789
14961
16237
7735
20083
10529
4633
29260
4258
25057
20768
2150
13946
2844
10430
8136
2899
17427
8070
31736
16057
30073
16658
21841
31137
21580
12699
25027
23850
19468
14819
3825
13597
1709
9360
3361
15350
3493
12469
7750
13289
14439
15733
16988
6889
19633
27202
20611
28781
29252
7138
21377
26812
29766
1890
4554
18123
6759
4290
32460
6108
1740
20430
31887
21806
2565
26369
19233
26588
11612
13791
27474
3423
28675
28417
25886
14621
29082
22265
21838
3408
21831
319
22844
15798
31644
8155
20909
10652
19137
26088
30470
31245
2663
32207
17572
29286
18355
5374
16014
13727
23638
14667
20772
31058
10009
11818
21716
2214
13067
8446
26707
21649
21611
4298
31257
22077
32507
2521
18722
32309
7082
14683
12941
9624
5841
24646
26830
28063
20269
21656
25023
29416
10902
462
2555
31558
1898
398
14417
21787
26461
12745
17119
30708
17432
8091
27058
20878
13348
28714
19189
21846
13830
27714
1300
26990
15558
14955
24120
15666
7884
7285
18921
16707
16790
28075
28836
14938
18210
12436
5731
4066
13647
13075
12915
16010
8369
12699
15022
26598
6204
30690
8129
27221
29639
19282
21601
2452
20147
14234
11890
24247
4590
1763
25317
19592
19357
18826
7009
13758
32712
8164
8243
28106
13380
10793
2868
6250
5703
22678
3314
258
13244
9188
28476
32765
25312
1159
17704
18536
15978
31016
491
32717
5930
22471
32398
269
19020
10260
30394
13131
5004
8725
998
13836
2679
5504
31998
26140
17763
11228
21788
1807
18723
15090
30269
10415
22019
7823
20696
16188
26807
28044
10259
3874
30962
14416
7806
23073
29942
1636
2450
4326
26765
16696
23722
12755
16078
8954
22302
28606
1178
31401
19800
31972
9121
32182
19567
9383
20202
457
22232
3842
9491
12074
11528
21612
2983
30361
15391
3976
10905
20817
7999
3398
31208
25929
21754
31490
8457
19167
12637
19653
3430
11654
17713
13550
21983
27301
23619
23974
6739
32452
1028
1605
31050
6175
17905
17163
27733
15949
6393
8825
5185
12755
5668
19896
5201
18100
6969
19051
31642
28991
10885
18885
29431
3632
31881
26415
29424
15013
20661
20805
16010
3748
269
19391
8376
25819
28098
26482
32617
30358
5077
8529
6579
31437
10903
18972
9196
12934
15225
29891
17041
21099
12151
10276
19958
19222
3485
26887
5821
4877
11219
2997
18568
7710
22157
4883
31516
5247
22952
12961
28843
10771
4564
20308
27383
15599
19175
13434
27323
8610
28543
11895
32682
24549
1394
32258
31789
6488
6007
30838
28987
29827
3540
28750
13438
20293
2995
3448
30494
7689
26000
18466
20035
13186
23219
26355
31691
30745
2363
23532
29962
18533
27909
5411
27915
15249
14891
21478
3303
23785
29213
23672
14921
7970
4603
8418
21519
15934
28239
13142
22982
8953
22943
13604
30098
21768
19339
20094
19521
32540
2305
19844
9224
17320
31422
7892
12821
22170
1032
5298
27361
18154
16967
6360
2968
20744
439
8087
21450
18840
19818
29567
28214
14189
32361
17351
30491
29113
11525
6490
13014
20576
4497
7449
11951
22177
2417
8142
5430
32514
10127
10309
18143
289
5531
12814
4371
31754
1588
32556
22515
17517
25060
7329
12496
27759
9446
31218
17420
25292
2995
11455
28049
30463
20578
12964
20252
5015
8270
12443
28190
29099
22004
11728
22084
3719
309
32103
5953
8992
1359
11178
13481
2154
5370
17989
28291
5759
16548
16097
16628
12972
31335
27633
21556
24088
20116
10065
1803
14249
25453
18274
6910
6670
2192
26820
3193
13968
25102
27473
18483
17351
24491
11565
13122
12805
20631
10142
13386
14782
22121
1173
10823
2319
4034
22118
2293
5899
11398
10887
15674
8482
19201
13678
6892
14725
30245
19133
27732
11070
6925
31212
29522
30913
22923
29801
6212
16046
25038
13448
6469
10465
24708
31830
1056
25336
29981
31560
13914
32045
4991
17582
3928
20209
11210
773
24886
7879
28444
11675
31800
17400
21232
18955
25731
6680
12570
28592
17341
17417
22343
6463
25177
17564
27861
15878
21821
18174
9213
31835
861
12065
1818
24504
22759
21693
21204
9365
32755
21441
18555
27761
23139
18916
15605
5746
8638
1985
3794
17079
21992
8030
23288
20754
9885
8944
12549
4517
5131
14902
3775
12106
30063
12173
8526
12527
23287
16378
11776
12074
11477
702
18694
16878
27422
21045
22891
23332
15848
23146
16638
20386
30958
29046
1624
5530
16392
5626
1681
20681
4751
6681
28126
15090
25565
15100
20263
8412
2347
16482
15641
27498
23056
11943
10081
8750
25508
26544
27980
2394
26651
8363
1875
14101
12096
26052
5866
18851
20729
16886
8577
14692
27922
15836
15762
15884
5104
30974
28567
6533
29303
10218
1493
13059
18687
29974
29498
2075
22541
13746
13334
635
8683
2989
7667
10934
27619
21977
4479
30052
29268
23209
12730
10155
2616
19170
32231
10786
7761
10179
8958
28075
8267
13814
6128
26142
16592
4041
27953
23544
13336
7288
32250
29336
4964
26688
22300
26087
21977
32667
11160
223
25895
20507
16614
30908
12003
3532
17445
18518
22559
8248
473
21891
3228
15272
15917
10341
17604
28682
17161
23401
14845
625
19423
30664
13277
18526
2407
10988
14327
24595
18170
26265
21687
15097
31409
11281
18802
7255
25546
3736
19363
20682
8197
14085
32646
4771
11700
21763
1194
1880
15349
6475
16130
8662
115
28806
20931
10516
31031
9925
26279
15027
5914
7853
13167
7958
17880
22605
30087
12869
32744
8885
5155
27144
24206
22602
26349
9585
20837
12232
15381
21658
4640
13431
30125
18577
5541
30261
3729
15044
4783
31790
11088
4326
17200
22399
19827
27363
4337
31499
5750
13775
28283
19602
2995
4660
19486
8396
12179
13851
20361
11604
24224
7314
19370
7227
28515
854
7873
2207
17364
8309
17157
24096
5309
21440
10088
23527
1307
27724
3204
32433
9838
5292
32104
3756
17461
7304
32745
24747
28480
22143
16858
5640
24256
1990
24532
784
15801
16701
5166
24177
14133
4967
15986
963
21913
26790
3374
8011
8666
7289
16532
24522
13122
21292
5382
22991
20666
14120
32479
3665
19505
11599
16058
25757
15014
21419
4858
17009
4351
24680
9629
14644
15730
10877
24914
17043
22919
17623
1735
22931
24409
31695
21418
19082
13100
19366
26823
10263
23211
20404
13235
14161
17018
7967
4020
6494
29423
22789
9498
21415
14765
19734
4689
10824
10559
20584
892
7262
20431
15771
20993
23202
17132
18099
32000
9493
7157
23056
18887
26698
20096
11936
28588
31715
16511
15070
1619
15245
20845
16428
10637
22379
12003
11499
14877
6580
29453
28338
1775
5763
16046
10845
5544
29253
28703
23232
5182
15477
27475
4253
27860
29301
12925
25505
28284
17574
21937
30166
21404
13167
18543
6383
31515
31995
28239
3851
16169
12397
5078
18730
11460
18548
27436
5901
20252
28318
31219
15156
29927
15619
31552
86
18214
20539
8374
31853
11652
25455
6160
17002
17314
1368
6264
16853
32426
11862
18330
13024
804
8892
1085
28361
4504
28102
4478
16887
4079
18097
28588
11485
24892
30206
17786
15280
6965
32354
5353
14769
3783
15103
31734
14606
18566
9813
22240
31423
29208
8471
12297
13365
31709
31406
10889
7220
1332
27581
10046
11102
14046
2995
28100
2127
1440
2540
10425
29932
11177
1802
5801
28338
27660
4178
7107
25750
29638
5544
25952
22967
5113
27808
17898
2629
10401
24873
12437
13408
20180
5063
21185
11923
5345
25525
4051
32245
16009
877
6388
1492
29323
29464
23692
18274
4431
14730
27813
12497
22131
8220
4361
30586
23650
30960
21371
5145
25545
17930
1970
15952
30647
15761
1457
17682
9631
21105
5254
21194
8154
8444
20178
7126
9359
7072
23345
9180
12384
16909
12773
5391
30405
32215
577
207
12015
29623
32105
22874
2758
19361
20395
108
22175
26508
30555
17342
16223
28633
21140
13922
15992
31109
13101
18715
2531
8446
19761
25317
900
9902
7660
31113
18677
3018
17695
20523
15091
16638
21384
14322
30893
20198
23101
18862
31952
6642
6399
7965
9370
32480
7617
24477
12159
28447
18716
17686
28318
16914
26197
30716
3433
17341
4821
11950
2854
1953
24266
28931
27401
7652
1114
14464
10639
14478
14391
3517
17444
17910
27574
14737
14692
29754
10987
2800
14387
4649
14961
21342
29506
25372
9113
29508
2389
1775
23942
20920
6835
4329
32022
27479
12983
14718
31670
18535
17897
11955
2561
2765
32186
21134
2787
9183
29558
30290
23094
314
5635
28303
1401
5997
5166
14904
51
19053
25056
21252
21875
18665
23972
20955
21615
14701
7565
18797
8921
2671
3722
4604
19257
24466
8967
2889
6223
31389
3915
2393
10184
27733
5018
19052
17628
25263
457
23797
25979
20733
28647
17305
9505
25093
15690
3079
19076
9222
31698
17594
8400
10820
10271
24021
27417
763
25641
27279
3522
6980
6961
13430
3136
7100
1433
15720
29531
21342
21302
15292
12586
17397
5998
26919
7681
8181
11873
28499
21017
1541
20866
3104
13397
19512
18934
2477
21441
20069
12890
15147
28134
5384
30969
8647
9254
537
31320
23382
29325
19197
6765
18464
19466
9646
28412
25212
21218
21870
141
27439
24682
26907
7269
21987
2125
4083
11000
771
14182
6343
5223
15118
7726
17697
25278
28088
22277
21173
2194
16807
9350
28084
13756
11328
30139
31234
29116
19646
6091
22909
13966
25719
32198
26486
29532
10204
30209
2012
23531
26017
7544
18855
11787
15069
20758
25194
21642
21878
25874
25366
8921
12212
18699
28245
29392
15261
25463
16411
19225
4289
31210
2673
15503
16340
15957
25950
16154
5116
11680
16959
29918
25527
10617
26900
32502
25035
7815
14078
20706
12563
1633
16754
26004
8765
10897
24276
29215
12346
27617
13475
27953
25579
5025
28724
5710
21135
19990
26688
17095
11081
29100
4873
21084
22982
6506
19913
21923
14642
21845
3127
22436
365
3106
10542
16873
23004
23713
19727
11780
9865
28138
8826
22505
6304
7765
31034
12529
31574
6465
3563
9122
2704
3122
3150
22378
31950
9939
31902
27094
3647
27709
7682
31532
31755
22714
10311
19060
7464
5006
29097
6877
19737
14520
156
3146
24831
9591
64
7437
4439
30092
27959
1177
21729
6361
17570
15413
17763
19708
28447
26826
19842
25568
19968
32231
21958
25509
3506
1950
27656
12741
20712
1843
23765
24801
15505
10154
24156
26887
17332
9072
31016
24319
12718
31813
1033
29581
16269
12679
8144
29296
3102
30869
25859
12676
29592
18611
26712
17992
18865
20688
13200
9887
4569
8565
2327
14774
23054
4365
10666
24739
27367
19163
26919
19215
29258
32621
23363
22044
30841
10857
28043
28072
32637
20428
26617
15172
13529
32062
26327
18850
28965
30406
4970
16496
25734
19830
32399
800
32594
20546
7995
13703
1477
4395
1476
479
13279
31184
23670
27738
22132
19937
22249
13558
2655
23431
29014
25269
29399
4799
29087
13691
3888
5773
23712
28925
8744
20773
13954
11745
31483
10273
8340
21973
26244
4462
26230
17990
14734
1403
5667
16805
23650
15147
24171
7357
21905
7056
30238
1375
25486
2916
15796
13969
9850
13735
9399
24664
19815
19900
7869
6911
21446
19331
29582
30723
4419
22172
25808
23766
15533
28386
17189
23670
31560
15844
31490
18586
22099
17731
31746
13295
30487
16862
28203
24424
20978
2168
4741
2021
3644
27947
3414
7299
624
14676
28666
16195
25420
30678
5928
23778
5800
19280
23813
514
25378
27647
19958
31915
25335
12103
24685
17525
3270
25647
27854
2171
23658
11748
19015
3252
24791
14576
1613
11220
16101
31462
2283
15565
8741
7712
15762
27630
31487
4667
25502
23566
4696
23930
12394
21838
14646
21157
16626
28755
13803
2478
25324
25057
21368
31706
26134
26567
24880
26855
3236
9198
2307
18111
9960
254
15754
11698
4197
8167
29393
423
24866
15170
29323
22611
6285
31061
5196
14347
710
9847
3548
17304
20938
10785
15353
3987
10416
4308
12482
20168
27037
20713
13176
3558
30524
1249
17602
14340
13348
7450
10517
32567
1963
1812
27354
23826
20660
19689
10252
10167
7367
12250
32495
23187
32174
29633
18587
866
8553
471
4899
28010
5404
28884
29099
10095
27787
8368
10
5831
29827
32401
10773
13464
16021
3528
32280
15684
30177
30617
24065
6152
19959
31787
32341
31428
23178
3326
15746
11984
18844
21127
24743
6813
6825
3607
3983
6528
17519
20428
19840
5090
17739
15224
16144
5311
2274
19400
28740
11507
9104
24297
16185
6818
30811
10936
14935
23153
2039
17524
21375
16362
5214
29956
5949
31600
31420
3561
26567
8766
5929
30999
10300
22599
12417
15893
14083
18646
16560
29034
23235
5576
22619
19096
16985
25803
10492
401
8634
18412
1126
12648
23471
30128
32734
1624
17874
21129
4472
9167
19912
26307
8649
22426
10486
754
4330
12364
12253
7531
19134
12798
27634
15749
27957
19535
8796
30598
4579
23303
8202
11318
32482
21288
22991
19995
5620
21941
20010
3493
20019
14455
10559
29014
12641
23099
31841
7580
25492
9776
644
27520
10004
23955
26709
2001
16200
22810
4391
23175
29525
20506
15786
10698
12236
15461
5145
29101
21195
28874
25416
28119
9560
20316
6270
16315
14458
27304
23881
16055
29656
8919
13979
11687
8024
20616
5611
4685
17834
18338
14789
29427
30278
10587
26075
22923
15166
31659
15972
9905
16126
6438
20358
29953
24701
28196
10170
17031
26999
18453
6443
21579
14003
17661
26667
25623
26207
11847
7539
18334
15903
14033
632
17099
7261
2264
11357
10138
17501
14544
31175
26641
14352
9941
1665
14520
19742
27208
1488
12703
28114
539
15601
26043
24608
3478
10531
3553
7659
17077
29810
1807
25723
27016
32261
16453
16830
16090
28127
30383
2391
16945
5079
1284
8627
6534
30415
18921
9178
31662
22253
30911
9190
30873
32400
14306
28339
8236
14813
19461
23253
25598
9749
29218
18070
13580
26471
19030
6695
20912
30687
9504
25461
10106
13924
503
1444
22652
20396
21013
3773
24205
12521
27501
10261
21087
22200
25733
17216
25207
12588
31400
30980
30900
20372
26721
715
5956
16045
2771
30476
31591
24044
23223
16595
26434
26747
6915
5274
9699
13368
9840
18907
29283
31114
31898
29488
11563
17987
9363
4356
22646
446
15713
2386
31677
25472
17032
14493
27181
5
18040
17045
31968
3484
20224
15088
27516
24432
17945
584
20950
416
16136
27691
17205
32098
1205
6694
31716
10066
1285
20190
29077
420
31558
5113
5675
1029
29962
189
23720
8406
9734
20699
10486
14819
10108
9945
17475
25940
3963
22688
9348
3496
27586
20422
22780
28085
8408
14210
14107
1575
3361
31574
13812
26836
7641
15178
13430
19773
16246
14888
4454
5504
4091
13917
21283
28571
16601
23485
3385
9248
28033
11018
20861
26985
58
17151
7303
19150
6206
22991
511
15972
32224
1881
2817
28073
6835
6300
14024
3449
26844
31102
18018
22642
14060
26086
19879
23640
29772
18298
8497
6553
9593
85
6299
14419
24440
20817
28672
25153
22735
24209
8869
22581
31330
4820
13011
30827
20969
10070
11890
5829
21933
12651
2591
5365
2948
30973
28257
18425
24548
11266
31200
29752
23697
24500
5945
19623
17485
17334
25048
10405
27845
10084
27324
11867
2712
23181
25495
26822
27293
3979
5551
10609
16220
18842
21492
30390
17526
4573
23537
185
10697
1577
11032
31312
26432
19989
29652
2409
17574
25048
4173
21857
13282
12474
27555
32005
23636
13731
29708
24457
568
17761
9916
14472
20633
17332
27350
19207
19432
32069
6385
20984
30357
11397
2584
14540
12100
4538
28228
21752
14268
28839
1576
12765
32036
10599
3618
31876
20295
12696
11803
12155
9716
3322
27112
3270
31002
12747
11373
23944
32148
32617
18779
24862
18688
17750
27563
24904
6730
4003
751
12498
20627
4949
24281
13564
20943
2811
8750
7986
1941
12532
4864
8442
17898
27592
3327
14668
8131
15631
13729
32532
12995
5037
23231
30015
8210
13521
600
2945
27987
13164
5270
6433
24415
1870
16316
16339
4819
3366
24606
31609
23857
7558
29204
11494
19576
5002
13578
21056
22208
5244
4222
14623
13396
10869
27991
5056
11854
31020
22707
14814
21350
20882
27511
22777
19308
5777
18366
21519
26153
28496
21849
20350
26031
30328
22095
7553
16995
22020
659
13508
10057
8064
9000
1882
25384
23361
28297
32489
26275
23230
20302
29153
11566
11995
16478
15855
8226
28633
7967
17450
16890
18564
28633
26623
10310
31889
13790
11015
3039
7918
32277
24905
12231
14493
27263
16404
25831
20137
22963
17135
9599
24679
24558
21871
8837
24315
14552
13850
9899
25109
19253
11313
26776
28429
9065
5374
24012
23627
16104
30898
8291
27077
22181
32512
27112
15187
31354
31513
7384
31260
16432
4372
1886
30212
2488
15062
4951
28830
7491
9452
7143
14477
11852
8480
19100
30642
2441
30520
13929
10849
1694
8582
1310
5038
14677
32709
30627
13620
11427
30367
24189
31322
16513
32541
3847
24767
25600
9148
11510
13958
24441
7685
16517
20477
21210
8358
20790
7453
28601
1204
21102
12341
29053
23712
10077
28776
13305
11926
10423
259
23026
26230
16737
18417
28508
10729
2519
30683
3410
6295
4406
5395
14096
2303
27814
20353
8306
27375
2309
12245
30796
3104
25930
23769
22893
1843
20104
32584
15264
25511
13090
19354
18820
20246
29074
5046
26785
9942
18693
9915
4785
26336
17686
9365
704
925
20815
5574
2556
19203
1111
23796
27341
16417
24995
29034
26640
1289
18914
674
12671
22829
9695
8940
31802
24651
11033
11786
22444
26166
15243
12949
5451
26513
20357
30475
28658
21949
20238
20673
14284
1390
14086
11250
19151
8702
14934
18955
24895
828
28666
6218
18597
5465
4333
19711
27107
1218
11729
17433
16598
20922
3109
17438
703
4019
6022
14532
17989
13289
7129
6591
1115
25486
31136
28779
8892
27217
19599
9646
16084
4138
28466
16382
32557
8947
11952
25109
10152
30527
24283
23509
2943
9943
15598
6421
16595
7276
26159
3693
32342
21106
30586
25373
25627
32672
26801
8419
18782
20036
26249
7253
802
4568
1467
11136
28498
28607
31983
18412
20225
20049
17913
31210
3512
9856
783
16545
6171
22966
9642
2831
8266
31469
8429
11571
26462
20963
6525
12595
16667
24938
25770
29017
22752
19591
2428
30922
10119
24071
7017
24075
32265
11479
18493
11674
18771
3254
29786
26886
1087
13752
32550
23830
31809
10772
4257
2285
16637
28783
9118
18984
32117
23160
10056
15283
30491
16162
19409
19027
6472
10288
5659
636
26506
23806
8589
21153
26625
19634
3301
17543
28077
29231
29898
27926
19239
9937
5591
31972
6095
13094
24354
5809
3811
29529
9105
25565
7799
30142
24331
25839
5405
16220
18032
29247
31797
25744
20228
7216
31544
30227
14700
267
6018
4122
10083
15928
22880
5190
25941
26325
13806
16082
6186
18709
27959
1183
30569
23356
3494
988
26864
14874
24099
19429
8333
13508
12956
10627
4419
26269
26512
29771
15833
11589
9943
2031
15046
16127
27096
4531
14679
3714
10671
25724
20726
16467
9897
16428
7364
30892
7611
14459
22799
3332
13858
18665
24040
1986
10115
11114
13896
30985
29168
24160
10616
16364
28609
23871
6557
31942
15672
16419
8458
18203
17906
30451
16599
13099
12368
17923
20711
9342
12634
32730
31241
20207
25450
21958
16386
30710
24117
32455
3830
11820
14350
14223
30681
32630
27631
26196
23246
14390
6479
1598
24641
17295
5371
10710
9779
25220
32412
26244
244
7469
32407
19473
1069
3540
10050
19060
5402
28700
11971
15357
4440
26274
27141
1154
18834
11913
12781
20831
11398
21978
23536
14225
32537
22186
30696
29240
14701
4681
25404
24836
17074
10566
20690
14990
10985
10568
20881
28461
9206
16706
30845
19359
26940
15992
17467
10531
3354
6983
8421
24785
10336
15635
26079
5671
6387
25460
30491
12152
21151
26649
14687
6745
1785
26390
6200
5850
15680
13067
6607
2951
7977
31
29596
1015
21106
22010
3277
7199
25388
3494
13337
6943
18095
2528
1185
14201
11900
14262
16382
1733
22819
11453
270
15898
29135
29991
3000
8230
1203
32282
3885
6794
26489
26523
28445
27761
14424
7211
1913
13625
10421
18181
4290
19004
30403
28593
25177
14564
8197
30178
13998
899
14178
3023
6249
25038
24794
16481
5677
1091
29831
2911
27357
7208
29689
23862
26154
14689
27029
17399
25733
2036
30788
19705
4442
21400
26055
10575
13777
7390
2005
4620
3036
7692
14276
16696
843
32219
22485
32370
12866
23217
19195
8847
7320
19847
15150
18135
31065
26094
2878
965
13072
16175
20443
4636
32520
23535
21706
8730
11572
19599
26748
25308
14160
10953
24770
13441
17938
5271
31569
25859
17182
17669
24236
21803
8517
7792
18176
17550
23309
29106
19520
25696
21138
21403
7160
18887
2517
29972
30859
9848
30517
22146
8023
4029
13418
159
31281
16169
11898
16827
4015
17339
31928
12505
17115
22448
22436
4261
17866
27489
220
10041
31469
19016
13052
8319
20025
14607
20830
5357
25034
6368
27561
4557
8036
13362
7302
6097
22637
20004
20321
14831
3644
30849
20033
20628
24414
13945
27301
18677
15747
12355
16938
23216
31751
17303
7523
27045
25114
20065
16158
7376
3064
20981
24063
32035
1343
3404
7420
26445
32575
21169
1479
13097
22614
26316
20539
29350
17051
21235
3053
10240
3916
2105
25675
13276
17839
23772
14773
6348
10667
24050
26555
6835
23161
7772
3335
11434
32043
5084
20919
7814
20100
1248
11023
9500
32346
2349
16022
12498
13050
3701
18590
4581
2199
13032
10747
24024
10808
3573
4682
29723
3187
16827
11519
2501
28789
11958
6073
32589
29913
9350
8598
22312
20080
11005
23486
14980
31599
17138
20951
19244
9848
26333
22436
27854
25099
14969
16349
5888
30802
212
20466
12090
22450
3684
18754
30909
11081
16018
32379
6135
810
24211
3526
13181
6008
5278
25303
7354
29384
30231
28118
7271
7928
13616
16963
14774
30665
3778
9900
32264
10897
6243
9837
19991
21426
552
5367
18951
21810
25728
26691
25446
163
1060
7104
16162
8319
26425
14600
6202
7242
7286
1902
30533
13552
20355
8156
26791
15001
25240
20910
13689
23089
5571
28082
21857
5526
21066
23513
25420
30360
22824
2686
30344
5938
11447
14725
12068
7731
863
11463
5362
1802
7243
31598
3935
13907
20931
75
19852
15230
19369
26265
31010
31299
26866
24773
22901
25504
30760
17970
31471
20136
14354
11923
25150
13493
29953
20478
22795
9908
30007
13753
3528
19974
30243
21904
6199
266
19352
23209
12842
32420
15586
8112
22880
11053
17486
21296
11339
14406
9857
17402
18429
16243
10323
8310
8078
3002
8314
4202
895
14999
8591
22203
25937
15851
1782
15981
28209
2711
30557
21919
445
10136
16624
24835
23192
9953
5851
26923
18169
7271
8038
8789
30704
19955
30798
25456
28245
16492
27318
14438
23961
30507
8368
9882
30227
29265
2992
31419
30237
23664
28202
13667
12451
5916
2235
18965
12592
17599
7197
11328
8064
530
31666
25191
7751
20587
14535
13367
3120
17394
30301
29516
28346
20088
30663
2798
24478
29515
27805
2160
26741
4310
25965
818
7334
27677
32444
3237
2627
31643
32643
24152
4684
22757
7445
28388
28317
11014
5434
1322
8954
14554
16487
3967
14834
6662
29237
6007
7085
12843
3889
1668
19833
28042
5364
24004
27343
29870
26
3465
22603
21012
32658
7916
28855
4307
22047
28280
9616
17883
8563
30998
14185
25626
14273
13047
13470
20441
9576
31065
20058
2392
13015
32718
1604
12327
7316
28460
19098
10309
27305
2277
19987
6021
11121
14313
24348
29542
12579
25149
4412
29220
31332
27298
2407
1548
8431
28751
17770
8832
5711
32274
7771
4114
27456
31184
640
5646
3195
7860
12399
27260
3895
15168
27607
17779
20158
22173
14642
11254
14230
22440
32073
3416
32527
545
14884
2479
19068
2432
21619
26268
32327
11475
25872
5849
7543
31663
25500
4481
11299
6650
32653
7445
3992
5085
26816
11663
19740
15063
27713
14918
18882
5696
21088
6161
18584
29488
1847
9487
24750
14545
11679
656
2848
8553
3210
3612
27890
27008
32114
22813
21500
30490
25500
20119
27393
2379
3979
25322
20732
5131
4030
16397
22070
30160
26845
24185
25531
25148
13437
17035
6724
28659
6032
32431
789
17269
15871
1487
24955
18092
29493
6056
24962
2874
16223
20757
10581
3903
28482
7725
27375
23908
5755
9431
5030
13706
26766
3486
10340
29491
6755
3683
29595
6514
15027
19968
30997
30777
7478
28230
24956
7605
3685
10829
10908
15060
23607
25320
3864
5356
12555
24709
29655
28483
13186
6501
28098
10727
31488
9912
15351
28489
4252
11934
8224
25016
1677
26683
3726
24455
15931
25175
22256
5282
25
31316
12689
11517
8340
14745
498
2331
26481
4273
26339
1261
10694
10653
30543
13491
25986
30138
13457
32202
32640
4277
20068
2998
28848
5650
24502
15468
12
24304
2322
21007
27196
31641
25097
17499
22798
29057
4194
8543
20200
20228
28224
27973
22310
16089
13942
2489
11118
5515
26029
28733
23209
5203
29600
16066
18388
14539
22035
12494
11660
10798
1701
19831
25001
2580
20905
1833
16067
23629
9686
6519
9889
27365
19078
13828
2352
24373
20989
12692
20445
27472
10022
18981
14581
16100
4998
19090
31752
2721
7186
29443
2526
20051
20202
14680
18875
24417
12960
9285
6810
3443
5622
9787
14776
21917
1238
23866
275
20006
6017
24137
18625
1891
11639
17297
23419
386
9042
23716
30198
20165
22484
8580
5668
32576
481
25826
29163
830
16258
24734
21728
4154
26647
18618
248
28241
13619
26317
5495
3607
9636
17189
10830
8080
12579
22831
22288
193
17569
11459
10953
28244
25585
13218
24914
22755
14505
10028
31132
18338
28688
18632
5504
11190
2273
32428
4258
15740
29260
720
8673
26652
29755
20023
12469
2418
15707
23522
28595
27499
2900
20511
14629
19045
11796
14125
26301
31885
2104
21263
15687
32650
6740
11420
13272
5007
27745
1572
24604
21983
20098
32060
8508
13818
24399
22419
23340
14584
861
25066
15853
16534
6434
13103
15444
20163
18010
12929
18456
3390
17811
30260
6409
32653
16542
13834
19182
13518
30910
1575
29802
13818
9827
7696
12
28066
26387
3721
2648
29127
13229
16355
2006
20813
11089
26779
24520
3773
16119
26296
8528
2262
5468
8695
6305
29674
25371
17100
1127
5686
27681
16983
17437
25378
2117
7755
28963
31600
32422
11927
6207
19698
6297
13263
7075
31396
26528
2101
6360
19063
31737
25578
26960
27672
31672
13677
11345
3633
12602
27380
1436
21845
23570
8703
8179
21019
1485
9522
10062
11043
22673
20925
16980
7262
8123
15777
32580
26953
27157
13652
14838
24049
18637
30618
7822
17927
6297
28235
7156
30002
30695
27067
26174
872
11240
6912
11006
15600
25584
29692
9667
15809
2617
6564
32385
23179
4104
1826
21806
80
12741
28370
8090
30930
14564
20795
23480
32187
3728
18754
8457
10419
10379
4663
11581
20639
12068
27972
19949
16250
26783
24725
1627
6366
31429
19596
209
26058
68
22075
8029
32460
12170
30810
6141
12535
3332
29784
7098
26441
31998
32453
20697
13864
28338
23030
19803
29167
11155
28351
6844
16226
15164
2306
25604
22586
6407
22194
9729
27581
31231
4777
6934
8696
11075
16508
32761
31060
28848
5330
6521
30247
19658
7237
6783
27257
7163
17856
8567
11851
2774
24164
18595
6546
24220
7484
11566
26147
22370
8891
10159
10219
15981
3723
2532
12355
8534
5539
20989
20810
11345
31422
13479
1418
28023
25286
21731
12964
23641
946
462
4752
20831
28822
20415
7212
26441
17913
17403
9718
29859
7289
14897
10770
18404
21070
26194
22246
24644
394
8931
21752
16399
43
1668
27495
6183
32411
23735
16945
16481
7384
6288
17877
11978
2269
25149
29378
2941
14623
13325
5578
10243
16140
21645
25506
17414
29378
10707
19786
5735
29549
20975
18197
28726
5869
6486
5834
15187
13157
23503
17825
6657
8407
18440
4158
5370
32093
6510
9208
21690
28529
10041
22432
6239
5656
24253
15830
26013
26303
23838
22260
5691
31407
26244
10831
3956
26685
26910
19853
9640
6866
8995
24979
32228
7903
436
3055
4379
11125
29543
13549
8466
10599
11630
30637
28121
15451
3600
7304
1530
9878
4328
14737
32352
7483
17515
10088
12793
25551
11726
2486
30261
4291
4110
31785
20555
23971
5995
8898
16501
22627
16549
9575
26329
7623
13196
21846
9218
9254
313
23777
20271
14558
4049
32324
21827
11001
23344
30994
21388
15918
9801
23522
27773
29826
21672
15230
25878
1553
12435
30666
3160
480
14273
19265
14461
7047
7980
10946
21970
7456
16582
21066
17129
805
1002
21383
7769
25230
1858
1621
17435
6089
11386
20372
5237
26000
22970
25845
283
8236
8311
30421
28485
16002
9091
2681
17573
12239
17226
30345
6340
21684
4636
3096
32186
31976
7968
2242
30299
12011
8820
32386
24809
29258
23437
17661
23810
17317
30383
10219
31427
22267
5211
14592
18324
7977
13655
3216
13949
1411
11639
19310
29912
3692
26085
4104
15638
20250
13536
9177
18579
18315
25059
23369
888
12464
970
18679
8530
7682
11427
31659
30049
4976
27977
7738
24626
29108
10324
8788
6750
5157
454
30320
27842
27507
22725
14294
2244
4902
20424
6533
5932
10677
29151
7071
27504
125
19045
31323
25955
4452
1835
21541
20830
28326
1199
12219
27397
18924
21770
6819
12399
21681
10959
18149
25023
26177
27385
20814
6081
3336
23044
377
29835
11838
20681
6531
19992
4318
23314
7048
19681
13803
25201
30382
5620
24768
406
7211
7762
6535
4372
29477
17976
17580
27399
25628
31508
18672
29861
16924
10159
31790
18309
24466
9794
32111
3203
28286
14399
20886
16564
26686
21368
25420
15690
31234
23251
23809
28229
11606
98
28759
18994
10988
6571
10623
3870
25217
10260
18816
21569
27607
15759
8397
17728
30144
13624
25090
17162
21659
18994
16620
24792
8684
1498
11690
9792
13408
13925
23951
31577
2303
28722
3100
31902
24635
14546
18257
16043
26691
30947
1986
23351
18873
3070
21088
29469
2626
6682
1788
5332
29729
29841
28828
2867
4914
888
9417
16837
28307
1234
13988
10415
11282
1224
27649
23358
21498
2070
12997
28311
25875
16189
19093
8113
7680
17738
19100
13175
17539
7937
24485
8697
15311
12423
8147
28680
8203
23930
14041
17369
28395
2629
23532
13036
11863
25459
2251
484
143
26933
20495
26123
4531
23813
3254
18357
15995
14706
8147
31341
3211
29171
7290
25066
6773
20345
13643
23263
6883
31104
590
19974
3296
32269
19582
2148
5322
6808
8070
21910
29117
21938
8011
28806
11556
10217
6972
9255
9856
2356
31843
19200
1417
16246
14289
17363
25669
19390
3994
14486
2786
20443
22141
15209
21141
8193
30447
26279
32681
6326
30938
11607
12494
12814
30304
20029
13676
11617
16426
13268
3736
21960
30392
3339
30711
4634
10533
18058
14971
14187
26825
16515
21541
23101
16793
1453
22158
8564
16482
2586
26352
5034
683
11470
20607
418
3320
25367
10334
7683
24453
11599
22928
1397
6794
5091
31527
12240
571
28739
12328
32152
15924
22438
11123
30538
32609
23825
19200
29943
11378
26755
12471
5586
17903
14056
1457
13121
25058
8310
14081
16741
10341
4246
14425
9758
10442
11282
9353
11570
10539
30928
23647
2988
19967
23602
16528
3777
6551
7941
26089
9229
27815
19726
22368
22736
27369
16344
31300
422
19112
3878
8897
3741
16024
7808
2097
13800
21836
16681
29954
29072
12705
18853
9186
20495
5302
24514
19592
4595
28466
1625
17507
31994
5317
16686
30275
32265
30924
30646
6566
30283
25957
25592
32630
21184
4461
2770
25392
26114
21054
9302
20154
24474
16394
19843
30400
13596
16872
19622
13660
5496
31968
19342
25049
24812
19352
7642
27799
32580
2033
20259
9817
6497
26954
27566
17376
1459
16224
18591
19594
27973
8337
23968
22631
12254
13315
22126
4706
16948
10353
18538
24409
15057
20944
741
4893
3584
28202
8768
20598
7941
4636
27338
5724
22687
304
24768
29222
9498
17690
10916
14524
30991
15741
28089
678
19988
14394
13528
23534
19254
23767
15277
16765
24976
8483
6804
9988
8387
18546
24063
12726
31054
23332
20236
5051
8459
11673
7883
17968
17711
21912
10436
8804
23985
29820
28428
14276
816
9945
28329
25483
8788
23519
10801
17690
24319
18687
14164
3260
15304
23277
27616
19810
22007
20830
12434
19221
29930
23716
640
11060
13407
29832
11099
8328
9781
6285
20439
12109
13714
5906
22850
29196
3276
22281
19561
25591
2560
23394
28005
29002
2471
14269
20001
19258
21206
30239
11431
25758
11086
18322
32221
1934
15597
11602
18994
4250
2064
19400
19482
5595
26509
24124
3014
25801
28624
32287
22632
24693
11808
24926
12775
19535
28230
3401
13051
4188
30103
22485
17483
1281
27282
6932
1660
16312
520
23658
1293
11220
3537
247
14753
13201
13761
1833
22172
1185
28874
1753
984
25612
9286
7060
25530
7978
25287
17618
7973
21705
25212
22807
5029
4154
466
21178
16977
7452
9808
30972
20712
20634
32336
23139
14
30803
26062
4547
16023
22600
23502
6880
17630
5578
15409
2476
23973
27746
6616
20846
2678
32131
12803
21859
3649
26359
25366
13843
26379
27904
1966
10345
23759
4806
20806
24803
27173
7060
27246
10316
24113
8870
27044
26774
3029
24914
19987
23177
32136
11054
11979
28065
12550
17232
24184
228
26276
820
2598
16808
9667
21640
32676
12100
12705
31368
10319
24227
26648
25303
18805
11389
13065
14363
25956
17631
21244
8582
23243
22678
12366
29597
28930
3558
27320
11004
20238
23347
8300
23931
17982
13295
10886
25053
22192
2430
6361
549
32260
29234
21369
359
19938
15166
12401
19502
11299
1265
20819
12157
3213
281
10892
19276
18651
31667
19894
27636
25609
8322
28613
28474
25833
10739
7424
4589
5978
15567
27118
10500
17906
30075
7363
26638
3011
30552
26124
10984
16046
10533
18669
30744
19256
18077
11384
22799
6837
27229
20176
29720
7399
7094
7859
20308
3753
564
13702
4662
21120
14935
25536
27997
3720
21138
10906
15880
16515
8235
27022
32582
27674
26162
6011
23370
31154
1519
22961
24962
22754
13292
4427
9104
18521
3491
13978
5451
14494
30322
26638
4092
209
17873
20538
17290
32595
4005
16511
9815
19507
13890
16216
8470
9092
9170
123
3544
482
20502
10284
20698
15721
31466
32190
20034
21992
27891
9953
5388
28953
523
2117
23727
4615
12630
30972
2736
2801
19313
31201
13253
12777
25764
1593
26586
3703
2665
30036
31887
17339
31994
9353
28966
5408
1279
25031
8354
17313
23573
619
17055
23871
15533
5501
30305
19395
6880
488
15147
30401
21528
4699
14304
27355
175
22126
2698
5632
380
17711
18977
13714
6989
28520
26866
32007
3339
20648
22605
6084
32257
21089
16375
4789
3835
13323
8450
4634
13415
30930
7854
12594
11012
3829
28501
17093
7085
4379
2319
28900
12040
26376
32268
20819
19119
27508
18585
25282
28535
15193
17959
13426
31250
5148
20645
8314
32098
8605
32219
21904
32157
20428
15497
17728
3013
25710
21411
9430
1723
12143
6367
22677
16965
29327
23422
2161
12371
1258
22179
16410
20001
3177
5124
19804
8175
14564
16211
22212
28943
660
22237
2553
10857
11838
25873
22161
10149
30041
10171
5940
24205
24491
24137
28660
9319
11305
16987
3958
29265
19071
23307
15060
28063
24389
8725
3629
17999
233
22633
32124
20889
29752
21701
14902
31110
11212
18324
9464
31762
6728
20671
31058
24792
15412
1902
28353
32471
11391
25774
19626
5541
23669
302
3915
5123
306
11645
12696
15082
15838
24347
12301
29305
2747
2409
21660
27198
5741
2524
26528
32413
9375
12139
24500
9956
29317
30047
17715
17349
8174
19798
17129
8218
11003
8682
28143
23965
30392
4656
1536
20712
70
20026
29413
2494
25307
25372
17065
13077
16505
21436
6063
640
28625
8671
23897
18090
14843
586
11419
1443
10814
14089
32451
349
638
12237
28872
8047
5764
6203
7068
15859
20568
10442
25160
3647
16237
24969
8823
15541
12478
13145
5303
23378
30152
1131
4395
11976
5113
15349
17316
28423
15995
31042
5549
13686
5226
30881
27687
9395
19019
18997
14632
30865
20366
17149
31424
14759
8380
15144
2970
5906
1490
954
2288
15327
11528
27345
14285
8352
22568
31904
32677
23318
30919
24526
11149
270
19444
28864
5494
26820
26273
30274
1827
32481
23491
2684
23870
2481
25225
22211
7319
20609
29336
30068
21930
22084
10864
11254
25394
24390
26144
1195
18659
15680
22779
5479
28551
20218
26127
23012
13014
2634
16394
20240
22429
18946
14063
8113
32285
8262
2407
13117
16693
13252
5956
28242
20971
2966
14095
12214
30003
13887
27718
12355
2526
11251
19863
25656
23361
20327
28738
14962
12353
3680
1956
10294
15353
6798
8656
13448
30718
21769
31276
17203
30448
27213
4255
14639
38
5205
25857
16558
7957
17940
23707
21373
19728
28521
20853
20278
25319
31023
28029
6109
7200
11370
8220
28662
22323
21949
22755
9552
13499
15949
25053
17827
29403
25890
1283
31446
3589
1462
7708
4284
11845
29659
29515
6704
28747
10258
12950
25925
20362
14284
1735
12774
25056
13852
29735
26877
24194
3101
12736
12325
3959
24213
15602
27449
26182
3022
19919
7158
22841
17745
15633
24581
20757
17697
19534
28001
28698
17498
14249
28356
22806
14832
2471
30245
16457
9426
14081
2506
284
1951
20092
27671
9554
4216
13302
5159
2037
16961
4571
2379
17119
15335
13156
8419
15467
13839
8563
6316
8344
8794
24950
19231
11731
11073
99
12271
21362
1890
17088
534
24024
8541
5072
22593
17351
25398
7650
10468
7302
22575
10659
10901
26582
3596
29789
23032
27397
5262
27220
31987
6160
28508
32334
10284
17008
10980
13382
29640
25326
25632
28102
9476
16277
29544
14604
11604
14241
742
12970
12946
27485
11537
13034
15244
10760
5063
6174
1472
2354
27261
31248
16184
5496
12942
20033
1458
11352
28113
18567
11177
9358
10620
29044
28556
16201
12304
7553
2952
3573
19369
10214
14101
29256
21384
23244
15208
21750
2259
14506
3730
10444
30917
14024
16411
9668
16326
23895
20676
2387
30141
31645
21321
28468
26080
29635
27125
18742
22842
5780
19376
25051
10633
15412
13964
15323
19047
5131
28269
27074
17979
9781
3317
18944
3097
25306
21480
2282
16590
18664
8268
23561
27978
14880
22278
15999
13402
14290
23678
12310
372
2598
27129
1940
30957
25213
21568
30701
26883
2127
17882
28116
11666
6898
1215
22321
1684
10024
911
2670
17612
839
5118
23622
29483
9502
26851
13945
21223
32548
27735
2566
23172
18676
1146
23070
20274
30369
17740
32161
15687
15343
9215
27632
30632
20089
6789
15315
32062
26844
16565
1564
16757
8560
26135
740
7076
14481
24100
5487
13858
12706
30029
4354
21659
2970
19334
15582
3291
3127
18347
31357
8520
32332
3995
17221
17437
6858
15798
11961
13367
4475
577
12167
24614
26827
10996
24616
32703
10474
385
22747
17056
1164
13494
23505
940
8821
23181
27245
22584
15309
4412
8056
16096
24467
26730
27716
25252
23424
32688
26331
2044
627
24215
5314
19310
24742
317
9529
4707
23593
16804
12416
12884
17549
5927
16863
10530
8582
18852
13226
21435
24326
2986
18758
9456
26282
13640
19348
2748
3858
13344
23587
25620
22366
9875
17464
17854
14441
912
8493
9513
7223
32569
6234
28224
4499
17691
14503
25881
22581
916
27062
27904
19515
26937
4683
15936
4522
16958
7416
2249
5728
31389
6655
16996
7070
23242
6136
10043
16647
9636
29849
21973
18567
13839
2428
27028
17379
3744
30577
29706
32506
9790
22908
7340
19353
21331
23856
4632
32090
31325
26042
30883
1914
16214
7147
5785
15329
31347
9002
18520
20095
27798
28377
15856
1826
5704
27302
983
11738
19546
17126
16264
7562
7656
12740
24692
13544
29030
26612
31379
30435
19249
31364
26873
8522
9427
1201
28485
7018
25473
3891
14927
32322
9580
6762
22511
31665
7650
31139
30515
17147
3392
4332
11243
14844
3393
32092
9114
21176
8146
11248
26162
2375
17754
19757
29601
27778
16772
5055
24148
7109
9955
23698
5732
9872
18552
29200
17947
21185
22572
13549
30074
32200
14144
11169
12106
13337
5274
8657
12133
27417
28174
8665
21169
24650
27613
18530
15374
9201
16185
29020
12138
16657
4596
27998
26357
32026
18338
16192
2993
27376
28310
12202
26599
1800
4326
8542
24471
868
2838
31848
30266
30644
21889
12994
291
3415
29664
16718
32733
6919
2835
6510
27737
26547
1971
7487
12958
22560
19387
27596
18441
20137
18077
4664
4000
6187
25454
19333
30230
7807
3163
15250
11788
10459
31580
19813
1419
17324
10198
26543
9389
32519
28915
29722
14354
27110
2162
6457
404
9064
22630
31550
10715
21002
32756
15820
22780
26423
2379
13570
731
30184
1237
31265
1918
29352
23527
16884
7388
1760
6521
25693
5462
13135
1387
1287
17429
13692
4804
12875
31712
2244
7821
27685
6187
30245
24561
7461
1296
27344
24616
27663
30519
17604
20114
22934
8545
189
9275
25892
10159
31698
1765
22337
9469
31307
12161
32384
12796
2844
26297
29380
7343
16155
21164
18810
28236
3645
11753
29688
20751
21273
7795
5592
18923
19358
21367
276
13636
24447
1741
1096
10554
1937
3261
2854
213
19058
42
26230
23825
318
6390
5364
28032
18490
27125
31514
5316
26331
10852
17848
13746
29964
31378
15449
32685
28583
7610
563
13914
17620
679
3044
6438
29188
13882
27851
20100
24400
14139
14332
590
15407
32526
9132
7889
7462
720
511
28582
19696
10320
15438
31566
15899
10770
3999
29020
15748
11684
16550
11419
21149
23005
31691
12118
20166
18717
21193
23205
11729
12855
320
18488
11046
13346
12664
15422
23814
8961
24744
8447
15458
15822
6991
13112
29536
32051
29037
24277
17262
13948
2232
16592
18225
27268
20083
3683
3304
22953
12073
26283
6348
3721
12404
13573
16129
579
4682
30759
25794
12564
27063
14588
13353
4630
20509
8352
27294
23751
17731
22396
5721
26732
28994
31761
32052
17818
8324
4014
27196
10337
29617
2554
22971
21622
26153
26251
2724
11368
24648
31803
14028
12109
21397
16709
13121
23322
15366
15804
29624
6241
17443
18469
28772
22734
26384
30021
16756
26328
26359
7888
29494
20931
26141
2617
15579
20104
8133
11052
10272
19706
28215
16994
32599
22138
28276
11221
18651
21208
5662
26118
26319
16606
13578
32263
1780
10115
2857
25789
15491
15522
8501
29622
18755
12301
3720
15809
17585
19599
23450
14869
1261
24731
15148
2964
12835
28297
22108
30465
9102
13716
11358
25755
6749
11800
3463
7204
26623
12556
26591
16684
19854
28421
10016
8975
27822
24201
13599
3035
18780
12268
14673
19363
11812
19759
8401
9756
26043
16515
3080
4846
9548
30399
31322
9269
23197
18881
31451
18522
30070
29873
1569
15093
32306
30036
11665
12121
11055
32520
10148
31388
20866
27573
22104
18498
19307
30785
8526
18699
17980
21093
25516
18950
17751
9549
10723
5113
6453
2032
10431
21562
31813
32191
9700
4641
30543
22526
31953
23741
6093
8493
12884
13995
5672
8068
10869
15686
4118
10396
30854
23531
27216
26664
8496
11260
27420
1925
30158
26525
27616
7858
29083
6422
29212
30716
6338
9532
22712
19730
10098
18043
14161
10561
25240
27702
18671
3553
16631
24953
29060
24802
14873
28148
1128
13966
27079
22234
19737
3225
31322
6758
7774
29185
30362
12390
22990
16153
18496
19294
20579
30060
8267
7028
18424
3010
31098
12819
31271
13667
17182
7243
8733
15093
16837
1607
22082
28953
21961
6530
26658
11623
12310
15359
8699
10600
7765
26446
4226
7286
5722
549
15172
17940
28538
26445
9179
4974
10649
20915
8380
4593
26499
19331
25192
8430
31958
7460
1292
18793
22876
14488
28096
26067
5934
27656
19622
4771
11291
1024
28736
18200
1741
32595
18309
29898
4701
13794
5950
1239
24198
2382
31940
24268
18169
7092
4676
27802
31665
26403
30464
5220
2606
29155
11817
3726
8241
19294
15917
6198
2028
7700
326
25040
17502
18196
30681
18080
18732
5281
29617
17874
29229
10996
26745
4618
10460
21808
107
29488
25665
14670
20898
230
27191
22141
22082
16294
2239
4120
26365
510
5379
28579
392
8080
3839
13247
18804
17745
15984
32425
1124
17847
23979
22863
9381
18897
9462
11421
13176
26512
10889
10203
18548
10957
454
6370
30743
25067
23916
20535
5015
10012
21245
27189
8761
8674
8616
22545
31254
31980
9801
169
26957
1751
12659
16525
26833
2321
21700
5434
14547
19810
8775
16292
18393
19255
30154
17199
10499
28812
1908
32535
29722
10999
2754
16198
14628
9082
1387
27347
12455
25446
1597
28144
29590
22899
18376
8705
25564
1933
4673
20456
2651
17461
20173
21965
30086
19170
2470
27813
27520
18199
22941
1478
32068
2126
22209
18559
22751
8035
9219
8433
17968
13349
22986
25891
25965
7873
14419
12750
24270
3742
189
6072
25749
29050
28084
4047
19835
9079
14
9293
22500
9212
30652
24990
26152
11309
18151
13901
26610
8026
24655
22543
5915
19831
8284
1415
23686
31728
11174
9723
18052
3827
8663
5048
13562
2863
28669
28359
1160
24328
10209
20121
4110
16298
8195
3520
14907
31789
7094
2797
27098
17056
17784
29880
6700
1798
13848
23992
10661
28383
22745
8652
24956
30884
31363
3266
14125
15263
26636
3644
3246
20741
25364
6085
21216
32552
14220
508
12967
4463
11960
12646
28764
31866
6860
22717
27126
18497
28679
14885
13057
16888
21421
11474
610
16220
24317
29438
19220
19249
28790
11423
12475
19972
19625
3357
18461
15072
26423
7607
10698
26466
27041
30028
27629
30877
15644
21002
622
7539
23395
18344
21604
16973
14650
24269
7515
18077
1027
9114
28971
23846
14802
16911
32303
14117
19123
12809
14074
4068
19690
12656
16063
7092
32388
7176
1209
23038
25475
6524
31118
13078
6032
25178
3519
26738
942
14399
18242
11912
16087
13930
7502
10004
27186
23071
28159
8964
31987
15925
5728
21487
26406
19596
26191
27377
26077
12762
12325
16601
16289
27671
15078
15448
25616
5129
19585
29822
29932
23565
27909
23625
13540
4058
2026
15374
15547
32116
24229
21480
14191
27856
13453
9300
15507
30458
17811
20246
32526
14913
3504
6730
18866
9144
10038
6415
10742
12775
28959
22235
13148
25628
22627
22822
1524
1393
30634
15676
26066
2066
11573
30770
7066
15440
20149
17636
27255
1958
4719
20994
6203
18772
21374
4621
27103
13726
13432
8168
18948
5087
32612
27720
16078
14196
8345
16305
28063
17197
11141
26300
25926
539
12208
19523
21866
1977
16340
11543
30455
5961
11729
24137
28124
13899
29864
8518
10613
7751
5562
22133
13280
23308
1986
11867
9366
22885
7691
1477
1174
32729
10504
6720
3321
2450
19459
20204
2518
18458
17442
19147
23607
19567
22052
22788
20975
28999
575
19156
1737
1116
17513
30024
17236
18263
28671
26853
2042
26337
392
16013
29195
16832
17368
22077
5185
10246
21156
8098
24155
8903
21700
13413
32228
32134
21774
13685
28288
23533
16881
12535
27136
31597
14148
30954
5535
3065
24950
8150
24089
8673
32496
11676
881
16220
21936
15330
4975
3075
7995
5910
23240
26164
20340
3054
24982
13128
25107
17034
8809
306
18906
24893
32058
8210
22131
14008
31930
5519
14153
4597
17046
13849
8162
5035
24383
963
14471
5147
12756
19347
7112
27585
29699
14929
30978
8161
12449
25555
12410
24896
8621
17855
2613
1085
13017
19327
21108
19699
15659
28006
17721
29523
7997
7168
7838
25010
22108
27565
30500
19644
11115
27832
21930
257
24137
30782
25543
29406
31980
3428
11091
7472
14895
2122
24338
29787
17442
1312
31229
17277
7429
23920
24628
7338
240
6538
12631
14289
19316
31629
19599
7929
30937
3188
1764
29778
9599
25956
6750
15174
13628
2129
8426
22813
30057
3397
5482
32085
26174
23462
2190
14931
9500
23970
24943
9276
15112
22374
12155
229
32641
1520
20480
32238
4863
18475
19891
16316
26195
32666
4590
29320
23075
18233
2083
20037
29270
31657
7939
15137
20755
25192
16733
25342
20373
13834
21765
17351
18595
11616
2034
636
30565
28418
22254
24222
27512
23698
29490
29461
9817
12165
23183
10471
15290
14679
16723
20721
18157
5147
25195
26783
31939
9920
24859
30228
14028
24091
7826
5256
2099
23340
18653
4763
7120
18635
21054
986
3374
26374
15739
24882
25981
3279
11470
31800
2731
2673
811
9022
32442
5309
19109
15397
4032
5979
18628
26024
7001
25228
31832
20554
23266
19754
2974
8904
32050
14029
29439
29595
6331
8588
16050
4588
27941
32190
14460
548
6253
4177
22191
16109
18328
2390
15986
18489
31441
30243
13647
17502
3633
12277
12165
26115
27758
608
17884
743
7579
30529
12985
13534
3261
29424
8240
22238
9572
4339
13594
9071
9442
19951
29358
31166
25701
10283
18685
24460
25273
30535
25266
5695
2312
13022
9501
31716
224
6018
5705
7637
27314
611
5739
17840
20470
23588
21220
24665
31615
23949
31153
18709
18711
16231
13532
28019
1860
25215
31207
18368
22869
5132
12542
5547
4150
5457
19098
22114
31645
4222
4774
8853
15028
14710
4089
6460
4854
6481
31079
10
14283
11503
32405
28456
9394
30126
13586
22064
27801
11972
6130
14969
26077
24042
5455
20913
15295
9028
25763
255
31932
27430
2790
543
5990
17926
18433
5516
26983
4746
14070
20358
31944
20405
22944
27336
18468
23450
5049
9734
7848
5335
19015
741
7615
14786
6655
18824
5741
1380
5602
24006
24625
24224
6676
5347
9373
10418
1896
9434
8879
2176
17284
25039
6456
1772
17608
3512
8489
2797
19106
30956
4849
8017
10664
21361
26165
9334
17100
19868
2800
27176
32484
24558
7221
12379
29246
24475
20060
9209
8749
19689
2439
13596
12869
14320
4102
12605
1110
5738
18621
12754
20531
12412
28065
18531
32460
21057
19113
9376
25108
9265
3852
16117
4873
27404
21295
24638
17494
10517
11059
13946
1964
32053
8342
20399
11405
23581
27641
24257
8137
2913
22194
4783
9363
5615
32318
6330
23336
2019
9111
2968
4124
4658
29897
15182
28315
4272
16313
1884
7763
8855
9977
9382
31390
6377
21360
2191
20281
9900
27295
26359
24961
24108
24386
14526
29005
24648
6831
18127
1989
12161
14780
18411
10537
22739
10844
278
12765
2828
10320
14068
29928
24254
11790
15160
18492
27405
17630
9517
23214
23976
10927
1831
20513
24337
30751
24854
21048
18252
5438
13046
1224
1276
10220
31406
8110
28282
18165
28551
31877
13681
14191
10256
1747
32071
15825
24243
6401
4319
32130
788
3960
25517
31982
21466
28706
19381
18807
5551
13558
486
1316
4036
667
22178
7625
31997
6435
23621
3777
16209
19150
23118
10567
5391
16221
10
3729
17835
20620
14083
21466
10722
20936
22235
7238
19417
22366
11008
27976
29549
21829
12068
1834
7987
22054
16644
6985
31710
2750
13044
4843
8686
24893
11894
32625
19081
14282
14355
28098
3209
22339
11733
27091
91
23870
21545
27540
18421
30420
4537
7590
11303
4083
13268
2090
15885
25063
16132
1787
22506
2666
25880
19286
31030
24429
29586
13262
15688
2340
2946
17470
2219
31838
5785
28290
11548
14435
2597
5549
9932
9460
20275
26775
3544
21318
3893
2649
29198
29426
29171
19019
29604
8151
5667
1488
30001
9349
17332
18363
32308
8268
20756
11265
13857
8576
32592
18149
9612
28121
29885
28337
26081
442
16837
3176
27988
21717
6800
8758
9196
23663
16936
20707
22362
19906
24505
10155
2383
3920
28506
15576
31893
4614
24457
9310
2194
13813
3104
23349
14304
20320
4678
21237
9061
21962
31209
5156
273
22862
8157
13654
23097
10414
1368
930
13158
29839
6761
28102
23370
31269
29733
25078
23209
4638
8596
23495
8066
13470
8584
19158
11847
20556
19743
25864
4305
5662
15605
3899
18784
1720
23978
24256
1789
11759
10046
23821
24772
24878
26551
20297
32296
7589
26279
31084
28074
10732
26440
17054
5978
30968
32619
26781
22861
15349
10
26090
26979
10195
31614
13552
16989
2045
1434
12327
9158
30560
3254
11763
27521
17002
31813
13440
29080
15924
23476
22247
24345
31545
27862
1155
23713
7189
1879
19002
23558
25471
5688
7923
22246
11244
2215
5148
18596
14722
5473
12072
10340
17504
10192
30051
5157
9132
13621
30788
2436
31568
22723
18025
9467
31838
7696
1630
24240
11189
28144
29939
30757
12209
29772
11989
15822
22646
32507
19697
237
14186
3386
21996
24161
22384
13245
3243
1210
270
512
30948
6595
7206
4879
22428
5840
13277
32762
6248
10481
27430
945
28662
6368
12362
9243
20062
31661
31889
2114
18603
23867
26510
23170
12772
29129
11086
30744
14823
21408
23813
26446
17491
4585
24265
13184
17475
29981
9285
14633
4230
3942
4239
761
1501
107
25255
19677
8126
5310
1206
17535
7675
31454
32650
23595
2527
18361
13248
13920
26557
11053
31135
21534
5294
114
19340
30443
26717
31754
13355
7071
17888
6491
23189
14917
28587
12096
32048
16533
31601
15874
20013
26727
19505
10923
16501
20882
5510
16551
12867
29420
27822
12922
812
3163
30100
26541
31573
21637
22917
29587
22976
20435
8596
15753
20261
30686
21870
20460
22843
1891
31609
520
20172
25212
14051
17353
26401
1742
6474
9652
9392
11144
27682
8501
6580
28735
5918
11647
19891
29830
13752
9134
13652
2220
13038
26811
5010
16028
3965
5065
8350
8402
17240
17781
18196
1873
18256
1140
11079
21952
19263
18429
21462
11675
18295
27529
18366
2972
2108
24291
6465
29722
11643
4518
11736
32069
21089
9304
6958
8718
3944
6360
22124
7090
23854
24304
19992
26780
25988
6739
16454
1403
24243
20902
4109
21984
14340
29655
18114
16270
29750
21716
22450
880
20100
9887
8998
27274
23475
9596
17807
11532
13514
13954
30334
17642
7789
24216
18373
2778
32465
22678
26624
19573
18748
1640
26002
704
23702
23830
23311
28487
24623
115
215
20658
20644
23613
13523
21458
23581
20361
18458
16105
12120
15256
31833
6903
11596
21056
13776
9673
22598
20302
19739
17598
13458
7060
17996
9887
3511
8232
23580
27563
15802
12947
27869
28979
24264
2558
17961
31143
13317
13448
20406
9714
5203
22522
13917
30066
17557
8164
1749
1916
14381
2335
26501
13601
19422
21275
29958
20729
10945
14068
25124
31230
4985
23217
29290
9675
11145
25970
19162
23578
19699
23014
12103
15898
5381
21472
22889
11382
24106
20809
17422
12728
25978
9826
19833
20542
23142
15439
29061
18964
9148
16349
10466
31482
29676
20368
30480
22593
12937
29420
23023
30138
15059
30660
16240
18259
26675
27695
22734
6347
18994
19288
16356
21780
30336
20215
10465
18050
20386
10842
24116
30824
30175
1348
18679
14866
24008
15861
8000
17821
384
12683
24443
5731
8430
16566
12106
3114
28145
10031
21104
29921
16155
29765
4728
28535
24007
26729
10291
6090
13845
25826
27795
15969
27445
23788
27380
4228
12940
4824
16885
3466
26608
25804
6756
13367
19516
20626
14180
14062
13292
4555
14381
32067
13368
9834
20759
8023
22770
32572
31333
20293
24524
29349
5644
3859
1991
2996
17887
29823
19459
16330
20235
6788
29174
17360
16330
23890
4331
31972
15854
3744
24785
3592
1784
20783
18540
9424
26548
6947
7338
24696
8569
8745
10116
1052
8096
2107
31595
16322
20209
27425
19669
25774
2394
5486
30832
18836
25744
12883
2786
20963
15339
28197
20977
9258
909
26875
30037
32224
30511
18140
11419
25206
24056
5038
15031
14323
6579
10589
2175
3053
13527
12599
18819
2637
19571
19854
5435
16990
27196
6850
23612
10653
32399
19425
23579
5527
17265
28986
25294
11567
18940
2883
23371
26553
4384
8803
236
5892
30734
2940
17875
25318
10569
14673
26819
10508
17043
25529
20484
21859
31503
22109
29347
13233
32384
15185
18850
27969
13378
8676
10878
17142
17622
18710
30528
16802
11855
16401
18663
17470
26982
26506
7022
26252
30448
1618
1012
3021
11579
9702
3333
23389
11948
21942
5128
27506
27267
29902
18150
22391
23851
10624
15116
24899
18458
23310
22269
18960
8466
27588
30553
13914
556
10079
30700
5277
22268
10957
16127
5312
27458
10369
11636
18293
22032
31377
14804
16389
20386
13149
15979
29964
23049
15503
16948
32434
5868
18541
31275
28798
2704
7101
14267
7339
25213
21028
9607
16212
8263
11633
16253
28326
6654
27179
4238
5315
31530
5916
23786
13036
20692
10874
17520
6993
21939
20759
5977
14814
4455
16452
19992
2582
21884
13305
7171
20309
26692
27168
26374
527
795
23495
13353
25749
29222
30497
6174
2831
3710
15970
32726
4727
32107
12621
18098
23509
11349
15040
22978
17484
26453
12721
18127
10629
30220
28442
22984
21122
24875
15152
5195
5767
25854
7175
20528
10309
25183
11296
21964
13249
1878
19544
1221
5104
15498
10619
24008
23068
8245
10594
9321
3495
30056
18753
11461
10272
26704
29416
11047
10879
23508
2288
15120
10102
12534
7833
13384
7379
23204
25798
19804
13001
10175
26780
12690
15770
18921
13819
6811
2318
6449
10387
5320
7921
27778
2192
10479
26769
20560
27965
21484
25311
18520
13361
279
26206
11310
12492
11690
13209
6739
22639
32254
2132
30442
10056
23307
28391
9925
15306
2033
18280
22850
30108
20536
32032
14001
20112
13555
986
19548
18227
6606
16964
22339
7924
2947
15376
11734
22743
16463
28460
24266
809
9428
9544
27305
31928
314
16123
3200
18193
20892
32175
1430
26909
8920
26389
24469
369
4886
1234
20660
10121
12620
255
17669
26434
4480
9574
12302
21135
6334
11900
8265
29796
14348
9873
30511
5482
19889
9196
30785
10025
31140
28555
29958
19511
22443
15136
13540
28783
22798
29796
23359
26484
19665
12222
20430
13148
15897
1996
29585
3394
15151
31576
26
7848
19629
1479
22855
15438
23705
19478
25889
13438
31324
26564
19472
3749
12636
25797
26224
1687
24622
3978
7309
15079
15183
23847
21235
20348
21847
4918
12956
30539
17181
29136
30703
18366
21916
23741
28548
19338
2772
24395
5026
29622
12438
31050
22771
16680
20563
26351
293
21932
26958
18503
16795
28731
19652
2664
6048
15601
1934
4565
26814
13916
27774
28853
2327
11012
3920
11209
3464
27887
6979
29421
25916
23673
1319
29838
4963
26826
1598
24803
5597
25602
22983
13666
15979
19311
25221
7749
22023
13927
15923
19958
28713
30186
6364
9948
5559
24568
21603
14058
27612
22144
11876
5129
12767
15264
7191
4441
28485
28711
1828
21027
5320
14788
1919
30262
24769
8601
12794
31173
21366
30830
26033
6900
1256
9119
27672
12662
408
17410
21689
29282
28271
17598
28652
21931
30698
23071
23649
6633
20726
1513
15835
12833
28030
30573
8078
30573
15073
4706
15962
6549
642
22274
5782
8747
30668
9951
18332
21487
29436
19073
10406
10371
3883
5187
3310
29914
21905
8002
24922
31541
9514
535
8100
21447
20856
9623
18926
14134
31714
13416
17915
20280
31706
19989
27372
9230
19115
11911
1889
7453
25305
4017
1348
2966
1708
15861
23532
2021
9378
16182
18645
2140
24421
23097
32445
29670
15445
5592
11291
405
9366
13057
7413
29894
32331
19560
23000
5727
26565
16389
3782
31146
32355
16332
32524
17872
10723
16352
32524
32363
25479
21696
8634
28283
672
14475
5153
30333
31536
30703
803
15882
7663
13083
22082
21444
10895
10724
5968
11119
22633
23174
26113
15839
24135
17591
737
24933
11547
6754
12232
11250
24388
30421
27003
30568
30489
11558
7158
340
21691
20608
11326
24065
21341
12049
9160
14953
29110
8408
29040
609
18459
6232
5714
29684
28899
8380
28356
8562
12164
20633
2572
17946
14450
7998
9389
13688
17931
19354
14853
22190
9130
32012
4272
24036
2461
4129
5829
16121
4853
2219
2831
13416
23615
1834
30489
25149
1552
32256
22467
30921
2023
22155
13892
25418
24991
17939
22130
27632
2091
14682
27707
3142
15498
8326
7492
2574
2695
14750
15306
6052
3384
21390
23865
28610
20374
23891
28561
32042
3963
19442
24827
27439
22910
13916
21779
16886
12780
26998
26487
24829
22569
18328
11794
25045
7313
23205
10492
18413
4981
23768
4405
12128
13834
17094
21811
687
16020
20134
7437
30413
15935
25995
12593
11799
14009
18443
303
12435
8880
22678
20820
10517
1260
11560
25616
9051
29063
3651
21437
16602
7918
29655
16780
8387
17294
8666
15229
31599
29264
19059
4603
12222
19982
19968
14399
28085
9522
2518
6475
6617
315
29845
7895
21957
4935
30738
14179
26318
2520
28597
19041
6927
30049
27288
28535
20340
25825
12821
8479
2706
5808
507
11476
24627
16367
31663
32223
23515
17348
26371
2305
20357
9435
2556
27924
24398
2053
15931
7490
20545
27210
4386
27622
24571
29092
3524
3891
6599
27574
417
24163
13943
6197
7991
29825
24712
25778
13108
25592
32691
31957
21478
1679
18521
30707
15614
21747
25032
15534
7896
8887
12492
7242
9532
26931
24910
30042
26793
2133
11997
9317
9312
6010
16838
9020
13452
16527
28488
6656
23720
5722
6995
1714
2434
30272
8163
24267
21134
29598
17892
13067
6854
12432
478
14902
27036
12751
3260
8184
5223
14849
18182
19132
14833
26860
10339
26129
14325
29792
26664
12992
23115
28392
1455
15993
14195
28033
27334
26033
21655
29533
11458
16739
337
27614
24952
4837
16281
30114
30798
5082
25471
19423
17743
31229
8615
22392
22574
25742
5385
380
8493
22581
13381
32506
23726
13156
16559
32516
22940
27118
10577
9982
3944
7404
29447
7630
23316
445
17927
17465
15149
32207
2753
8190
25532
9702
25104
646
22330
22078
26384
7591
14009
31171
24935
29355
21598
18836
21653
32480
16353
26027
25758
22581
20433
14184
23713
26678
32610
5746
10810
30046
12821
20454
4859
24364
8323
26129
146
18101
12894
1478
31842
29177
20797
27712
5067
16289
10125
467
11240
14456
267
7434
27444
17880
21165
18614
9831
26063
5845
12938
8302
32167
7805
12060
2408
30055
18153
3474
8817
8449
3266
11765
26879
3172
1142
10457
5530
698
11584
31559
11954
32356
22995
7787
12474
7953
28272
3344
16248
30985
13028
10293
2215
8776
8356
28298
86
10462
22143
23266
23932
27767
4118
28711
5493
5739
9752
5858
14930
31160
3670
22634
29226
24848
29720
24920
27611
6372
3598
24187
11151
5393
32744
16337
483
20320
16507
22380
24481
1133
7712
23693
14212
29957
11784
993
29488
12088
1123
12212
3868
22300
10927
19586
4628
21903
8105
32305
22904
7502
6145
28793
32233
26055
32008
26061
19663
24724
15404
7440
7229
27185
8562
21198
26014
20105
30560
13432
26477
26682
5824
32496
16718
17282
26628
2778
20804
19655
26263
31879
25339
24814
24923
5283
15996
31817
11451
2207
16242
17243
28324
10927
29147
5498
3957
13241
11579
3136
26768
1318
9888
2480
19793
655
6630
518
20188
23565
13301
12579
8942
24917
31324
28525
19395
24362
16383
23762
29078
1802
24191
10101
26671
1292
25996
10397
9179
30668
9847
24759
28582
237
20840
1184
11048
26422
18950
6973
15184
1852
19392
17291
27704
17963
9585
32040
16957
28509
20388
16233
6391
32189
25412
11686
31558
27682
13258
17874
24272
14141
21325
18933
32529
1040
8137
14522
21652
851
26346
21591
25247
641
15274
30242
29084
25145
1373
12057
19586
23494
15932
3514
28323
13020
13925
16707
31829
26948
21662
29414
1682
31245
30244
25875
29858
17937
32652
30098
21357
17874
546
30598
18045
8550
22873
20187
23695
21952
8718
31940
26241
31187
12615
11978
15617
4055
26515
30404
6336
11988
27733
29188
28598
11371
6717
28171
10686
13267
8770
52
19915
14144
10371
29002
4582
23977
30594
8457
20722
2397
11372
26231
18476
22973
32138
22959
15246
7158
9097
8659
18305
25140
13324
7247
25163
27690
16897
26736
22966
18955
24098
14631
7008
11500
7894
20478
13684
15366
9138
14254
2748
17697
11309
16575
422
9568
16959
14799
29704
2547
21635
15281
10115
17438
12904
32318
27156
17488
32560
22489
13082
28951
31858
15060
10257
12119
16903
26951
17101
5736
7178
28948
7725
25531
1936
32627
11473
19179
15778
16178
1325
7217
20737
26606
28602
2278
28201
28328
10659
27526
19458
19927
16986
26461
25260
30004
2806
637
1388
25693
561
1985
5371
15134
681
2106
1419
26038
22143
20079
5050
30180
25523
16475
19519
16655
1039
27434
19402
10709
29914
5736
22432
24683
17203
27945
29686
21266
26639
27516
20731
22126
866
7337
15455
1707
1602
17044
11128
31236
19558
29416
15408
10746
731
21527
1469
23188
31138
3005
15677
24472
24804
27392
8295
16916
7961
18672
14618
24764
5663
5515
30628
21653
28684
6092
18595
16543
5941
14174
11270
20688
20252
21571
19010
13779
30779
11195
20442
457
27256
3117
13250
29325
15867
27515
19826
25457
23030
21334
9856
4293
22903
25142
28182
12329
27989
3027
27841
3541
22029
9422
2278
8193
2024
10105
22555
14470
10890
457
5198
12099
7940
20710
21108
30479
1009
560
13913
17082
17212
13655
23339
16552
19288
8585
3880
9641
11524
4329
30629
9645
28512
16258
4281
30231
5248
9419
16176
12745
9277
20544
23434
24258
15567
20589
15315
8679
4793
3676
15788
10635
18332
23662
32660
30697
405
19532
3785
17159
16579
3512
5274
4804
6589
17689
27019
11208
16704
8446
21856
2456
15090
8653
10525
5680
9297
31781
5720
2678
18128
28231
6007
13215
16788
27489
27204
15337
25415
20008
26551
1581
5770
9076
18831
22247
9117
6572
9275
21982
30973
29171
23709
20090
18774
19060
15787
32328
20769
13477
19961
30512
24716
30702
18125
15166
3487
19780
13845
2161
25276
14012
1558
1203
28881
17455
3997
26918
11786
17090
2299
13212
5707
4370
13244
13961
12280
26727
14508
28530
5526
20806
4708
1009
17922
6302
2588
31383
16674
7011
28181
20624
27380
3206
8878
6772
12223
13089
16311
14249
31999
16262
4037
4712
28375
30740
27643
3458
26206
26695
25990
133
1746
23257
791
23750
1756
1253
1089
13579
5969
25212
3519
32166
3810
20493
30424
17139
17956
6314
24849
26663
19898
6497
27844
27470
22851
16733
4519
6926
9294
31296
29351
22451
32564
21777
27194
13414
28985
31310
18203
9306
2538
12013
26444
18793
17645
14711
29929
20379
29946
18086
27671
21799
32710
5352
15438
31639
14787
303
11574
2704
25694
21008
29325
212
20807
15630
18741
12470
28659
21052
1893
13332
20582
27300
31089
13869
25323
1638
28726
31290
21071
19139
20808
7122
22921
12025
5576
18674
12058
31632
15403
28257
1130
29154
19836
29066
14439
11627
29652
14134
3958
1567
24956
6856
19701
29326
11804
971
2105
28900
11613
13611
31437
13850
26801
3158
31194
30851
7807
23457
31844
11845
14718
19878
14685
2832
16975
9093
14589
31580
20838
15269
26912
3832
25555
24424
20239
32054
9558
28995
30995
20851
30487
15733
31926
12411
12579
23853
21507
2684
1850
3485
13594
15767
26403
9978
7545
6650
