25778
31348
15765
14476
22586
10529
28516
16047
24169
17870
11216
30551
16046
29060
25237
19627
20209
13785
32156
12332
841
29862
3783
27149
24496
9240
22349
26907
19593
25363
29605
1889
21967
3415
20426
30962
17041
6802
19713
31561
11116
2126
10363
23898
27794
18613
20057
1855
9248
25998
10937
21117
4010
5220
20364
29924
9359
27904
3
15893
29774
17432
17481
24210
14733
18563
18418
29558
13319
28388
27943
19605
21820
7019
5908
20740
21612
5278
9084
31317
23203
6785
3879
28827
3360
19747
32523
8983
8333
6474
2655
5472
15961
17686
3425
24930
13676
14790
30483
26374
31712
22478
15523
13445
8515
14146
25494
3006
1395
10058
15438
999
25265
30697
32536
25167
23433
23024
17379
12125
18925
15933
25466
5754
10445
23748
19939
17663
25289
4691
5296
19949
29788
9548
28610
19158
12960
18805
30729
9503
30839
5208
6210
18738
20102
29609
5564
5133
1365
16746
6651
13297
8075
18469
2135
10458
21180
18286
28649
9808
30099
31964
1462
6390
14978
31207
9809
39
6585
26005
17371
6195
20626
25249
28321
16406
27715
12308
30011
12593
12841
18127
10409
26014
9371
23171
26598
1148
32498
30383
27123
1458
32217
21871
7559
28989
24784
17127
4915
14569
2213
32003
25940
11728
2982
20484
31506
23378
11200
29426
20279
1238
28542
26622
4937
5607
552
24418
24986
12960
15152
30694
7292
6163
11434
13710
31549
826
29815
23308
8658
9974
3502
21930
9547
17512
14057
327
3942
22279
6854
20466
5653
3783
13629
23169
2649
2883
3542
14260
12344
25992
22956
10118
6506
23487
18850
14187
5304
16543
24088
13364
24949
24148
28499
11938
4603
32457
21619
6107
9658
18641
22461
21500
10904
15116
28338
20896
20254
15241
15137
18677
6606
4522
29502
21874
2259
20828
23184
15554
21102
12041
6671
15777
15541
15509
21640
28757
6186
9883
26314
1365
12751
12908
12281
22671
25285
32517
1573
6388
10184
26938
4900
6395
24706
23956
16686
21078
7434
29131
19641
15946
14923
32404
13655
22396
2654
800
6573
27252
3780
10733
15066
25143
5721
26307
9065
22432
19856
22148
11872
25546
10334
28959
6996
27409
7175
26162
20042
27827
29530
9029
27995
6201
7410
6652
7283
3693
20225
6355
28675
18509
18385
3657
2146
4847
26547
14987
27897
17071
24540
31502
9036
21728
16099
13066
4275
27755
16620
14385
2619
15782
23759
17429
21547
20176
16212
17477
18801
4651
12319
25409
2004
13478
10438
29379
28663
29853
4371
15902
20862
8367
7203
29777
20807
32109
21326
19630
23408
20758
8161
1146
30482
414
304
19030
6319
27702
1350
7589
2726
14387
3352
14266
31980
17975
19114
18863
22115
15609
32716
20561
7364
5259
3264
9300
13681
6080
13947
21938
10880
13537
19221
24386
30526
3566
19648
17394
10952
32543
31923
16222
29743
1593
2919
5506
20701
8220
6826
22381
17592
27397
2605
6585
1926
20545
11963
15120
28632
27371
27589
10517
4710
10115
21207
21221
32525
8618
10747
24913
29447
27407
22943
30015
8888
22172
22614
6072
27252
3816
31769
28471
25478
13897
12194
30985
1153
13132
13336
15252
5518
30818
16514
18584
28042
22265
27360
28998
11391
13310
8762
9379
27444
10721
19562
24825
4297
21848
171
16180
15048
3321
10117
2893
23614
17193
23702
32624
28136
169
30508
25282
26974
31508
20173
8592
17266
18533
15481
25479
16962
16038
9684
17739
20293
13116
21190
10671
1896
30361
1183
30122
1785
18429
22300
18472
4902
30360
14609
20483
14731
5997
18164
21142
3215
26676
27270
4637
5738
22019
1359
2687
4431
20939
13493
9849
22267
27162
12117
15216
9447
2417
14858
4538
31818
19519
13408
29043
8869
28194
26598
30848
22208
24299
15327
1819
23875
453
23068
13559
31009
28934
25405
30015
13651
15620
26403
11359
16292
23339
7516
18832
13012
5512
19373
11578
3504
4722
23252
18438
25875
7422
17014
25975
2994
10447
2335
19246
20239
11131
23030
30582
17498
8627
1752
32236
17056
11505
25031
2589
6977
18161
27911
2763
1716
31653
17693
13661
30724
5254
3136
31979
1284
18554
12243
22608
2406
9809
21002
7659
13623
12512
2572
1696
21237
15394
26234
7043
5444
2574
27979
4737
17340
28358
23332
25669
19900
25704
11474
18947
25700
32554
26223
23735
25671
12279
19393
2132
4061
30022
19040
24879
23022
30714
22380
7476
5541
11164
6233
7277
21771
24714
21607
13388
534
19254
1158
11573
18584
1873
2212
6978
14852
7976
22066
24700
9582
11053
17075
7099
4048
22458
23193
10954
11254
27853
8906
2619
4624
22888
18766
29101
28368
1064
30181
27938
8867
21076
25991
16828
6154
31424
19072
3005
16024
15472
26602
28812
6884
8934
18519
87
30587
1577
22977
13490
13374
8520
31590
12208
3578
29199
27991
22129
15235
26938
23719
29177
31865
21050
29200
9367
18361
11749
11527
3551
1984
24763
9803
19636
671
11291
1387
18006
1578
6857
11736
7474
19196
21140
9247
5138
32449
15020
26225
9369
19668
22658
7711
13426
13407
24419
10630
6960
16849
20780
23283
9369
8452
26516
7496
22310
28858
16208
8783
23358
14588
9222
15751
9347
13699
12369
15706
25701
14539
5722
3849
23373
9022
30092
27840
708
12103
7744
21849
20991
945
28188
25804
32351
7024
4079
32512
5525
8581
22218
31531
9970
31975
24660
2215
19995
31535
17882
22758
31566
29373
10063
9691
13735
19759
8780
15229
24147
29549
9911
12393
4922
1078
2436
7513
29670
22842
15705
8254
835
20813
27014
10377
29946
8925
17759
26358
654
14424
23535
10880
17600
6653
18497
16524
12567
20366
20202
18951
1971
25235
6495
10707
21090
6249
631
28713
2721
15909
12440
152
19901
14607
27351
10483
26940
21815
15328
17129
12987
6463
15856
23692
13464
4875
17385
32401
31884
11445
27229
16198
30299
30953
23865
23507
32045
242
28569
23882
12702
22733
29424
29805
8283
29093
15345
4410
15216
14235
14953
2586
22506
25303
594
21638
21144
1440
12113
5585
1852
10737
30401
9170
5522
22901
25512
13523
11300
11640
25143
27228
29735
26130
2999
8944
18683
21453
17308
5899
8843
13353
29539
2882
26225
22079
31546
24756
2628
10106
26798
2847
18865
16152
1388
20052
20840
12943
26035
21342
22608
19044
27978
23511
19396
22481
30055
2084
1
20100
21845
29653
24823
5241
22562
3461
4444
24852
14367
2272
18998
11605
22037
21707
14314
14549
20615
975
10529
2303
28228
28521
23640
25304
4195
20953
12206
24515
10991
18666
1130
13344
17669
20145
22121
18407
10221
30395
28417
3375
11633
9254
12195
13001
3899
2499
23693
3857
21644
28407
9499
29892
20886
31056
2757
14310
16291
29900
4212
23365
25815
8633
26551
6956
23780
28806
10530
15551
25152
8318
3944
15770
17963
19452
1560
17256
25314
4626
27662
8947
10998
24527
21353
9945
26540
17978
10735
4659
10207
29296
3770
30562
20210
1478
25792
25322
27393
32645
7585
5244
11925
19934
29993
23918
7031
7732
22545
9716
23450
22675
20514
14237
20859
17725
28997
25282
18824
12110
17479
6353
27494
1665
19409
2124
7560
12831
23641
27248
5015
78
3709
4152
24423
9747
12173
23601
865
30922
10922
23879
14994
8974
16403
16072
19636
1728
23258
4811
19866
6688
26453
4896
26983
18319
20425
5331
25545
23312
15172
21432
22535
1296
5830
21186
3740
31253
27342
24303
22199
31768
18433
6353
27430
12271
15421
21459
29210
22972
6407
17491
24031
7944
6267
28230
28035
31428
1584
29969
32263
19909
19325
3327
6711
12599
30278
12811
21475
7375
8733
21464
5052
21752
26009
31851
30686
13545
2635
27525
27096
2815
31653
6823
30413
12063
19377
27881
23634
29925
28079
16676
32006
78
32223
25590
30603
29616
14617
30381
16343
31737
32170
18735
12251
3109
22120
31106
12132
480
4774
542
26050
4584
17426
19079
6006
29477
5443
11857
14343
5835
29698
25944
4720
20724
15700
8316
23275
22136
235
31902
21484
6728
30768
7316
9591
189
20081
6506
22561
5276
19398
2787
5664
6520
4950
31412
30152
211
11873
1064
27008
29930
17751
15269
17408
30800
11019
9845
32044
18244
24342
23739
29149
31918
5484
6034
7118
15925
22483
18212
20873
18406
9535
399
9579
20344
24785
25048
17130
30746
17998
15187
29544
23883
11633
28195
4709
770
29980
14279
23288
21855
10758
22731
2330
28111
26118
31158
11357
30007
757
31600
11565
28872
11766
9434
29374
3042
28383
25819
45
1741
10615
6176
968
27773
14784
173
8144
11909
381
25359
1841
12521
28335
4740
1514
13606
11099
24650
28744
24193
4014
19508
408
12935
30385
29684
23195
18982
26841
14814
25064
14805
4184
17548
19308
19595
6300
28432
4893
14071
24263
12716
25995
27868
32124
12969
22619
3087
3433
14103
10618
4160
23826
13523
11053
10908
4704
22085
7952
752
13095
19505
11510
18202
19347
1731
14651
11024
29525
6147
22435
9070
8196
23668
29278
11362
15156
26519
13206
16145
10973
22244
17435
2652
20578
3389
19206
12270
18200
25950
4177
13264
29139
11679
13049
10356
18850
26267
13928
25819
13187
11274
7257
12549
17832
8798
1091
9435
25052
11438
21884
14952
26796
17378
17683
9069
996
28891
15321
21481
24673
7761
13648
17488
32466
21742
5740
30597
16875
23870
691
12364
9207
5585
14953
30805
1648
25003
27650
2734
21651
31581
26849
24194
11223
23344
22701
30430
3163
4093
6967
13928
25848
12211
7311
268
18082
13841
31934
28618
32175
6160
27891
14728
2764
11230
4211
8216
30534
16959
5178
31066
20260
7238
25729
1941
25958
8058
20227
27236
25970
13609
17442
12417
32716
11090
19662
27368
8666
28750
8626
1293
6773
13953
12393
20118
15821
12017
16726
11838
5785
30524
24681
895
27666
15474
32094
15941
27122
29414
10933
12446
12656
14840
23791
7909
32238
15540
2013
25299
5335
10481
25634
12396
1057
14655
14362
17728
17723
17524
5653
26428
17532
27330
20522
31679
32235
11331
16885
5851
19306
8303
29756
994
12842
1025
18622
7192
19637
31357
1009
24509
19073
21029
1810
28671
1029
3933
27745
31449
30171
8727
12583
27063
6246
19336
32545
13481
16568
25018
2631
663
27950
8445
30357
13929
16730
18883
23503
1399
8950
369
729
6663
21377
11914
30495
11076
17284
1423
12188
28554
12012
9441
10158
19864
11003
14951
2281
22483
25549
10454
20374
25001
31384
1047
938
23442
19416
7458
29373
11911
29273
30141
23816
14544
25139
5058
19823
14081
19309
29246
29929
14103
16639
747
3198
6169
2771
23680
30748
28606
11064
19789
28361
17702
10445
11165
28959
8576
29419
16515
31589
26924
23123
16366
3110
19776
977
14462
8825
4529
22364
20407
31523
30842
18486
32316
6750
20437
15228
19822
32122
13992
19075
18930
8514
21752
26874
22295
22727
18109
5930
16902
31231
527
3086
18117
12259
22451
14726
1373
19582
12554
9031
3471
5115
29036
31358
11448
8456
2959
23599
24954
26037
7377
20828
22785
32537
30320
16055
27622
5997
6392
21435
24553
32303
14440
12946
3612
10019
18990
10373
14227
12310
1810
26589
27431
11000
32622
25469
3219
20773
19028
7093
17793
12155
9334
18815
16254
3902
7376
10418
27379
22606
14907
27683
30335
14578
27948
13228
12068
17766
27550
26220
15578
12655
217
18782
13524
23279
16140
742
11735
23817
9840
15717
16990
18083
4299
7585
888
5275
7359
17157
19381
20322
22323
16011
21757
22097
20488
2329
3961
515
6196
13442
23352
1544
4810
28113
17537
16080
19140
14309
23867
23462
2511
16239
28317
8805
16384
20959
10601
30981
1096
2744
9863
1768
9927
28841
28783
15067
16011
2617
4446
29331
26377
20366
29778
1711
9098
3922
5956
7353
23941
21017
22783
15194
24014
4499
22745
15451
16740
11785
27563
6155
8773
22608
2220
19813
29718
3032
2444
14554
2327
29558
11834
19576
21805
25035
32663
19956
29235
14607
11846
17239
973
6325
711
9335
15203
17611
4084
22726
32311
25923
30022
14604
27465
18098
5097
426
18596
9861
18669
18200
7909
6487
28161
29354
13937
22527
4165
966
26395
2721
10867
25335
15268
24600
26365
12329
8480
24217
25409
29160
18750
24616
1076
21139
10651
20284
16400
18566
4267
4841
9563
7346
19624
24400
12466
11344
19940
19353
6180
25343
30279
18970
26331
10277
3106
8783
22900
21280
7687
16991
22138
12823
16246
1427
19819
11701
28044
4141
14499
1374
32143
30907
8086
22464
4691
18815
21046
11553
4739
18815
12272
9377
23701
17004
31675
5475
19348
16394
18406
16506
1246
4293
13181
5591
23424
11311
30264
9364
32037
15890
4463
27824
27773
22034
21995
17169
9168
24904
19350
16013
6979
11354
12286
30416
19471
8743
6783
2775
26677
18905
8969
20528
6471
1369
154
5233
3623
13386
31132
26884
27027
21226
27461
18360
27678
12102
1045
4136
32368
7701
19892
30766
13915
22268
21063
9907
16959
10186
16103
4626
16862
25235
5505
23002
6308
18628
18262
23100
11444
9322
24159
2740
25124
2493
26241
18507
8216
2605
13480
5789
4741
14201
26788
19815
13371
14911
17843
22333
462
15823
1015
32733
12652
30470
24394
2848
21452
9995
18873
5318
21394
32021
14095
25855
15195
7022
26782
12923
3009
17159
21194
16691
4565
28714
26458
2479
27533
32463
1996
28422
32618
8925
8375
9693
1701
4754
27837
16247
4131
5667
16447
28203
30068
17293
29652
10635
2890
22127
11344
15424
25316
29486
32461
10251
28154
25943
21460
29499
14064
31101
3939
11515
30691
14105
25828
26790
11121
27308
14507
3245
18913
22455
4996
7657
27680
6046
9803
2755
21585
19412
26607
20326
8133
7616
4854
11128
25905
12879
13202
30434
11986
20021
2778
24238
10630
23160
24550
7579
14927
20410
26060
28756
12380
14300
20761
27528
30059
9644
6979
5347
25596
29637
13994
15925
29901
26267
17605
23001
10955
4515
9732
3016
32308
19653
20227
16493
28319
7111
21992
22220
25697
2316
3530
14966
29685
7870
10746
24594
15233
3445
9118
24159
31881
15575
4723
17568
27413
8387
18367
21959
17568
11643
10026
4209
14898
23942
4068
15052
9379
28949
2682
10176
31788
14344
32559
24916
29435
32396
9741
16551
25427
2744
21432
20375
26288
13532
19595
10561
2322
8040
17970
12774
30241
22951
20454
7093
20041
10245
4495
19584
9128
23637
25481
8685
26215
16773
21556
22015
22927
21695
20610
443
11462
6836
30691
14290
17193
9797
20235
21424
5331
23456
26812
20670
8412
29574
29820
8798
18030
32366
189
21745
19603
15325
27894
17587
29574
20157
2121
5953
125
28779
15027
29699
26726
2790
4418
17263
13124
8008
14757
20105
695
17968
9906
30980
17132
21118
2272
5225
2829
7079
6999
4041
14050
22242
32739
22139
6257
6066
31416
27865
25454
665
19059
17234
8256
28
22281
13468
22374
12307
22872
8815
22303
18002
22653
7809
28781
19864
9310
14164
8515
12644
1633
17108
4745
7158
27404
15524
23301
21316
26269
14151
9568
11563
24949
3916
19650
19757
30067
4694
27948
8860
20893
28247
8885
5603
7546
12708
21425
6760
18429
5534
21414
30960
9656
32519
30781
17544
2484
17374
10889
2220
11410
17007
2502
6450
1150
9303
21823
16045
23185
16868
12976
6255
22899
25592
10595
30201
28730
8957
20721
28445
20326
17309
32426
16118
8951
17197
20386
20495
140
728
484
17092
13232
32050
6699
6849
1548
25331
19187
21115
11996
24680
27660
19282
20589
1555
15813
17120
2102
25227
2059
1943
19740
23862
4250
18345
17262
10872
19235
27294
6952
4469
5150
14113
30011
14080
22512
27236
25340
23312
27845
19170
6892
29430
5136
779
25290
13418
24902
4090
10056
1217
11205
31835
27687
21972
31624
22983
1468
2159
21319
2495
8616
16365
672
15710
10827
3869
21749
11112
5255
17637
15441
25905
11267
8194
11554
32728
28038
4219
24948
18122
11986
3970
8458
3999
1044
29585
7457
9666
17191
16479
2141
24171
5277
8084
3494
3869
16855
15514
6471
17079
19284
2163
4259
16624
4122
10922
12585
25009
11794
1108
3860
10550
32508
27564
4296
32159
17937
17255
22739
28672
21073
29998
18899
19706
8890
29341
4294
16358
16908
26146
21680
28932
8478
25909
24778
26838
1817
26557
23532
20865
12888
23911
30038
18525
12861
23779
21226
24060
22392
9387
1987
6960
29067
20499
22910
32021
29138
20787
22725
28456
20673
1030
26382
4856
18489
12479
7875
3812
30545
12086
17927
27382
17562
29484
4744
14438
3592
6880
18678
17387
18617
31406
28982
9883
31959
27876
27276
31315
7946
9322
25766
26319
282
27946
14553
20015
8867
27276
7859
1031
31663
3162
17706
32160
30680
21159
14047
21842
6039
5447
21420
12660
26491
30253
21870
9166
4124
32543
2708
4507
1935
9381
22794
20606
3615
68
14446
13283
28363
25216
20283
28745
8197
4562
15716
8697
24653
22340
21571
10554
21076
27601
3444
5105
10767
6804
19354
20829
28300
15327
10274
2455
15605
14490
9479
29806
27476
20252
23942
25273
1352
5009
20650
10431
4418
28601
28029
8648
28611
25793
1376
24168
16548
12767
4024
32236
8099
8688
16890
11126
14303
18740
31615
4782
16523
32039
13739
28458
1485
19736
745
23516
17056
102
26648
14218
4671
19757
25301
20879
13099
12533
28773
15338
6861
13422
8677
32548
14005
15015
14233
25613
5449
19631
25738
30291
20542
15150
14954
5917
25457
19903
21428
1696
29327
17216
30408
11609
29272
7687
9644
28016
17637
13244
29556
27483
7169
5724
3573
17705
31416
17933
4826
23498
14659
1174
170
8402
15987
26380
19344
12697
28284
3522
8356
20053
29481
15883
20096
955
17856
16360
8615
11740
12112
22727
12365
14582
27701
9669
4523
5928
9950
12963
12667
8401
32
11212
13209
26860
460
27063
19748
32479
16330
3343
17520
8431
10372
16677
20843
13370
5708
12065
32470
13158
3320
8635
30698
22147
26021
2701
22330
20741
1125
1397
20608
26162
15317
22817
7519
12646
4870
1150
24093
4700
9916
26929
15707
14731
32203
21888
14021
19247
4997
21842
16587
6276
31780
2359
28579
5945
9459
29158
28443
11812
2208
22290
16427
19037
18166
28811
11821
18600
27167
24762
20755
31849
8030
13672
22365
12338
16236
27841
19599
31878
21526
8425
12228
30446
11397
2697
19211
20563
24896
31938
31276
29967
25733
7042
14007
22858
32301
16343
29590
25192
9752
11386
22365
7513
16453
8410
4354
16309
7923
30756
19872
26919
21690
10733
29759
27233
23488
6121
28363
23761
13641
28086
1682
1203
9351
15166
1739
32739
14985
14499
8602
24934
19757
1514
3422
16753
1505
22843
24981
29357
29056
10386
732
30859
19098
13969
3439
30920
3564
24210
32291
3259
24564
12770
30595
19343
24679
1074
7406
426
24898
1504
20377
16750
17438
2249
8258
15653
26269
27452
10349
27315
26087
8366
1345
24687
23365
21841
20801
925
21906
19010
5679
19350
17131
9307
24316
18011
8996
31412
16109
22723
16126
3966
29395
7954
32124
4923
6121
9609
28589
13237
5548
5846
3906
28130
255
30311
4706
8363
7496
30630
5413
20450
29451
14012
10207
25377
13530
30548
10505
24616
13043
28855
17790
30415
31954
18738
27925
25373
30313
19626
6548
2125
31824
28520
22416
8381
23432
29814
10137
9154
19691
25491
27202
18812
18613
18325
18246
5541
31099
12236
16146
2965
26758
20201
23044
17608
12142
29966
30791
11691
30471
16140
11917
5718
11702
25565
31732
29
14832
14386
25637
8213
28824
23818
31306
20084
17169
10739
16724
15750
2679
22774
5433
32036
16855
12116
18761
10433
14556
20555
9265
11809
3458
21029
16393
20776
5135
22095
2926
26822
20238
21805
23649
3795
15073
18177
31651
24730
30921
20769
9347
23875
4606
31012
30881
29721
30004
31075
5313
20478
15607
10868
30868
28150
8678
16136
27862
7793
8365
15183
17322
8171
27015
9572
11695
7808
16824
25820
1995
5733
26864
12997
11811
21456
28150
11995
27572
4602
12489
31535
15752
27132
26937
18232
14400
27664
13590
29682
30064
11590
26253
691
8688
25050
27736
25868
9526
1868
7318
28444
3916
15532
4731
9305
23918
12077
25949
24278
8038
26790
32391
6046
16835
30446
30628
31121
1991
30978
17014
2281
12667
3931
9243
17649
3595
19622
15354
25118
30228
3589
30256
14277
25133
26936
28600
7140
18595
32297
16318
18503
11279
16927
8153
25338
1586
30731
13171
16336
119
11844
1279
21672
16093
3478
12782
14845
86
5476
5693
22661
13813
9460
23112
3844
25976
13478
2516
15856
8918
10291
13267
4918
23096
22556
21419
15707
6974
9093
3997
7059
21258
24930
15075
29939
27347
3516
3607
5913
8329
19024
30542
29513
20399
14526
20349
14367
30965
12486
27304
27379
18397
29224
4585
7368
29636
11854
28137
14050
3282
32725
29744
11985
30724
17719
859
23383
16062
11045
10689
26628
5618
11854
20403
1881
7511
30506
1000
9949
16455
8953
937
19735
4907
6394
23990
31153
9255
6790
26907
15450
30828
29401
6528
24023
3500
27012
26467
12322
22159
24554
31865
17467
2200
10537
22625
12973
13998
30626
27794
26364
1532
15850
27294
27034
29187
17430
16518
9768
20739
6423
27176
17854
31526
11414
17146
30466
25315
22189
20143
30380
10456
14736
18098
19325
2112
8508
28485
7969
22909
15318
27222
1687
20309
5569
7204
32605
7634
28913
17710
27148
7805
551
26302
8799
30719
16124
10745
5118
20324
1759
6650
11407
20074
9912
3666
6123
28853
30224
19421
28775
9127
16871
27963
25263
29446
30533
15811
4170
5389
650
13029
19045
25486
4804
23579
30351
12181
16100
1093
31661
8683
25162
28198
2534
14697
20737
14823
14568
11029
28905
7026
1676
22563
4683
20780
11480
21429
5708
24266
29298
25868
9596
31947
31926
19767
3801
24103
29648
6610
25025
6407
5773
27210
12390
30497
16345
7866
31252
12454
24589
28609
855
29646
26913
11254
24374
6208
22296
20150
25338
28449
24475
1174
19792
2816
905
16744
24371
4465
29231
18831
12168
31877
29331
19886
30305
23369
28935
10755
10780
12086
12339
19339
31852
29096
28792
19186
8291
17422
32742
4519
16713
25097
2414
2424
6877
6176
15025
24898
20654
20617
20430
3463
26435
18602
12441
23374
25181
15982
4028
27913
19471
4162
21584
6168
30018
3908
13625
10041
7925
16813
30557
6269
6696
11098
31886
25532
10479
3174
14613
27472
28798
23750
15552
27776
2584
18764
2825
19299
32156
27857
16754
20074
4485
27924
25105
29386
6580
631
2602
13336
26213
7128
7072
6119
19479
13634
4835
24700
22046
16328
14994
3968
20799
24900
2089
31325
5994
7135
23141
3170
22258
20787
13751
14244
32103
20165
3055
17056
7802
15947
1108
19686
188
1213
29388
2702
12343
17542
27268
10124
29420
2868
30896
12124
27343
74
25008
15980
12953
8018
8128
7888
11516
27021
19972
22715
22674
15501
22154
12582
29775
24788
27335
20185
297
12067
11919
8030
21234
17157
20045
14003
15471
7793
2895
7747
18656
7630
18312
9544
24448
24739
31212
3633
28431
15820
16807
22036
29352
20473
21399
101
9585
16292
18651
22214
9433
17945
12239
31482
10528
21993
11921
18088
31108
5429
28224
13422
12542
16866
27206
20148
31259
11312
18023
27209
12027
850
30733
30639
27204
29179
12052
32116
24296
22199
29217
18223
1764
13541
12739
21238
19004
3405
988
8174
13307
30663
7932
11024
20746
7228
6316
6638
2537
29401
20422
15635
17385
22154
25662
13658
23022
23255
13725
12190
12580
7865
20334
31661
15720
24080
25491
19661
14583
24836
23877
29543
173
9662
3284
32194
1914
26468
30633
14472
6650
18254
16793
19635
8914
2903
19467
12247
32694
9085
6032
5807
26024
11141
15419
30970
19908
14950
30130
16471
24605
583
31611
8390
24367
11764
25295
27089
2748
14254
19760
14703
28566
19925
28405
4786
1232
19985
24822
11275
7508
25520
9593
1133
19214
31135
12997
15393
2876
22813
6897
1317
26239
15463
27492
5217
26471
10902
16410
30307
17825
27352
21401
1391
6096
13326
20263
24648
6053
7394
25033
26030
28512
23708
27522
3638
23605
27702
28878
855
30025
27021
26299
14364
6589
23474
4897
8448
4242
19317
30618
6561
21827
28272
7532
27508
29656
15511
20497
12114
16003
11781
6677
4879
31847
14907
4934
19245
6915
27905
18428
30579
26802
26649
24975
21152
28423
31746
30058
3305
22904
2134
4244
1246
19596
16452
13535
21168
21491
23856
15379
28680
5207
24790
32398
19270
20919
14202
173
17774
13291
3927
8645
12773
9995
6991
28074
20913
12563
22341
25618
28368
292
1940
23137
26105
8852
19936
314
19238
7535
30258
13621
9525
1517
739
26047
28978
15869
6804
26111
6345
18341
14775
2228
5619
27227
7844
8899
24592
12842
6776
7637
1987
32676
5821
18526
8149
23568
1465
30118
18215
19264
9629
22703
26126
25503
4780
540
18439
18400
18780
19905
3999
17426
29065
19344
18755
27426
12543
18638
3013
25208
28862
14296
17584
1771
9568
22473
17594
29780
17750
20208
6505
2849
5921
11413
523
11150
30095
9681
25068
10273
4332
1626
21074
9038
26620
312
7998
4786
9461
7112
1306
4686
23430
534
31460
25539
2118
15772
11662
15792
15935
28672
8584
28310
12467
24435
26481
27971
31801
3226
4798
6400
18926
18101
25422
12401
11494
26728
7668
23306
10891
185
14728
12507
15719
31165
13597
7196
16412
22961
5628
4420
22026
11450
31769
26067
307
24534
26484
24633
1740
3235
6595
27634
8420
10121
11499
16254
31188
31472
28673
31186
13605
3263
167
6086
13882
5163
2498
30022
24403
19439
4866
11722
21038
26273
10214
6301
21826
30276
21119
4435
28503
31692
29439
21838
9055
4539
16669
23366
7303
120
23513
7055
2718
14533
11590
18044
22872
20675
23505
20895
4779
8278
23319
22407
26357
2733
24614
17521
28882
6004
5779
7455
28366
27513
16118
14630
28714
14519
3681
8764
1193
8401
828
32507
10479
32309
282
10245
20251
22949
27643
28552
2599
31371
14090
13248
9649
32345
5852
15744
9148
32348
8324
4325
32041
22499
2781
3390
27303
14391
6
7263
2441
23285
8935
28848
16461
9184
19337
17609
12748
12206
30934
793
32351
1880
29847
1548
17403
12710
1716
17372
9425
31366
29266
24127
3721
4088
3756
3319
10282
29584
16901
12920
1027
21510
16627
10498
9291
8376
1109
22468
10632
30167
8380
20370
27999
27521
31818
15769
3969
27726
6174
25875
2061
13441
21568
21015
15741
10113
14088
22620
23221
19296
22969
30705
23629
2075
5396
8476
22620
30931
19923
16412
15867
12749
31988
13655
1968
13488
16334
29515
17517
10478
18882
7515
8088
13578
2264
2676
28510
8828
24807
22311
4518
19866
4933
11741
2408
22652
11738
30924
5689
10526
21136
17111
4467
27712
30503
16093
5338
6998
19820
16354
19249
28942
11824
13713
502
10247
2788
31409
3948
28472
1755
13129
27916
8184
8304
10374
9528
23011
31617
22208
31598
20429
24022
23478
19074
30816
12203
1976
17729
7951
27396
26838
16721
10296
15507
2741
30968
26170
17182
11780
16160
32081
4156
12259
9740
14853
32759
8344
14527
8229
8197
11993
15929
24084
15098
6999
1598
21197
31844
29553
30329
272
2973
4980
23558
27263
25050
20126
9237
11386
27911
22966
6944
4785
1954
6690
10582
30732
25324
31617
25869
1894
15231
17608
32666
4148
16585
18708
29010
3478
7931
24489
20008
14666
12807
6265
31837
12557
15858
5411
15633
13505
1464
21416
2795
9034
3556
11891
27948
20317
12042
21083
14346
27226
15366
26962
29326
27199
593
21027
10910
20384
12828
31847
9551
17089
1768
26079
8628
2497
6836
30978
2419
17613
3511
28814
23261
2268
3924
30494
8044
13221
32222
26970
24421
27699
31204
29085
653
31224
4118
32182
8374
9121
27567
22826
26517
19273
14575
21921
21741
21542
19625
6598
22601
27586
31456
27483
15231
1104
8794
27660
17208
12895
17964
24975
20699
960
7011
3144
9455
22949
23961
14018
17061
8006
1910
13829
969
13625
2916
10239
632
27899
15935
9388
10449
25453
17358
25812
2932
24228
17631
17961
27768
8739
29773
22707
14227
12830
22125
21853
3540
13323
1568
20879
21460
23342
14393
21706
17395
3962
20945
7486
29563
3509
16757
21484
18457
7511
30467
3746
25053
27956
1082
13227
9710
17493
8989
11838
24263
18815
20447
32198
10485
19629
30385
23465
8631
5258
21547
31867
183
17719
4657
32496
489
5117
27572
29156
12932
23484
30034
5656
14488
24460
26032
15422
58
23610
6710
12561
8938
12608
18928
1019
23920
1084
22760
24451
2606
30264
15020
6789
414
27295
30365
28388
29981
2029
10080
25743
28403
13990
26576
21426
28423
31311
26324
12166
18098
12149
30891
8643
10405
29306
28805
26731
24190
16556
19690
14590
3011
4023
11158
5072
20245
21959
15139
28935
18844
13008
20762
441
32425
12771
14756
20003
24946
27544
15194
17994
26340
17693
8835
6322
23874
19047
22084
31512
30639
16593
25182
29839
16971
19076
19445
23957
20162
5467
4078
17259
4489
2886
30134
7107
13535
9825
20812
29983
18972
22097
18519
4273
8867
13920
23494
1127
30574
21350
31000
16831
24620
8360
25290
26743
15500
10339
29404
18176
17672
17453
772
32380
10617
13329
18478
15914
5632
19329
23790
8005
13164
19099
25983
15027
9399
9837
31187
13353
11608
12215
15753
4550
3077
9502
3441
3542
1052
26303
19107
19730
22055
19707
7997
27954
5247
6258
4702
16869
9677
23860
22050
17829
17157
19875
1727
26670
9446
17666
13592
31894
23484
7379
16705
10018
9671
28455
8594
23748
10636
9175
8776
30248
3372
19594
9448
13331
18394
8175
24758
8498
28262
26317
7199
20777
10543
29005
10080
1325
5838
3115
20820
24164
19769
9755
8247
28897
3647
10012
10289
31616
8418
1748
21811
12089
23858
14107
14239
9783
17914
9616
16678
12643
27339
3818
13803
17873
31573
16999
13481
4898
2371
9894
5973
22493
30852
16198
14019
30042
22197
17804
15050
6382
29495
17239
27746
25831
6852
5002
14782
18804
7172
16117
10350
11648
14718
12275
11480
25381
28234
5321
21303
6796
1332
19170
14509
25835
9035
3113
22756
17203
14821
9223
25859
19123
20360
3156
5084
21605
17017
14335
9346
19009
16317
21041
22102
2121
26446
31270
10871
28079
31774
18722
14039
1003
14463
16595
18773
19
3606
30056
4851
19550
18631
1633
14161
9309
17077
12447
9329
24219
9453
12847
3797
2569
10493
23424
13698
13646
4135
32308
12918
13421
6859
16761
5688
9673
23799
31885
26144
27472
8154
387
17960
8483
9298
5857
28262
21900
27069
18800
3101
24915
2747
14226
17944
3232
23401
22225
27920
13875
6625
4320
14572
103
13051
26121
1278
26490
8543
31711
32763
31243
1582
27281
2610
8014
16356
25113
7159
6232
8987
9851
32750
31636
3983
14923
21719
5426
21914
29718
7483
6567
29989
28112
21607
21814
26188
2562
5356
23213
26280
24731
14893
4445
19560
14294
18262
24541
2318
18192
10430
5538
16771
26989
29637
14570
29608
30653
12713
10379
26965
5925
2420
18582
16650
1059
18506
24701
19046
10923
4664
20333
24547
18340
5007
15424
5143
12587
246
6714
28994
9835
20894
2942
6648
27663
24853
17306
11831
9868
31372
7714
22176
15225
18970
28656
7517
24493
10853
5016
23598
913
31946
16101
25604
13813
9272
4579
1816
509
25703
31504
10005
8414
9211
28220
15330
13808
28746
25571
26521
18215
29367
27353
13379
27361
1408
18560
4398
6419
2504
22869
11988
17488
11742
5505
17272
20703
27489
31361
31334
32326
6098
3568
7141
7996
4982
9536
24096
30395
28065
28040
26921
4910
14669
12788
13129
24934
629
20522
14851
31621
485
18353
19064
3457
24780
5667
16526
12037
17890
5737
3288
24919
6741
20917
30969
20854
16151
4827
11022
29389
19637
5522
14973
31767
5684
21367
32121
26274
21887
3672
20576
23672
29514
14329
29802
11774
20980
22152
12051
9852
5870
23587
31090
174
24963
5671
8369
5711
14505
4028
1923
8313
18456
11230
670
13960
18208
31466
3445
16777
9343
16538
2381
22735
31637
5024
7738
19393
14251
17333
31473
28108
6436
14468
915
552
115
32162
13663
23678
16801
8246
21397
27425
21719
18828
3407
23263
5221
19492
5387
17491
12893
2953
23655
24762
32113
26565
16152
28753
30305
8439
27294
4887
8098
14834
31123
25662
25299
29129
26976
11029
30837
2611
28261
13401
103
10922
30394
26373
470
28051
21963
12031
7632
4119
22887
25224
28823
27370
20431
15952
588
31520
11499
20645
5480
25957
24378
21407
8757
15483
12600
4444
10564
13089
9994
5871
3749
24571
32088
24860
22988
31896
31189
14580
18786
12901
3531
17296
24539
12411
21770
13878
30521
6977
11776
12345
5349
29422
8805
2618
10036
24792
29161
24432
21556
15876
24079
13993
11742
8489
29955
675
27436
10415
10060
1639
22532
13105
7623
7335
14728
1758
4755
25303
22708
31001
18196
23079
32314
13407
13282
17034
10541
21169
14295
14501
10599
26864
31378
10370
22206
3899
23549
2802
28565
1466
17952
13602
2377
26496
30701
23326
24577
8065
8453
8320
4690
4854
22854
3643
22492
637
1302
23091
4447
9010
19336
7839
23492
15626
19857
13821
5647
12007
27021
9856
9285
26241
10703
2042
31957
2913
16737
7396
25552
27472
21035
32691
28401
23350
4479
19592
7264
24379
3414
21007
26164
24747
13500
8182
19350
7962
32377
15533
5048
7858
27576
20654
29708
19537
16507
12939
22646
15898
15244
6153
17870
17381
13925
7809
13407
32639
15137
3138
10224
1831
23337
6696
6845
29562
21531
7641
11152
7258
2958
32627
22910
1978
11355
27064
32229
27311
3988
19340
17934
7027
19652
23644
28563
23420
15888
3743
28301
11784
17110
6395
13602
926
16363
16493
15637
3245
32484
21072
19511
19237
27816
1586
25067
12788
5235
9498
2681
10191
27882
25470
4069
8654
23753
1411
30225
20213
13656
31715
1061
14968
2876
12830
7182
30923
10622
23908
21991
19674
6282
6193
21333
12935
9897
23877
2625
3140
27747
15804
23580
5805
25824
29748
24154
16244
21615
27296
23703
23626
18221
30665
28428
21643
29416
29744
4365
27553
20924
3507
19747
31375
14097
3800
11880
16396
6490
29128
573
3432
2783
69
22882
1259
2434
22586
19022
3663
11163
23491
16135
29283
23573
27512
18694
18964
23389
335
30577
11627
18085
22318
1676
26181
3022
9580
11150
10429
22730
13582
27291
874
28274
8488
22037
11717
8172
13259
28951
5921
19642
1212
7354
14935
15969
13755
3985
20779
5894
11866
30612
20609
3837
12546
22280
32065
18086
11225
14220
5852
9687
30366
22125
10897
10994
6252
17953
21846
3869
8940
21338
9971
15314
21809
25081
10497
28345
8338
3174
6736
16825
25569
23370
29378
31744
1878
4632
28898
225
10873
5027
27039
28106
2197
8144
32250
9184
25961
15657
24608
19259
20095
640
3736
6476
18417
4329
18421
14709
26473
14000
3829
14332
15250
2055
29772
29459
1852
18602
16369
24773
27238
2262
23480
21274
15867
6361
7923
10032
1404
31107
9580
31192
153
16255
15396
8604
21540
1346
16758
8407
7702
3625
18157
31055
23736
11025
10188
8523
14782
5446
93
10520
19831
20429
16870
21741
23933
12305
2045
11352
18027
16738
26250
5500
546
7645
14731
19398
28812
27221
4078
24725
17748
9244
32723
14834
29620
22461
16038
3776
445
22051
9286
32386
15590
7482
31812
1346
9130
13240
10480
13163
28772
14374
20826
448
14979
26606
31271
11128
18726
9934
28306
862
11363
2204
15228
11022
15638
4494
23867
20927
26027
25532
10811
13340
8384
3429
10723
2622
27671
26271
25358
1433
27328
6682
3756
14920
20958
5189
14163
16015
28273
7514
28879
31981
21551
30672
2260
5479
10641
1615
9675
6563
29585
15202
28975
6906
5120
27934
18473
25495
19687
24399
8348
1080
26935
1424
26148
29881
31366
5340
3014
15851
1802
1514
27499
20983
31350
11990
11701
7498
1476
21948
17182
15463
16724
74
22423
21570
24178
13560
13116
27722
28778
12040
27590
27673
11345
23765
18804
9048
2717
6270
18382
21427
1691
13947
17841
30175
16854
7838
2687
20070
18370
28692
2933
4341
1543
31120
16954
6135
5240
34
21376
10732
7547
15036
29463
2861
12745
8187
32411
19786
10033
3749
4122
19863
25661
18524
8342
21997
2445
22172
2055
14107
14823
18129
28410
29784
18434
28346
9134
13645
11914
7308
16938
14601
25347
25538
16646
29715
4177
12450
14108
26731
25989
9787
31892
7206
29934
28864
19035
1879
9569
12755
15599
14864
6549
20374
28816
27109
11635
12745
20094
17583
18522
16605
22118
10869
4026
3075
17787
5799
8504
31467
4759
20207
29137
17793
9330
19810
2393
25976
25338
993
5147
28370
15380
17428
8499
30029
12525
12590
30278
10333
21276
28121
30799
22942
19789
29511
730
16609
23492
18789
17511
14709
4989
6130
4172
10683
12676
13179
2197
11828
5239
32703
4715
9940
11477
26716
6990
23729
10979
2142
2204
8047
17669
19949
7582
9001
29758
24646
32325
15866
9719
31785
16228
29617
29644
28213
30747
14924
23239
7521
9508
28129
30559
25583
31862
31391
19805
20889
25732
7130
16480
15909
19822
14335
26710
24467
2817
26162
30783
4137
3317
21756
8207
20851
13827
6725
4733
8192
20167
6298
17024
13840
31817
15383
17574
1139
24540
5087
15516
1939
17840
8800
23822
2141
2846
23291
15146
29506
20356
18766
4267
19790
29597
25613
17400
31479
15936
11920
7823
27443
15965
27407
30958
30342
27449
15734
770
1380
11534
26021
13173
5430
9123
1125
27766
8032
32447
23988
29663
21244
19185
25974
19148
1209
11682
13239
27476
19760
1900
29459
15839
6009
20461
9375
20225
32098
26584
7877
8089
20320
2211
10725
25841
9558
4864
20552
10918
31036
12771
16272
7834
21774
16445
6031
9426
6563
29018
9674
29469
26340
1088
6410
4046
30893
29662
8369
30095
5578
26669
18065
24619
28908
22339
12448
20708
31165
18493
15823
9836
23711
26858
6886
27347
29393
19919
3625
13230
32346
3303
23497
15004
20657
862
16174
30743
815
6252
30741
25604
10520
32408
20417
25117
4101
23560
4025
20828
12809
27033
2378
11270
12300
20900
3335
14395
23575
21733
23921
29251
31706
8416
16615
12141
14676
13655
7402
29400
28384
21540
24069
22951
14864
10741
27838
5472
5913
7350
17912
16812
29800
11798
23753
20238
11924
14233
27879
12292
20550
23927
19273
13757
2915
626
9714
18502
8021
8187
11336
4402
18071
5976
6723
23976
30927
12574
12887
3810
11615
1264
27029
8523
27618
32302
8132
954
22325
22995
14332
21610
22892
31338
22143
9293
29379
3862
5952
13198
29699
18153
29812
31555
19902
12130
114
20523
24294
30084
12050
6232
31525
3812
216
22343
30937
27386
14884
28423
27986
3417
771
26082
14281
21900
12267
15276
22410
6978
5880
22785
3274
17706
15719
24838
9685
27457
3791
29020
26266
5130
30071
7651
13487
17169
23551
28468
15747
32056
21979
16072
30883
28690
8924
17065
4803
4875
32676
1622
12227
17931
32218
1807
4731
1522
5117
19947
31346
30869
16377
7409
17963
19657
29711
11579
14785
29452
1739
32067
19312
19518
23614
23849
4248
12144
562
3481
5248
16770
22764
18232
800
12853
13624
1762
31705
2715
25458
2643
3086
24704
8775
5020
18268
17320
24857
18587
23433
5006
32669
1327
26357
198
16069
7684
25000
19488
7029
21014
11998
14532
22066
15018
20673
6899
9527
8710
4593
210
6285
25016
19153
20954
14415
7365
5401
16230
23141
17450
30885
2665
28608
29070
24623
19975
7903
20891
13404
25303
17841
28282
8989
19725
17534
10635
31693
24460
16921
13466
13158
26732
3146
28136
31358
10786
27262
18721
26151
30866
23609
24100
13531
18134
16871
26798
12803
8761
373
32093
9757
19324
21031
13259
1690
4564
3889
1920
27737
5421
1668
22806
12503
13546
4537
7841
7500
19573
21257
14446
16513
18880
31321
768
31360
9689
6246
18247
3817
2806
27493
22137
3017
9934
14264
10949
15603
12129
19427
3461
3877
911
11446
31377
3788
24757
16798
11836
27883
11762
20164
28548
25190
1066
6389
26149
10184
2642
14956
11346
26176
4808
32072
31651
22264
22983
15238
9319
7401
27297
6943
5921
32469
5452
29178
17550
32423
8839
14462
5151
10785
10688
17378
13597
3285
32561
30019
8045
26760
17887
12149
23189
16168
32767
27731
13134
23092
6105
5010
6833
26195
17436
3320
23596
21992
3742
20272
17933
16645
77
25409
24862
21829
18130
19068
404
23152
12146
5014
16474
27319
26956
12090
2380
11530
23974
25934
27415
15486
20368
24857
19086
28962
31951
12960
3433
20654
5299
11848
10830
8721
9528
8458
15726
11211
21377
23610
11640
26209
571
22924
13966
19941
6618
19450
7402
2752
30130
1532
4409
28736
8334
12247
7036
6450
23219
24182
20319
27305
12640
32367
2959
1969
23872
12883
5770
15463
1195
1551
15120
25931
29557
3927
10381
29923
30681
23235
2153
9760
3255
13509
16969
1100
17236
26841
16299
15695
3570
22054
30269
26742
16892
1614
25737
25354
9062
24444
27886
6538
9779
25662
18736
7608
24172
29268
27344
29128
19910
18498
20773
22456
17284
10046
3815
30049
25633
10822
11735
22857
24098
25194
17800
6421
3696
20726
20211
6818
28634
241
7844
4715
5188
14958
6102
22797
462
610
12985
17986
4845
32392
29394
18605
10635
10958
16481
4214
29553
3358
1437
31031
1228
18058
32393
14032
5458
15984
20405
463
32754
20905
7904
6173
20904
13574
8281
26264
17505
1564
13684
22949
13831
30149
16786
12001
9193
21236
32639
10922
20380
20876
24421
31955
13322
5658
12913
20123
13617
3606
20026
29876
4536
9765
7082
12145
6849
23719
17370
11682
48
8725
10311
26296
953
12762
7937
29292
24583
15568
6789
1807
16690
27256
3267
29631
1902
20861
1860
14263
32169
15758
7884
27744
29632
28056
26623
2183
24074
28194
26494
21479
6545
26229
24388
5461
20903
1079
20856
1528
21970
13212
31367
21785
21150
20204
26792
17072
31810
15629
31521
9856
20652
6820
23639
12926
10622
24990
24581
344
15620
32696
2609
27881
28959
14013
7875
8596
32638
28027
9989
15190
12610
3865
4156
4391
19379
5820
6484
31704
21296
8230
31981
23907
23368
5366
27679
31279
21986
11969
13718
31783
15118
14126
17065
20735
13290
28253
19538
27329
32178
15068
25696
3564
29987
20606
4574
27519
12587
20041
11609
15448
28579
1522
23947
7098
14920
2015
10937
15432
19374
12470
4036
25695
13055
22729
7008
13034
20760
2047
22584
11559
28318
5500
30334
25369
242
22361
28901
14653
21744
31647
20583
29990
16736
32258
95
14048
19930
10466
894
2566
13233
7595
26116
2243
17919
16985
31533
5423
13179
10181
10786
8506
25882
15312
1309
8440
30403
6826
679
29918
14726
24992
4474
31815
17466
23207
20901
22923
19388
14158
31160
29777
13874
10612
27026
28841
15595
5660
23445
1983
21170
28480
11794
22002
138
25652
16917
12013
8615
19148
12769
10554
26557
20375
13095
14133
23501
26269
7516
15815
27841
27140
28833
15191
32621
4572
1180
28150
20980
23127
5883
7752
14792
6935
24477
6587
20321
20241
8034
18906
24970
15165
24205
28908
15992
30920
8532
9923
1784
9290
10207
4467
19179
19057
16984
27491
29203
21722
13689
20174
14613
18428
23537
8405
26824
25624
26334
1161
13701
7139
17063
12430
15042
25908
29757
10900
31307
30693
16132
5218
13839
61
25408
7368
22748
23755
28258
3836
28458
9345
12163
13798
9548
24362
32203
5369
20336
13379
20145
7878
19199
27816
18753
8693
16919
185
1014
23436
10730
24071
9174
12190
2530
5809
24604
19753
2924
20529
24242
12949
21416
20980
19723
16754
5958
7140
22337
31450
14530
23204
13568
20187
7077
5974
19223
1592
7338
20175
6824
10648
4250
21265
29278
22311
11524
7337
22329
10012
27110
462
28577
3601
5724
26930
5544
20922
27955
7202
28271
17752
27082
25352
8575
3203
29295
14062
22328
10283
3621
250
7971
3417
11178
9758
12350
20108
21246
4313
16150
12285
18361
6979
16387
7826
19370
18929
19792
17335
22561
27868
20717
20549
529
13201
26260
13673
29166
13665
11522
1665
461
14838
31140
24704
20290
15558
13223
2475
29711
3707
28718
18588
4277
24424
23880
3173
6872
9443
18967
19759
5729
11315
5062
11385
7479
13868
8550
9958
10734
3686
14482
32433
14430
24711
23229
22177
9831
7007
24800
29296
4641
26889
8114
16001
12552
17509
23244
32252
6300
8897
27661
29384
32536
19770
18753
1319
17305
28220
14425
23961
7732
2598
12834
14222
18971
15879
9167
3267
21957
17572
23434
11500
3468
4987
25472
16967
6422
26822
28368
6753
2739
32617
346
19833
20636
411
29622
25354
4519
8973
15622
10819
552
4394
21776
25762
5417
7039
27299
27869
28267
3892
29039
22138
21181
16052
8973
28845
31813
3146
382
19192
30007
8463
31113
2658
14340
4563
31761
32446
24893
30029
3288
7007
5561
15815
2219
1828
27741
24901
29743
24290
19413
18162
19761
14838
22569
14299
933
21576
3307
9813
9449
24254
8814
25942
26406
16593
15524
27592
11743
28852
19890
6903
30567
18462
13985
16656
27347
29862
28462
6794
26630
16066
17058
4135
6592
24076
28244
8367
2025
4371
863
17557
1467
2763
1951
27946
6533
25855
12934
7700
20673
13238
11111
1158
4775
2346
29452
649
5150
7804
4463
23220
5368
7711
3999
4084
21376
31909
13544
21186
7268
28751
15065
1862
14459
32733
18591
35
3915
13825
24157
4515
27399
11955
553
27516
3715
15735
12006
27670
5242
4967
17777
961
4236
12394
32482
26732
30682
12924
31870
29748
32185
21844
3196
15979
17740
7532
791
30588
10218
637
12390
4902
30109
10943
26441
14817
7432
13619
12625
7845
6145
31461
23181
14486
28294
2009
22657
5268
22982
19154
2650
25614
2537
9546
16561
12997
11200
9437
16474
18066
13428
3881
23991
14256
26875
32343
21731
32660
23502
19957
4729
1809
30703
9146
24733
15950
16662
11527
31686
5576
2554
10655
29514
16713
19079
31890
12608
22518
21809
10482
14227
13004
8625
20652
30761
9150
20699
7104
12949
24028
405
14590
14833
9474
9093
11720
7910
10104
6746
24143
27867
1330
14769
1627
25538
24210
6376
15173
5571
12632
15320
4572
11467
18842
12348
26834
21000
8568
25478
13793
25309
16830
21682
7149
13014
25828
31679
5793
14128
20101
2717
8738
21295
32053
21
23731
17494
8166
11649
11272
20066
95
9112
1767
4607
12643
251
7162
16263
20639
27314
32378
28816
18214
29868
17953
11870
17234
15686
13617
29500
5392
16979
16025
18372
26011
19811
11724
21391
23384
7818
18709
521
22360
32331
28827
31936
14466
18023
27605
15832
18459
14346
28233
5326
8029
21568
21707
11739
6354
23615
2259
3696
32676
17102
22541
1545
26100
31039
16882
26624
14309
28246
18941
2332
12663
887
30790
4283
14947
31873
14269
23087
30999
23575
27852
399
24758
16006
28313
30657
16511
6781
30825
24418
16641
28302
8191
18914
5896
23501
1153
22804
32002
20186
19252
31871
20080
28991
10842
14050
19004
9965
14910
31910
1777
27507
2592
20981
20457
27730
12040
8211
15751
176
18376
26508
10517
20377
13633
21097
17543
31624
24310
18816
3882
21812
1084
24211
15949
29427
28399
10455
5052
9442
32391
28513
20887
22914
11187
26237
2151
16079
9000
502
10617
14268
16156
29433
5780
28861
902
10548
14858
21791
9022
16528
26194
21874
21003
20963
8292
30271
26169
15912
23262
20000
24231
31990
2058
10046
10653
28182
30985
5354
21449
18973
6214
32223
32730
32326
29059
17307
28176
13838
5196
8003
4812
26677
25193
15747
22867
10895
13889
10227
26699
14274
26956
2009
15526
6943
24461
13684
32022
23609
10777
15739
1286
30728
5066
31409
6290
1103
1048
2266
8087
17083
2992
19790
2711
20165
14282
17442
30639
31548
13474
14950
14406
16647
7285
10853
9290
32321
14624
13344
19006
3370
30379
14656
23768
28292
22721
22934
32578
8098
27068
5450
11759
23456
30640
7275
24059
12832
18380
14262
31754
25193
4496
16583
5908
4201
17098
10793
8252
14678
23456
5493
4460
9418
30270
14018
5605
2627
4914
7212
10058
26273
21224
15587
16204
24720
26146
32318
31754
10147
6179
30398
3376
12114
8968
16662
21210
4238
14011
2339
16239
19529
23641
17570
190
30112
13665
5434
28148
7289
21792
18342
19778
17903
5670
730
13060
20053
31230
12786
5
31429
30723
9626
6182
28775
23882
25511
28989
3354
6378
27920
10885
7762
6630
20962
6474
15960
26142
13717
30573
19636
24085
32732
6462
23214
24607
28462
16080
27819
5330
31621
4418
7228
15405
15092
3624
9847
3382
26729
6521
1501
30808
24367
17675
22301
32310
31331
14270
14791
14902
993
24168
30381
22664
3511
17263
7129
6455
3841
4237
1175
19782
7631
24915
30657
30613
24772
29351
10248
9132
16796
4832
7038
25638
5674
19017
21414
4882
10463
18676
16122
17171
13239
20118
31839
21804
16820
30504
19972
25902
24459
20886
2179
29238
27505
19586
25216
19648
32561
10601
23604
14371
27133
16978
8383
9259
7530
12203
9683
17890
10420
27648
11341
13877
3810
4168
4061
18806
19300
19893
1966
18591
679
6323
4593
15159
3219
2412
14332
7663
14226
30436
2594
4955
27031
12903
3190
29090
12664
18609
18376
30521
6484
536
3507
24516
1226
23672
19606
16242
27022
2427
12495
29458
8742
30757
17864
18252
22909
18480
3838
32694
21168
15364
11644
131
12038
2304
9522
909
3402
31564
9522
11626
7687
32700
10676
23078
8800
7806
15174
29987
23062
27546
30147
12790
230
29342
4641
15219
8854
14281
19129
26660
12604
9057
275
20030
16913
2094
158
30577
27588
15583
14746
621
27679
8881
15974
3653
32591
29553
21081
13318
18261
15558
1530
3853
10577
5020
12266
28665
30052
31934
24665
30143
20048
21134
5261
8522
2003
21677
16485
28830
11155
15166
32445
2232
31465
5458
18236
10507
13763
15274
25998
22289
16295
21490
12488
25304
30366
22325
18609
2795
7998
10331
3888
32533
28922
12673
30071
1570
28907
23285
7966
9668
15800
26776
1389
19024
11099
6254
10395
26614
4092
28409
16674
10121
16133
20666
17401
4486
11657
8902
30732
13453
13512
5722
7526
24295
30358
13281
12055
12492
14810
30155
661
13502
9760
22537
4269
4372
20791
13647
16461
25856
13717
6151
4537
26382
13922
3830
32261
17375
11317
12127
4846
24978
27840
5516
10799
4207
28390
1569
14868
4560
19341
8557
24464
24599
873
13675
4299
13126
25368
29555
29910
4500
2127
11836
20030
7617
4509
5479
1349
10504
20150
30859
2717
6861
6405
30130
20340
12120
26959
18540
20776
10917
6576
3479
845
10311
7099
15577
1963
3333
24431
24354
4062
31971
8737
15680
28240
20941
16163
19208
16232
28194
31095
23695
22295
3689
28622
31170
26725
21412
10061
13813
18811
22332
11215
12339
28218
6025
14126
2079
30975
23854
27417
6822
11769
4451
16605
14354
23173
24312
22435
24885
6677
3323
26487
27744
29663
12399
19583
13821
4681
28461
3200
2625
16855
23172
3746
21155
5249
6886
20643
31904
21909
31019
779
18937
16793
15632
19651
24005
8671
10355
18346
28347
28132
17261
14834
10313
23592
14863
13871
16024
24475
32103
13083
17974
27472
26760
15857
17506
4293
2950
25207
29634
1530
4448
6518
26609
5079
1774
25842
23252
20363
5938
17328
16807
27803
4801
19595
3383
21461
11660
19243
12614
3081
13255
32347
9998
20113
7688
9937
23882
12014
15232
28197
24124
314
25136
871
12224
23870
6447
10145
13608
11219
5327
9741
18935
7735
1329
22678
6235
5819
32406
13664
3563
20230
19553
6286
29022
26529
12646
18119
2883
7321
13154
31601
23450
20314
16579
32053
30086
27851
30144
17322
3176
4282
28965
13015
22294
3063
1944
31244
13845
23910
25588
4218
26681
3473
31272
11811
23079
27001
27775
11499
9500
256
28222
5567
1415
28821
1818
19382
12843
11483
7014
18173
6956
23820
21647
24567
24104
5126
13922
3573
27885
660
15644
16872
26212
3545
30762
10537
11413
15985
6446
26424
7501
20223
9212
6446
29393
12270
32476
17627
2943
27535
28154
30885
25914
23364
8350
13068
14589
3537
1865
28088
26416
18228
22193
24619
31595
25918
26532
15416
15253
29114
690
31677
20559
31861
24596
11422
20992
15858
27619
24388
16034
7555
31041
27575
3917
14802
32031
32496
19722
2843
4934
14944
30732
24049
10193
16875
4252
29692
21334
27689
29109
15923
9531
2508
12152
1701
7929
10655
7469
3387
13049
134
30354
5294
7381
28228
28277
19061
21104
19370
3285
17857
2019
11981
11686
8242
27288
18064
14112
12307
5978
13769
29178
9084
23270
18254
29554
19052
12863
13224
21163
32111
30563
18846
15790
22606
18751
7143
4352
14523
6750
13184
3075
16327
29766
14060
12843
7083
32081
15140
25974
4911
10795
18709
28549
17474
9317
20234
31536
15853
11519
24303
16036
17172
11512
9055
15704
24868
1364
22157
15993
13901
3172
10678
6790
27037
15818
848
30383
6018
18605
16563
6601
3289
5658
2182
4406
21446
15402
25264
4443
5192
28205
7153
26196
4891
15331
20268
471
7372
28612
29906
24026
10718
24199
30620
4939
28450
8182
32495
6294
17667
5658
13519
23275
3617
22040
3754
24142
20490
11222
10260
10363
797
15519
30337
15654
21933
9523
26031
18483
24430
4918
21437
19910
3964
26330
23354
17440
15574
24962
31840
20906
20924
22286
4737
1529
31220
21953
23768
18270
4605
1649
12285
4229
2774
28818
31683
11581
1477
27536
16679
16215
7462
25366
11796
25473
25320
28969
1461
18749
23504
3833
3248
19378
13274
32694
14919
1490
29713
1690
26517
12221
21972
5036
20302
26735
4678
738
27526
12619
2394
30084
23230
10938
13493
8380
3
8272
18951
13249
18494
14308
22513
7025
29547
508
20663
12229
13335
25162
31810
1030
29097
24873
9124
9326
13191
32397
6960
4364
18120
27800
22623
16464
24256
31356
20425
23021
3962
22579
30406
8409
10162
17442
30375
12643
19203
7079
27446
32392
27449
13672
32628
24670
7675
30058
2211
27903
8769
25010
10353
20344
10890
18141
16475
7620
22282
26259
24739
18168
4885
32627
25735
9293
12909
17545
23049
10835
6813
10927
24908
22853
11188
21692
29735
361
4716
20967
22747
7785
28096
27267
18284
11232
3639
21015
19121
27176
10995
11266
9966
20669
21398
13864
23867
23530
16324
16591
21615
25157
20387
20016
9982
31687
10747
21625
27262
19979
22798
24787
12001
24452
1587
21786
11247
9503
30716
27584
2602
11185
14593
2190
27203
27950
5720
11897
16439
27936
1236
20077
15
19534
31732
16358
5473
8107
8731
27840
25581
14009
27815
25957
10283
7765
24253
30276
25842
22935
19797
18642
15453
22801
14438
316
9383
18805
12267
2037
8052
2131
6860
14406
1521
712
32756
19772
2129
27709
24328
8465
1744
11664
20934
29760
26088
10384
2884
23830
31064
31003
8916
29035
9505
9376
2105
21453
5491
30423
12460
22447
14131
27892
17208
27851
6622
17282
11812
23298
330
27818
9635
8315
10651
9030
22245
21212
3608
21690
7339
4744
5353
31210
16907
5027
23331
11998
5009
19215
21916
5416
15915
22447
27085
23365
24029
10917
3268
32064
30726
25331
12372
18388
3743
9042
25903
12987
58
24835
1200
22783
12691
7321
14498
27162
21702
2723
23151
9031
10671
13610
14944
26095
18572
3063
21288
28727
22399
20529
32503
5846
18659
22177
5414
13013
28642
29187
4869
9156
18901
30676
8470
24033
8962
15531
24754
6258
16404
20916
30374
12577
11114
12952
32201
30166
32262
12530
17216
31238
10214
13866
18590
8146
11517
25346
1233
4977
18355
21258
5320
2852
32078
3346
4114
30430
25969
10759
12328
20080
6418
5866
27477
31920
31868
8707
12361
19289
29819
610
196
29812
19773
10395
2284
23690
4298
25987
4990
16106
31360
24400
12751
24989
162
19735
19806
17780
24091
30267
2285
3179
26180
5760
26596
1134
16560
9130
3581
24486
25235
25603
1226
11323
8433
24523
21620
16381
19901
12961
10273
25665
3244
9918
9914
32604
13588
25524
22754
26950
17439
4992
5452
19724
13220
15425
25288
486
23139
29680
20942
16171
10400
13285
19708
29779
8687
20892
16743
9319
11338
5032
915
7739
4379
11862
2955
16287
29980
11589
30096
8437
26460
19009
18120
2984
5605
16363
3217
15214
1295
7083
9845
11264
5068
11416
3057
236
12000
26621
16882
26880
8858
29345
22755
12866
29473
32022
4464
26913
10797
26716
4203
2687
12372
5480
26770
2596
15474
3682
13840
3189
8323
26758
21471
4106
5480
8556
11953
18269
16428
32323
31151
20230
26614
23995
14122
14642
1555
9027
8690
613
4672
16161
14851
1815
24006
25075
22549
2874
7573
15677
20653
24196
29360
20982
6944
22901
4586
17092
8577
28127
23140
27927
5640
23031
752
16461
23420
32717
14790
20087
31044
10232
23040
1436
15996
6967
7805
30899
32657
26746
16615
20275
142
20273
32127
13353
30064
11556
19044
25171
15237
28371
3750
15558
27296
27788
7459
1574
2561
24212
12688
27761
8542
8454
8661
9114
23237
21694
8609
16676
17378
30614
11239
8423
27716
321
21588
18736
11862
26857
23157
11344
14461
12243
31693
23244
4868
18222
4123
10889
16855
10935
12052
8808
22897
9615
9594
15149
20567
5317
21241
12308
20308
13841
23102
8336
9647
15502
12347
20957
24847
16861
27037
12413
15809
2537
3917
13823
4238
16897
7751
18494
13901
20046
17729
22671
3902
26081
12196
18425
12826
7476
30792
3395
6145
15220
31947
30930
9163
8184
29994
9943
26949
18565
27322
29634
15411
28087
10317
25315
15537
29767
20602
9299
11817
21236
24382
17177
25919
31804
22185
23899
23729
19437
23655
23224
26673
8837
32372
7194
30554
32509
16676
25049
10391
10677
4436
23518
5049
4029
14832
25284
22550
10272
12607
27410
29317
19045
27132
32683
12339
7241
18522
7207
5980
24578
4251
18352
22905
1832
29234
15973
15008
31662
18490
17067
19493
12633
21887
14172
3544
26958
31921
1231
24903
17934
9065
13797
16180
29159
30532
6986
21545
21931
3561
9507
26557
12098
18160
13244
7175
22824
22153
2547
10635
11210
14108
17947
6633
3722
2551
3564
17438
1070
27997
27996
18624
12809
29055
8620
19014
18352
23910
7578
685
6435
7128
9476
31625
23291
16256
27849
8021
28802
29694
18289
5218
13390
3510
12016
1014
12733
13026
15545
28631
22149
5423
19576
7451
22827
18892
8775
22561
22152
2552
22574
26905
24073
31784
25316
9507
4989
15734
22212
23920
14022
27749
26277
18875
22543
21446
9459
23658
25714
8352
2522
19865
14045
13546
11692
7266
10530
2970
8958
16773
2467
14394
11175
20695
14331
30321
4384
24164
16613
11240
22144
16356
8169
13905
32705
28194
5000
1931
18200
30896
17789
11632
26900
9905
25163
28873
16781
28600
27588
31066
16575
10754
30488
6511
31723
17496
5325
29669
15995
26021
11463
13129
16775
31307
13461
32626
32052
27636
287
6910
11946
3947
6400
11043
31823
7550
23584
6612
19252
11975
1081
20722
14821
27314
9751
5644
4672
20406
3808
27441
15344
120
8764
18119
22219
13855
1322
13284
29687
29633
31661
9635
16952
18289
12742
22537
243
19498
4080
32621
16035
6497
441
18311
4425
31054
17878
30226
20245
16634
22062
11586
25006
5013
8342
15811
19154
4594
6458
26797
15835
14284
25404
31475
20853
13617
2915
9186
13638
17420
15858
11601
7364
3480
26085
176
16978
19507
4153
24334
2915
4322
10140
32632
6683
26951
19087
31953
6899
3863
10606
14854
26670
8637
12555
23598
31000
9272
3334
10358
23833
12911
91
10707
19981
2980
2367
10475
7902
16442
17237
21505
5350
2905
23642
10634
15328
23740
6296
5661
13196
578
22671
23604
4819
28902
24315
14700
16509
11728
18697
26538
26428
5310
9958
23424
24412
9694
24709
28936
18810
3193
15736
10402
5970
25709
10025
32441
12670
1575
32205
21080
16579
4262
30518
15554
1414
8722
16999
18923
11873
19793
4228
26847
1620
26778
1221
28173
4697
10812
643
2037
2778
19435
3945
22442
3800
13891
5640
1603
24791
20990
21743
17942
7170
24975
17646
25834
297
16771
18196
11151
28446
27828
25432
16472
25247
29091
17259
689
29488
11750
1059
14996
27978
13068
19532
24057
2148
24086
3819
5903
13194
31185
2683
13529
13206
20277
8272
3213
14183
31832
3036
5536
24760
8480
31425
11938
3387
19507
18925
2787
24049
3180
1932
13600
19440
10918
2638
27415
10559
13661
27518
24302
1637
22704
12773
26612
9329
6471
6888
30805
25087
7393
11586
24937
28079
4009
24925
5182
17247
18040
30120
16537
16858
631
26580
24147
2107
19086
22555
3920
3770
22398
10038
9842
25142
11966
7870
31241
4713
529
30813
29339
30930
5731
19234
31407
22920
28878
32000
28230
15484
7529
13941
20621
23844
312
13722
28760
6786
2740
7004
32241
19205
9644
23233
26906
17526
8555
31755
2935
14179
32404
25374
32161
13555
6375
29132
18893
2707
21148
10942
19484
15987
12098
10829
20570
27122
27156
6429
14777
10312
7774
8340
28959
29073
2415
12030
6220
13837
11660
27560
4702
7192
13293
30962
8118
28021
1119
1862
8132
25707
15435
16594
17145
8669
24503
2463
14151
12897
2724
20949
28419
28935
5917
13057
20400
19126
7179
32172
25232
13787
17898
5126
19829
6851
8559
5019
21525
30939
2328
16786
5533
2156
11655
11055
28689
20730
4485
27889
15624
19244
29201
29291
32468
17136
25672
18939
4834
6915
3370
18334
10072
19789
32048
15209
5748
31028
5280
21204
19608
23233
11454
6644
26296
16103
4665
19855
22572
18038
24604
20181
8513
28840
23309
9969
31933
6948
20246
25333
13877
14501
32710
1099
5255
21800
1756
12506
2983
25925
373
15074
18835
16793
24907
406
11048
10675
4301
25393
21128
31938
19167
22123
12278
6217
9960
6132
20287
15128
23846
12145
32431
27617
15389
2689
4533
26486
21286
28234
13575
5821
1704
26028
12966
16703
17577
1380
31257
19082
20688
3724
27773
23036
23912
32703
23309
22052
29093
24377
18064
566
12350
2846
912
4617
22205
4327
9602
20340
26405
4673
241
3461
20001
29323
19656
7029
11351
29498
2617
13336
3613
30291
22615
14542
26542
29254
16513
21948
9440
17679
3875
21465
2682
26107
27244
15337
13303
2550
12315
7964
17395
24244
21738
19647
31867
7351
17204
10669
19089
20979
15964
22307
18215
31393
8268
14009
18470
1973
26999
7931
21611
2924
8617
5939
29033
29147
20801
32040
9194
31541
16550
5996
14807
7325
644
2921
29825
3310
8366
25352
17773
6488
20713
6857
5602
8300
25930
21009
566
25288
31571
26312
1433
4542
4309
11229
13495
16816
675
14872
9475
22287
16132
9987
2059
28533
2246
1860
22884
7173
4924
10952
8291
23374
11456
11463
15633
17116
20614
1537
32381
4101
32667
2035
20907
12820
17121
13868
27600
25175
18779
10137
10735
7636
13142
28074
16401
20416
30336
28975
22284
23382
1908
10456
28469
5165
24605
2692
18541
8587
7311
12651
5983
27321
16938
30581
17586
28835
3186
18975
27675
24742
5266
23690
17783
15527
32155
799
25219
9559
13360
7481
13175
20478
1575
15670
3553
28075
10023
13117
1024
5914
15356
29878
13826
2598
2134
20652
5794
11177
19751
15251
14092
27955
2837
30792
5027
20048
10880
8116
19802
2449
5531
23524
27100
9364
22025
26451
15755
10885
5155
5396
6920
13364
8215
17162
32086
22909
26127
26438
14611
28025
30283
26761
5226
30209
4339
23597
5697
26190
32154
21733
19421
3837
26164
5568
14015
5540
5701
31004
4762
19545
1588
29518
15455
14490
2657
29319
22716
5569
10919
28780
26404
3600
25353
5854
3747
1716
27016
23234
22848
5634
2137
4818
18742
9968
29858
12500
24313
31044
27356
29146
9580
12347
28359
17193
26966
23953
29048
16750
22816
23531
27377
16090
27872
2092
25795
4631
27982
26532
10214
20985
9285
1068
25191
14764
723
24685
15270
30279
32449
10227
22014
8166
29750
16518
31353
23160
14253
9139
5508
8450
11795
31794
10252
23512
3878
11660
10716
10793
2701
945
22672
11616
18972
23725
23470
10274
32494
10774
20163
28084
16976
26880
20462
8998
3562
20672
21696
18134
4549
30976
29012
7330
29189
11793
28972
5756
30859
1079
21527
20969
14221
25891
10159
29729
13999
11576
16565
26662
12352
20344
1633
10070
725
697
21868
17982
24662
19661
5522
15847
8069
19397
27186
372
19947
7729
1923
31776
30897
2389
29170
32463
9383
30335
31377
22521
28031
3767
10069
24354
20802
18456
11243
24873
21705
19034
31328
21061
455
9283
29136
11438
4301
4180
19371
21622
21478
9352
24267
6805
27741
28819
21840
10318
3112
16107
31810
12162
9045
17037
30636
12195
18817
21539
13065
27894
13468
20201
6779
28817
24755
19083
25906
20806
19345
30027
26582
11689
11234
8108
1540
7574
29995
9091
29963
1421
24141
32461
18173
23000
18195
17697
4627
14831
20734
27644
23105
24505
4172
4316
16328
15490
23572
23653
19318
12134
27873
11738
27939
21425
13646
27513
9727
25779
2990
13344
9333
20518
24955
10329
25029
18332
7477
30765
5201
21015
12639
17556
13858
17924
12321
29877
28350
23336
3962
4622
25739
15672
29707
5491
17456
23706
940
12608
9333
32666
12451
29858
19081
6302
14504
1919
31869
7414
14236
21185
24601
13880
18038
21526
1802
26267
27949
29481
28887
4871
4511
21117
31370
6004
7181
4420
29717
25825
21499
9009
26928
22480
27821
13904
2504
26005
15035
28547
4203
21435
32582
20516
11491
10195
24501
30948
31042
21674
8249
14439
20162
7622
22097
28020
1824
11964
18176
25994
23612
20328
31195
32574
2012
7388
6173
13506
7783
23799
6779
23002
30871
6032
1297
4682
24365
29908
15662
19167
31378
24956
18817
15285
21325
4500
31779
5908
15900
7326
23566
16936
24565
18301
1580
2272
20695
20971
3778
30865
21986
23245
7732
23986
6704
8939
28305
176
1362
16329
26230
61
26041
6186
24629
5441
28151
9722
29869
204
9846
28181
2108
22900
7873
2363
7108
9204
1169
10152
21380
14583
13774
7363
6066
30332
25759
23263
19395
3760
990
27052
345
3449
13784
12121
1576
16314
5282
16461
2693
32751
22342
18211
23604
32225
6097
1410
31263
5553
23308
27547
14030
29746
2994
21615
25200
22464
5552
696
27085
7277
23584
15352
16866
2360
29239
12687
477
26284
30160
20193
31862
29423
29461
27735
7952
9266
8154
22249
26456
11624
31731
1305
11288
20961
28384
15303
14024
21804
23516
28311
3071
12508
18368
1648
15756
10753
12328
13411
6925
20338
22236
15009
14061
30463
10264
19056
3093
32511
3436
9470
28875
30713
6242
8421
24697
20290
20129
12804
22118
30639
22304
14797
19792
27947
16011
20933
28989
22693
181
20231
28865
2638
32480
30228
12098
22607
32392
3873
19439
11665
6080
19067
7284
22605
12845
7814
19161
1080
24669
32238
16187
23102
31229
4339
6431
5634
17853
15287
18848
5331
24144
27267
31706
26257
19348
7160
1729
15721
28858
4259
19666
21251
4885
14999
18945
5110
17430
6243
21803
22012
19673
22776
4801
19108
13542
19189
8997
23121
17525
26899
21682
15873
19834
27142
21665
14506
29830
27626
7734
4674
10742
41
6130
18297
12336
10496
28248
3599
26613
9958
9776
4531
23434
1883
29121
23136
20236
8661
9570
27011
2730
8372
4353
14064
26569
1141
22807
29755
25150
702
6710
20225
7267
6396
3711
15476
16680
17406
12685
2963
24602
23005
21989
2133
10181
14245
4884
20910
1936
25216
12365
30746
20567
8854
21890
5238
22331
8678
17275
24119
27450
6624
11033
1536
16240
1030
10544
14156
71
28006
24055
27162
1351
1650
27535
19835
23925
30421
12146
4267
8899
5555
3280
13921
17247
13286
4542
21988
14707
2054
16648
8002
10241
20959
18866
12239
30495
22144
25441
23734
11949
19585
8759
5047
13643
29162
13010
4431
32002
10882
25855
29062
29919
13486
28102
13708
11714
18200
11844
841
25779
13809
8829
30098
22755
13568
19912
9410
18611
18444
4903
15693
9298
9883
28380
3589
9942
9833
31014
20973
24521
22277
8828
21914
2414
25516
12932
22404
11548
30740
19689
28674
9053
28322
13553
2028
32054
24643
19500
8792
17450
27100
1064
29288
24429
3612
19568
31410
4868
13247
8934
23324
27541
5228
492
29056
6905
23757
2963
11390
15516
22389
29870
32224
3851
23572
25464
27072
30612
24242
32342
20657
27616
25232
14274
26276
14116
1904
25692
22295
9771
627
17679
3341
1612
9955
26706
6512
4825
5024
16728
24314
15775
31480
19209
17227
25703
5974
27197
3016
22695
23472
30999
29174
30377
7564
7966
1745
4828
2481
28218
177
21139
27951
15326
28045
4639
7464
21648
2470
7868
15371
10500
27343
22585
7296
7088
5420
2976
20476
10804
18604
18240
7509
8229
21413
3039
18671
14541
6484
30628
3732
20465
18884
10101
26121
19693
19883
19803
8001
11704
28256
11508
6442
30829
22172
29390
26155
1093
5304
17749
5072
6946
27252
14163
2902
13072
27017
11813
11273
25616
29803
14348
7549
20902
15487
23639
7710
22154
21239
12585
7132
25081
22929
11946
7904
20772
26536
9545
17625
13515
9264
21038
32749
25593
13023
1180
3659
3350
18736
11132
13076
10133
25356
10060
6598
8945
26877
472
4397
7022
11249
16519
8902
15315
18018
26146
18106
13224
22697
27346
30810
31504
10425
7628
22509
15471
22701
23310
16240
22977
5547
16103
12770
24228
8956
24662
24391
30864
9610
26971
13008
21693
7931
29097
5714
13740
25307
23243
21597
29411
11179
22439
28504
3443
7871
20683
13484
15752
2310
3840
23405
29254
18209
15060
24714
13198
18342
20596
4257
366
24657
20535
28885
28262
7286
5138
13965
5605
9894
12070
5083
2764
22241
17849
13463
29680
208
31913
23788
3618
12988
8306
26161
2585
2429
28653
25488
28096
19492
28826
7317
6374
11982
29765
16898
3816
9797
8998
3975
15931
331
14058
539
22801
32130
2528
23066
26495
19463
25574
21160
21611
24284
20176
5476
26068
28949
20086
29048
4940
4735
14910
8877
18060
15051
30996
4089
22999
2358
8668
31180
25874
6477
20221
1817
20134
62
9689
28714
16859
9571
18887
18794
4939
21413
8397
29871
20690
1189
20140
8761
21655
6163
14406
1269
24710
1709
13586
32453
17857
1899
24664
27303
25114
7860
15440
1505
2275
23851
2725
8970
18079
20627
19559
11135
31280
26495
1350
4370
30564
21559
26387
11899
27966
1237
19363
13586
32310
20154
9141
8854
23540
6918
14661
11045
14772
11877
13849
11150
31677
20194
23543
19927
10881
32027
3758
22484
13196
2265
19142
2343
11288
24026
27212
27588
3794
10378
12185
20775
16330
10649
2559
26463
12236
19499
14184
13754
27396
12168
11090
13783
3975
22554
21489
9570
30472
20526
15470
20409
23288
31064
25040
18909
23617
3031
11992
31161
26367
16956
28961
9417
32538
25304
28473
31221
5410
10185
28917
20742
19867
24639
19371
28050
27372
14847
23784
23835
18505
17957
5407
16655
21045
30203
29396
4125
7564
2858
10719
13505
5514
1513
22628
20198
18007
20325
714
2996
9559
5496
26451
7316
3202
11345
28468
7945
28745
7320
25560
2316
2907
22069
9796
27208
25894
21277
16904
27987
24743
29754
13273
15259
20481
13734
9394
68
32148
3736
22156
25292
6661
22353
2124
13384
21647
25095
15320
11797
17867
18987
7764
13950
17960
26081
15109
9235
16278
19306
12783
9988
13741
30420
11065
20505
20390
12230
16908
1890
19262
15184
3852
18322
9359
19277
7969
14044
30443
23223
16552
5612
1252
24260
24430
28471
8555
18906
701
22708
26448
27936
27199
31240
4294
8405
7459
10429
25819
1813
3842
28537
29319
31946
25176
9383
19515
13941
25457
17983
28504
8647
2701
7300
15254
27164
8294
25171
12296
20938
24859
14005
28269
4838
28329
29712
10665
12766
32729
14204
9868
2590
11521
10659
18163
29512
20652
29092
4935
14454
14390
9208
19943
26081
13828
29442
4046
81
19830
30656
22266
25748
13924
30363
3964
26764
30686
14218
10949
10384
14443
11627
22874
6677
30929
26184
5884
31085
25734
10049
22825
6200
15817
40
13912
7344
5374
11917
18764
1745
7588
6085
5149
14494
18871
24276
1041
9815
31566
9505
31999
4755
20861
17713
27906
20425
30180
4446
2142
8733
20568
6062
25649
14261
5800
20626
19820
25084
6116
20473
30019
1005
20698
25173
17219
9886
13873
597
11277
14048
6118
4934
9507
23397
7262
6622
21576
9685
1785
10815
4146
27691
4744
25200
10642
2960
27728
25631
21044
15250
8756
29115
29482
17352
4673
23755
26609
22077
26461
253
18903
20647
3793
27482
13009
28799
7377
20976
10718
4658
6850
20207
16983
22893
16946
1171
4588
18075
25157
6524
9712
2238
16586
18984
10999
26311
8679
11891
7645
27300
154
22157
12428
19567
7877
27017
19537
29042
26298
15355
7895
30569
3338
9589
12895
2423
18750
2206
750
7152
20223
1283
29432
5864
30638
4320
13388
10433
10788
29044
8271
10299
3720
21511
11411
30706
359
24309
7022
26017
14452
1312
31391
27088
30396
31155
6776
19193
5642
26033
19102
26625
25424
23299
21303
27295
30439
1570
19229
24718
7855
31286
28492
10955
7666
23719
24601
30350
31036
7974
11068
11550
28178
8548
1989
30311
26258
17430
245
14137
3740
13086
4065
676
22458
11378
16466
7653
24986
29127
21204
23079
9612
15988
12461
10378
10819
29548
16721
11549
14606
31827
30953
3710
14058
7232
29503
10777
29472
27438
20817
31355
8801
12242
31390
6990
8301
21531
1412
18574
20435
4111
3635
3304
4741
8882
13965
30558
10879
31535
25255
4431
19808
13844
10487
13794
18917
28484
21974
9963
22379
28196
8828
3708
21864
24316
23703
4789
4907
29906
30615
29814
10416
2702
20973
8931
11081
4200
14327
6195
17722
7003
13870
3
17616
7210
21298
21136
25171
3085
998
5946
29695
5144
9799
11474
31431
13569
5139
8278
22303
25420
17606
23501
12928
17871
17815
3130
2130
32225
24966
1417
12862
24542
28309
23911
12152
8456
4812
509
21515
14139
10779
31404
21533
16669
26812
27889
254
23497
4623
27832
9571
9409
1210
13935
19116
30552
27714
29997
24782
19794
13728
26071
10811
7442
23039
2169
30363
28414
24330
26094
26350
12397
31578
25218
13617
23516
5435
8795
10080
5337
10204
32406
13338
24627
3149
1915
25944
31632
11307
22693
21224
23076
5335
10834
1337
13947
5238
22611
8975
4998
30266
1620
27640
30149
5490
9735
32201
638
28916
533
25393
2668
6422
19602
17067
8407
343
24036
18320
6701
24719
11848
3984
29979
20613
31945
6450
30550
29150
16307
8985
2508
7372
9761
13105
15697
10249
20315
23521
9258
5684
11681
8504
14999
21019
8230
348
20187
21597
15856
13796
28591
28817
2820
17161
4251
20320
22045
24678
24497
30816
25319
13180
21109
21304
26054
6922
31109
19396
22142
25786
22670
17027
6048
14272
10395
29653
16652
24530
23156
12766
13918
16948
30218
31304
30472
3118
8150
29973
17257
3592
11612
11819
28872
686
31742
2385
29598
25899
5896
31878
2898
24448
13008
669
22194
24904
19021
21655
8539
246
5751
1894
26277
22023
22786
23316
3026
13575
26779
22498
24180
4762
24537
15904
16198
11272
15701
10701
6294
3624
21489
23824
18171
16932
23375
3361
30083
21260
22426
14005
13013
7230
21473
27281
23965
18528
1965
29636
2971
14955
13788
19422
28170
22427
9221
3019
23233
20773
4199
30163
27142
4785
6529
9873
24178
27707
32650
22667
7006
22624
32291
31311
22103
17493
2958
11711
18312
12855
16186
12875
30682
19853
21759
17959
730
9313
5801
5217
25470
22247
4944
14322
9198
15479
16842
12277
14106
19976
15407
5622
3499
168
25949
2269
23259
20189
7431
12885
14186
14298
26663
11235
21148
19479
21710
16971
12914
19925
19333
25113
5828
12200
14420
14347
14841
28002
11496
2555
8219
21908
27579
28366
9890
8966
23286
793
20561
30637
3026
3148
12872
22618
8208
6999
1540
267
4893
17835
22336
25430
29008
18529
24680
18459
23171
16692
13610
29372
19790
15612
3218
11944
7540
20050
3159
27683
2713
10902
9706
1292
27607
32628
26037
32421
15917
19840
12829
27619
5082
19817
7767
13262
14143
19035
14597
1084
17500
32705
869
26600
10037
13526
7473
1877
1588
31130
12726
4513
23991
20541
17510
31467
9390
22409
27151
26146
4579
19570
12719
9622
5220
18188
28786
12965
13391
18198
25762
26233
17367
27149
26195
31157
23235
20725
15783
7911
10940
1940
29613
17144
13647
2506
31995
15338
12020
3688
8821
14941
20710
5210
4555
2481
24358
18587
20846
1838
27603
24061
10683
1947
18329
15704
6040
32416
30257
803
1252
9700
16600
5084
15292
5890
8442
18120
14743
2786
3476
31472
3695
3231
11405
30251
14439
9952
835
32129
1237
17132
11316
4300
10708
11490
30171
3019
24796
3148
27856
5295
29236
29640
7532
28790
11136
14809
14396
15591
10001
32257
22311
24852
4723
15787
12819
6976
2447
15824
19119
4878
10414
12508
12794
32284
12497
4243
4203
26183
32098
28738
2065
14360
26230
15227
14480
21295
4328
26593
10676
15106
7598
6626
16997
31219
24260
8288
29580
25085
2098
14199
24392
28551
31504
9339
25310
21043
28253
5959
25454
28943
7362
21840
30890
3263
25132
7472
1242
14831
7418
19250
4972
32712
28407
15985
13396
8868
415
5783
16759
1980
21766
10121
17478
6659
19918
2040
11795
2668
8435
20749
23120
1596
21845
23208
26499
22845
28063
10758
5885
12836
13817
18240
28441
1039
18602
20007
25432
17325
22783
281
39
28811
25348
18906
29994
14763
4412
17700
335
30322
10569
12739
18159
17577
28444
29359
25430
14608
13678
10239
24916
6428
20007
4734
24541
30037
1183
7427
27237
17208
28668
9077
30133
19635
30668
27308
26701
22267
5163
10659
26975
21151
23670
7641
3709
14105
8769
18768
3007
63
15320
7185
13791
25707
26906
25672
31594
15678
26680
27894
19378
29924
5524
31870
25496
779
25033
16792
16435
25037
9457
8756
31216
7810
29791
13693
20306
7906
9264
32618
8532
1201
3067
20774
5952
13190
5102
26910
17531
16084
9160
22851
25298
21941
25200
29917
7022
13611
31089
3743
25114
7305
31380
10531
18327
31650
24504
31951
9637
19211
17475
14982
7236
15868
16465
21723
1211
28629
22206
14849
30035
13520
8859
10744
9461
13195
2808
24607
5141
803
18343
13692
22433
12489
31693
16649
19489
16017
24705
8510
25378
25413
6931
29700
24707
30638
1032
20304
22676
26870
631
28827
24630
7308
5613
8995
28124
2875
13397
29528
12995
29350
25509
9053
30005
528
389
9700
4650
6609
27249
23143
8636
5310
16285
30689
32605
31162
10260
23672
23796
2959
20451
27166
11152
1737
6840
21758
11738
27739
13704
30493
468
11754
13222
18942
18085
30800
13739
5447
31964
18625
22219
24938
28663
30394
11604
17067
2934
12131
25525
23508
2041
22033
9262
10038
14203
10859
6831
24662
19053
1458
21196
16899
13381
31236
30057
15256
10663
20781
9795
23055
22325
13467
6733
18798
15942
20761
16415
11206
19444
27961
17762
1791
28663
18728
6620
16724
21674
6645
3840
22807
18343
4127
16778
442
6241
1804
3697
10069
19406
11401
16250
2061
29290
14835
3751
18407
7124
15697
13927
27824
31479
20365
19050
17754
29389
24973
18017
11491
14580
14606
20573
32068
14614
19749
8147
26731
16322
4717
32673
22223
13514
28748
1859
26834
5428
30274
27553
8412
13211
1123
7806
15951
16499
22218
27948
9195
14475
2939
20542
4972
2600
30948
3377
15068
13120
26599
15805
7616
968
958
9235
3757
21154
28511
24449
24147
603
11381
11987
21114
24079
6194
5079
14224
22473
5857
27258
24252
5988
6744
13901
19994
1865
12238
7684
25009
28815
15185
29167
32696
16787
30966
16075
5001
26258
21435
14130
21228
20630
29415
21226
17523
8274
27335
29707
20225
19427
21918
23770
31257
9286
24169
14909
26914
18634
13670
9459
28843
1442
3608
2877
23597
23628
14264
3121
3578
19871
23729
6170
30190
1412
3936
23774
32629
6301
13497
27956
22274
23608
17035
1255
1607
5341
1187
12458
32284
5898
24274
23869
4225
8935
5073
2801
19713
1410
25920
5172
17904
2172
13690
21796
15704
30575
7132
18906
31041
22395
16197
16202
23327
6833
1272
14278
667
8869
9709
11622
20157
8777
18829
608
4732
17977
744
17326
29113
4324
30884
30430
16712
5718
24116
1084
25636
18688
4764
4936
13607
964
3877
11519
20001
11625
10991
19367
5076
23590
25835
12011
10609
18022
30533
10993
7770
22325
20564
23385
16138
18824
16825
29692
5723
3946
13341
3789
13938
29273
9905
23404
31808
23770
25400
856
30541
31141
6930
11840
39
12132
15755
16340
1447
18029
31417
32242
22626
20738
29723
20906
1368
19250
26387
15717
5288
17788
4356
26529
29383
31430
7153
1708
18067
835
32233
21050
294
27009
20481
25650
14989
17323
1655
16338
4506
31983
7897
21501
3354
8946
11272
27081
15784
8083
8243
19180
29628
10089
20914
18732
17172
1513
24704
27730
2872
30107
1561
2659
20781
227
21276
10602
25922
22319
3525
14642
4061
1256
20967
13278
19631
7067
23402
12958
6306
13465
6597
10291
27231
24951
20748
29359
5879
8180
23826
23401
29788
32030
12365
2230
11748
16561
8096
20111
8287
1172
24817
1292
5100
4305
25382
12839
1727
20286
19020
92
31325
13936
21590
12185
13517
21154
25459
4283
10321
1879
8951
15539
5287
18278
14062
29420
28141
23882
1229
30748
15895
25910
15265
26930
25333
8984
8957
14401
27454
27963
22855
16941
25987
19788
31928
8657
14882
26466
7904
14222
14354
10447
32052
11888
23736
16854
19854
21775
4887
10760
21701
17260
20055
31734
24462
9995
13021
4070
23933
23894
11838
14440
6012
9542
16794
10015
17845
29902
15062
31172
12841
15708
3631
9162
22331
22710
29042
26208
29325
27435
24366
2897
9847
4693
30787
6697
27334
13454
27729
20672
9305
30605
29532
1262
11550
24329
19437
12641
1340
27669
24523
25380
19949
19267
23651
26928
332
9611
24864
2340
9893
404
5980
10810
28863
20448
13449
22766
15254
28092
9300
2456
30861
24908
19722
10880
5450
26141
16809
9878
363
6490
27087
22281
3831
29806
27670
31720
14053
29408
2557
2689
14445
29827
30827
13130
8853
15211
29824
26982
19660
28888
6193
28171
11418
29230
27738
1850
20807
19921
25548
5183
30868
8910
6578
25766
15046
27683
16985
26555
10879
14865
17246
22471
4054
16737
21485
29995
13279
19973
22553
23293
2308
8100
6915
27827
10879
26330
7179
20666
23347
12197
5601
3977
10555
1
10643
26430
9478
9049
28558
30367
23827
11740
28356
13602
20047
18952
24721
32585
11612
31843
15854
13875
15909
29181
26211
26161
26002
9176
22035
32673
21229
4021
31875
20029
20148
27986
12385
2400
14501
7869
1713
2544
6975
32592
3417
4798
3828
12274
16469
11717
17033
936
10228
273
1052
28861
5772
27662
8076
15438
5783
5278
26168
13304
23321
3552
17859
12696
291
26674
32396
12654
6213
5593
15367
8240
6508
27088
21078
2386
3166
31631
3149
4819
9709
14254
15697
318
6933
31726
6723
25865
29824
26357
32732
29912
28067
27026
4241
2172
30061
8015
8088
23969
3749
21816
5284
6269
10313
20573
32516
24038
18867
32063
14703
25170
19602
18291
10403
14083
22106
9197
27856
1212
579
25291
12668
31459
32564
24402
17290
9621
22872
2381
3735
28141
4014
6642
20162
7578
10932
22786
8752
2566
26239
7389
2667
15613
19272
32230
22060
30277
28411
9213
21558
406
11448
15110
22326
11856
10768
15216
23253
21720
18030
6607
19818
19580
24304
29875
21316
16537
29004
15173
2301
6241
21118
1795
13528
23302
30281
11559
212
13459
18424
22426
24554
23747
17113
2691
1665
17580
23311
14443
28647
31782
15106
31219
22138
9267
16070
573
2445
6047
23457
16600
10338
6557
11804
15173
8315
23630
1483
29579
2487
21551
27703
184
13119
22612
25107
2602
24374
10516
4595
3682
9345
9944
15759
21339
28385
11656
6322
12086
24553
5162
23656
25678
25628
5870
9268
16728
5546
8532
4290
16817
19530
32426
6376
14663
27768
13951
29452
21125
23366
29056
2019
1957
22124
4595
8966
5564
6614
19363
4139
12245
13769
23920
2025
9680
2344
32351
436
7061
13036
23320
24538
28242
32694
9896
14963
2720
12492
25101
31375
12769
22093
4668
20705
27225
23225
3387
31709
6405
7151
29262
1790
11647
24158
26009
1768
5216
12349
18740
15655
23792
20961
6712
17763
22928
13945
7981
32337
23488
17228
22712
5666
6687
21328
22698
28426
2084
28993
1147
25731
30251
26609
25261
7866
30276
9211
3642
13513
2543
9499
11947
8292
22542
30137
1631
2006
14177
23219
6738
17007
28231
26103
4848
13995
19716
28034
24794
22519
886
12044
5050
20586
4436
16475
28436
29630
5274
15559
4326
24975
16379
10843
11405
12243
1909
26620
2542
4660
6390
8792
20287
27039
21099
15555
26056
11500
14740
32276
15482
13647
18962
29325
13895
31160
17307
32481
7289
28453
11131
23484
15968
19203
9106
24596
22456
21634
18401
13320
26464
13884
17949
9956
29848
31809
25695
25843
2214
31155
27518
15147
32316
21244
20811
4709
9643
18400
24553
24544
29574
20614
964
4230
13290
29499
3305
7063
25112
6306
32035
5513
786
8624
19782
21056
25092
15543
3364
30980
16548
17689
9281
8445
16049
29663
30456
7740
2512
12192
1950
32047
1602
19840
26167
1814
26152
3613
18302
22006
16577
27185
14514
10394
19653
7123
222
28027
26376
23851
30342
14095
15609
29372
17962
19221
22649
2427
773
1372
29239
19499
20195
7872
4709
16127
5221
24768
29025
22128
28403
10042
3183
11164
16341
31838
2756
19178
15278
13933
6645
29119
32258
11391
26980
23349
4736
15132
6250
3434
3457
3752
7040
6558
20353
17258
20830
29209
4674
21515
20665
12827
2226
12573
32721
7892
29883
9266
24353
10876
22123
30476
23156
3759
20253
16255
26088
13755
2912
12588
8356
23924
1030
30100
12107
3962
18934
1462
11314
8018
28220
19162
20705
29942
2386
23209
4484
29380
13422
8172
31724
8294
3787
29684
22977
17246
13177
3608
16561
30894
18211
19761
534
17834
10145
31516
18201
5391
29332
32318
5620
26307
13044
27307
11423
24876
32578
9760
15383
8297
29126
19778
17814
10558
11090
10026
20042
4033
17751
18217
18819
19363
6421
24841
16963
28261
28782
2116
24335
9307
21202
18756
7654
14279
10307
24988
26986
3486
20588
19586
7374
11168
26773
9099
14945
3799
12761
17671
14837
26955
27696
28374
22400
32483
9657
28717
7185
7135
1492
30326
31084
18437
27904
5244
14463
25410
32072
22897
876
21215
8106
17225
29094
18602
14501
21557
16905
8382
26112
13711
2228
6568
18619
16268
3144
26617
14554
32169
9891
20726
4832
7932
22124
5049
4345
16245
31268
6983
14973
4743
28738
16778
19777
28230
5115
2854
6894
26909
11486
26317
22768
14035
20694
24255
15520
7576
19372
7021
2429
31410
13225
12389
8115
32350
25709
8739
3186
24406
13953
29574
31065
14351
6229
8284
14241
10114
22792
17824
2170
28584
14583
23227
804
8847
16356
25469
23128
1880
11136
4660
4833
11255
28465
12653
2654
9270
20776
14783
10265
31184
19043
14770
10077
8426
14122
17463
18457
3925
21545
16387
13718
16268
11190
13088
17930
29974
27647
18738
16918
1078
3718
13502
19743
19252
16642
28279
25215
25993
21383
6072
24422
15257
10755
19457
15726
27682
4267
23582
28231
9486
11698
24184
6302
7801
7603
7452
29821
17757
15588
16392
22880
11028
23870
3142
2456
28556
31878
29433
12799
22307
12591
6750
8866
2278
18261
6146
15957
26688
6275
5231
9043
8509
7091
5964
16896
13130
1708
10635
12829
20808
18435
15738
20825
29383
9761
841
21111
13584
30979
17807
27716
18524
13019
5918
27422
30362
8701
16856
21774
6733
19300
13020
6138
31149
19734
9368
11481
24103
9733
23226
24820
30184
21538
31840
2770
6693
25742
6079
31018
3216
24561
21834
18123
8186
5090
26962
3611
30417
9495
4330
16317
17745
1808
26068
6433
11642
3319
4188
31032
11389
2908
4100
3332
25526
2629
1008
4592
19824
15281
4511
31828
10557
26860
21654
9149
14263
10271
9503
22032
5191
20254
8217
31416
29383
9520
10292
19460
10450
11608
1716
20552
16313
19350
20871
1288
1129
1596
349
21839
16151
3690
20206
31542
31963
3913
7874
26991
3762
10434
26738
32699
2357
3133
23775
16269
2017
19122
1586
11732
23640
30209
6556
15971
24611
9924
25409
15747
28755
21944
21035
11597
3821
27206
11838
13078
2931
29695
24506
22054
486
29796
13962
4130
16568
24688
11304
13707
23710
4107
25304
3008
79
19996
22431
6680
13870
21017
20450
31452
21643
14259
8564
21178
7850
1601
12627
15800
25677
20188
7931
21984
19772
10874
27733
3725
572
5071
18728
12077
29599
5388
21641
9815
2641
28362
20316
7235
3382
29243
16711
7711
20181
5917
13702
16181
5767
12002
22336
4992
32404
15285
13434
9757
5785
22546
27155
29231
31733
13555
15063
3959
28653
30546
2299
24078
16719
28637
22462
16537
19407
19527
7114
5385
19666
1275
27419
24931
26651
2882
22999
19902
23975
18933
2680
7439
1481
27556
21398
7957
1180
16179
31898
15892
31873
442
19069
27471
11367
24769
18697
12432
9335
25052
15751
2499
7189
377
24926
31949
16722
6632
9486
32064
8792
10894
12838
6593
7537
13467
17800
14972
2435
10005
32181
19876
5280
2033
29154
15504
23705
20940
22025
22654
21595
26404
5460
9320
18858
5647
25801
11936
30891
30455
5766
13633
12726
27981
16907
26991
12010
31927
4580
30521
9983
14249
3837
22347
17815
18659
23278
964
15037
12258
28032
7074
23225
23590
8342
10002
20456
14365
4515
7357
20287
27732
9959
19679
21591
7834
8757
26709
28656
14522
8119
24737
22351
6383
28783
14352
3034
6035
30985
31593
467
26322
19665
27289
30765
5079
11421
6823
20781
5744
13034
7361
20303
22059
18402
22237
11216
18444
2937
5676
20660
11639
15715
27298
12332
3514
30362
30869
12866
23361
23753
28778
12739
22668
14285
30068
16409
3714
26995
24126
20915
1965
25940
2136
27735
29663
827
1496
2087
26184
24886
18444
30169
25541
31955
19919
20906
17138
10931
14242
7149
15749
9086
4693
16770
18646
28891
6338
13710
24511
8749
6883
25803
15382
29674
11399
25744
24652
17966
17648
13156
14496
8026
1268
28308
24079
24674
20269
7645
14345
14170
11506
9881
26367
30317
24348
21574
22367
16263
11936
31659
23052
1505
5551
5183
31264
15678
8403
20966
4606
29972
21347
11234
23031
2053
25342
2050
14424
1191
9868
8257
6880
15623
9641
1897
5086
13952
18873
30826
5565
30129
7262
23398
32557
8763
4734
21188
5441
29517
8503
22765
12805
1131
18244
1704
12843
4456
17112
222
8213
12402
8513
5471
25284
31773
15366
14255
16217
3771
32460
3438
32440
13142
20695
1025
20661
5507
15605
30935
19686
29227
7655
17316
9094
18453
21497
24143
14020
4088
26799
25925
24380
10637
5431
3893
14263
28722
5867
18026
30175
15934
12011
14695
11063
2220
21280
22653
23440
1114
20913
14163
17524
21907
6298
15284
17988
18429
19536
11716
6347
5979
28637
1735
15231
13775
29800
14149
7249
14751
15787
3038
31262
27629
19326
30880
19656
7510
21794
12239
16331
1433
8287
14968
3063
22088
31153
24710
27594
26770
28375
18466
28235
8341
244
27467
14740
23424
29572
17775
12850
19775
19098
13535
16860
9386
24440
23923
21081
13611
26365
5344
27804
23074
21775
16359
8471
21907
17395
3166
1159
7800
24030
21581
10734
262
10064
14210
1594
30496
15668
3447
23233
6237
14892
21521
14925
11076
8511
5415
18846
23046
1205
26865
9295
4134
6054
22667
13624
28303
30223
17122
22693
19719
513
7624
29521
5354
26490
13221
17072
2186
2782
21318
16909
17131
29369
17062
29707
18987
8915
30213
29012
27290
18492
5019
14280
4078
21348
17485
7531
14042
29955
2603
28842
5301
20917
1548
24444
28926
14431
19417
13690
21802
22288
27379
29720
11843
4130
10399
2818
11896
15467
9772
31719
30798
16258
13010
24348
26909
1772
1118
24365
20042
28723
32234
10048
29878
17301
27372
17503
27587
27244
26207
27846
1087
17403
10907
25085
26830
31375
3064
26705
19586
12788
16904
11697
7209
24008
27258
14028
23576
29335
25863
19979
23261
7877
3359
19083
9368
31716
5814
18214
32524
27283
18557
15620
23343
14674
4157
19555
2878
30731
3342
1886
17923
26339
14173
19625
24471
12683
11232
2590
1460
22536
4125
727
3224
7679
10695
6074
28457
12572
22125
27137
7108
31742
29407
6459
29418
18542
31011
2991
27211
14313
3102
17150
11213
19344
10125
11531
20995
17246
17532
12522
28482
26331
3241
15536
2321
4912
5153
28516
2005
1547
25689
503
29160
20792
28560
27785
32756
6313
18153
350
5382
3108
24924
13887
28453
21431
27968
27565
27129
21391
2252
10398
22594
9966
29181
12961
17416
25525
25447
6083
15795
30180
28638
21157
10377
9803
20226
28935
4660
24687
18786
12866
15511
12052
5823
29545
31104
12719
32576
4085
4364
4217
19781
17313
26218
13996
7451
22681
727
14302
32330
14866
2880
28985
23318
14603
20507
29715
19427
30296
25417
32723
6331
19617
18346
19758
11434
27771
12354
1702
28705
15148
6235
13219
5994
4882
23962
22609
25357
3669
32583
13892
3463
3933
18515
1945
9232
29801
19534
7936
4751
22468
29855
25956
5392
8023
16555
2360
12559
18089
8614
30623
8896
15446
3009
24836
8137
28357
18013
19729
31478
24907
20642
13951
19277
16756
5032
9489
5610
32095
4363
20575
25739
24441
902
10691
3317
9658
29759
2599
4918
23356
17757
27632
9624
25565
8294
27424
14483
17194
8907
8172
20555
27051
25287
10537
6928
12925
22281
9304
21239
28582
3888
30972
23226
8784
16696
32511
24340
27632
294
25867
25555
11041
3550
1339
16598
15253
28211
30222
25051
27474
20971
21010
25164
25855
15207
31120
26469
9639
8724
472
3832
5856
26611
12389
32274
25251
2378
7088
8085
27761
5236
5392
6112
12970
28473
15944
17332
1612
11351
18687
28357
13591
18244
29101
9962
28649
6488
13807
313
18109
21465
24784
18766
8124
12077
24437
28517
25244
25552
5140
18208
20827
21580
25595
21231
1959
17852
13489
1256
24575
24064
30760
17988
15306
10512
27345
13620
14208
2746
28098
19771
11792
10557
15773
28380
27008
30741
30493
31615
1491
28536
23662
31695
5042
18151
22699
1117
264
18845
14722
6054
5473
10292
25055
8090
20840
16237
32580
24805
9612
24758
15991
20479
17407
28327
28913
29627
31680
31805
1834
20478
10632
2889
3390
25653
30437
17017
14317
25318
9537
11222
29958
24885
27554
12334
13494
25882
14689
27506
22662
685
13365
14427
17771
19451
30867
7086
13435
10932
24136
4117
28389
11186
32627
9229
10893
6571
10873
27231
2582
4197
585
22452
16129
1718
28081
23200
7299
11130
17731
26681
15530
4626
29917
20101
4461
22357
4458
13064
2199
17678
4033
5089
27570
563
10694
1179
17409
30753
31989
185
25213
9863
19951
25020
29337
3362
26475
2861
3718
14909
32563
6372
17324
21842
17980
17752
17899
12808
17187
25278
16258
2172
13907
23606
24553
23661
2063
10334
9880
21161
12285
14710
32753
22916
26188
16422
13524
27043
1180
6273
940
30601
15565
7282
10056
31911
25824
22247
17803
23073
7170
5452
27646
27778
21946
8438
10016
8805
25876
11466
7290
21443
11400
5677
31293
28237
19627
31870
29243
24298
1632
20564
1025
30375
12896
9292
10833
28614
18202
11663
18495
18368
16674
16759
3238
14318
17757
7635
465
25886
12299
12375
22078
22964
5978
4793
16884
7103
9193
25218
10046
12785
12868
11507
18469
32701
30718
29362
19262
16489
864
26613
13965
29311
29753
32748
17410
21449
15016
26422
15210
10748
26165
12165
26755
6544
24795
9691
794
31093
26186
5700
2082
25903
22921
10246
15744
30208
28532
25275
21880
25462
6954
15439
17987
31244
29375
18973
3935
21190
24883
12607
23973
233
19048
9204
31792
25617
10013
378
11020
22073
26775
4372
324
17063
16035
28298
6267
10982
17009
12024
20297
25554
8938
27934
1441
12436
28834
18553
932
25254
18041
31839
32405
18574
20835
16313
30559
19358
14106
24063
27507
3853
404
31453
7729
14326
10489
17003
18147
5235
16868
26534
10492
13937
20218
10435
19720
19739
15011
29223
14842
29260
20683
25496
32328
5710
23677
20906
28090
27193
13976
24353
22419
19424
20442
24169
2828
11967
10716
9957
7297
16284
2400
8365
17976
20375
13277
614
27701
6690
15002
29104
9160
25848
26364
13490
2403
17929
30805
23352
2717
14374
25200
26907
22579
31262
32393
12842
13154
31010
13546
11524
4352
16595
15179
5519
28382
1913
25758
19287
8649
12271
19070
18317
14256
20452
24018
27624
8867
9071
20080
20629
22586
11749
16379
28410
32043
16921
2595
17869
9182
24226
16767
1410
1507
30502
13893
13068
28989
15823
22230
30213
8159
1272
20203
12596
30497
12629
28151
32214
20255
16367
23948
15303
2216
6608
5889
20618
20620
6821
19298
11173
13808
8333
16652
6026
28988
32399
28812
24154
17113
1669
19274
6035
12679
21814
8976
27229
7514
19754
2040
30196
15923
22632
4158
20781
4957
11300
24719
30849
8580
3405
18855
24257
23536
8852
25443
17252
22191
29525
22162
25008
9001
32252
2236
22691
9283
12395
30179
15229
12445
5028
20525
30941
28027
1911
30575
16895
7450
6182
30387
17861
24229
20509
18154
15001
20157
10076
20764
394
28230
22677
8474
22491
29956
7389
24517
20753
14670
26928
8346
10716
2408
29091
10479
7295
10999
16865
12809
32322
29561
13922
32230
14025
26845
16550
27979
14123
8293
3671
23611
18103
19156
26825
20514
8533
22550
5608
22176
20828
31095
5968
4331
32373
25921
19222
29738
8407
11972
19152
8752
15856
27526
8335
11513
