4788
23449
9615
30895
16092
12163
5227
24319
31313
11207
15399
26654
16323
26916
4268
377
13386
14726
11317
12446
3574
29829
8903
8
14835
9227
14271
26131
20507
10447
13836
12597
15975
16046
16386
19444
29660
30401
5337
11243
14187
28262
30328
7695
31309
23905
28577
3078
32463
16429
20491
21061
24288
28628
31616
29052
15315
4589
13724
18800
1825
26806
25776
30780
23286
19612
30415
4428
29606
19819
31867
2051
3329
25260
10270
12616
24962
29066
1654
17019
18143
1477
12347
23220
11758
11905
5505
13238
24280
9572
7870
19296
4770
27936
1575
12019
9151
13738
21095
17407
19032
28153
4326
32082
6662
9613
26485
10067
26728
8226
13914
28533
11378
18583
17188
32129
24008
3195
28343
13622
2810
7539
13815
11820
220
28663
24628
26347
13895
2366
23658
2821
14535
21462
20704
31104
10034
23186
11266
32098
19054
16936
15612
16664
20369
10779
20002
31967
240
14321
1467
21553
30979
20227
5217
23652
15339
15221
29813
7350
8589
26168
2655
25775
21475
21296
19750
22453
28090
8411
22462
28196
12715
30447
7912
10752
25882
24036
7861
9192
9961
31240
24593
20579
9673
9453
2124
14369
10832
24078
16374
32072
25550
17100
12375
14697
680
3372
14928
5936
11070
15410
25106
20921
30021
2925
7461
244
170
6895
15951
29375
6116
9746
31152
29723
22512
22876
6332
25029
4396
18580
17126
11244
19608
15853
26823
7114
5503
18417
23981
5412
13736
23729
14493
24284
28071
580
17675
13855
24509
31
10579
16205
22227
27516
18809
11416
28136
21797
30022
11218
32370
15090
23917
25283
8782
29296
4308
2056
19963
5057
10307
16143
27677
2488
32518
24343
16529
6379
871
5788
22650
1015
18669
30751
2726
32393
26940
11029
18584
5668
1737
19418
28562
22275
24955
26726
12616
19591
8273
14427
5792
31687
5045
26641
14096
4573
25327
863
16265
25547
17340
27273
11745
21313
3884
21630
18165
28737
3042
7884
19973
15061
24171
20390
23396
32698
12636
14709
24668
24160
26161
6715
13876
28438
992
30789
9593
30626
18506
4454
21073
30719
17465
10934
14151
4947
17869
18763
19585
13365
21534
29534
8601
9506
6483
8165
3642
32652
5789
28885
16895
29139
28565
17512
2918
15978
5674
27035
9776
18528
6879
29684
13816
2596
18876
25597
99
12536
4927
251
12618
16129
12156
29281
11371
4969
4368
8072
15876
17969
23739
8303
31905
20774
30261
29985
21185
14595
21875
14985
3828
9583
32093
11691
21338
28589
7555
15664
24827
20546
3533
14430
894
19970
29710
7861
25522
32371
21774
16930
24002
10244
12983
9225
30893
1459
14490
4415
5263
21918
15726
15610
12015
30569
632
5304
31089
22935
2686
18770
30347
7258
12727
5044
4476
28977
24939
13334
7412
25164
13566
8364
20261
9826
11453
22977
25587
10505
7328
5718
16798
18589
1483
26029
21005
28127
18410
15775
11638
24836
23689
3944
11253
12037
5292
22713
23399
17645
6073
22063
1929
30646
23175
8744
19418
11567
18687
23165
13262
27119
7830
25559
7120
25768
31112
7905
14778
29405
18807
22590
31309
25088
16267
12365
17135
15036
4672
15276
7708
10162
10712
23229
8258
13508
8052
8359
6696
18031
19329
5931
32408
10590
18725
20880
3110
5573
10571
8913
4524
7258
5499
9111
10509
25831
18367
8892
17384
10629
15326
20631
1557
16520
22619
4676
21388
10862
11184
27173
8776
15114
28087
13159
3788
16516
11886
25935
17342
4984
22105
23894
27636
17101
2293
18038
31646
329
11199
18629
22247
892
4909
1932
18105
19068
27237
25148
5220
11377
6465
21608
23066
7458
26137
23812
31763
13393
29678
6927
5409
7175
10050
11177
18258
15511
17641
27124
19354
23358
3175
5316
31814
32215
109
7422
195
12511
28203
1438
2131
31522
2868
26005
13554
20872
19325
31721
19766
30117
27136
23180
9972
11155
6785
20655
5242
16869
10252
16670
16807
11494
28177
5997
14942
18751
31793
26073
24551
26722
31008
22512
2605
3846
28449
17573
14121
24002
21156
12773
12351
728
12849
21933
26224
16698
21810
24095
17221
13109
7058
30899
20660
21843
28799
15442
31600
18097
10440
17941
383
4596
13862
26485
17021
5630
11941
15619
25273
7821
16337
15004
32286
19616
26692
24389
5058
24013
17506
26498
25229
22626
16429
4854
132
19281
3210
10244
20653
24598
29093
31859
12801
16221
24749
14322
29301
29335
8949
7050
4743
216
3773
17038
12078
1999
620
25216
5336
28893
27858
31306
12453
14506
14914
21329
12878
1573
28725
30147
10943
6597
9592
8983
29118
24844
25446
16827
30080
27042
14505
23838
1357
23474
21800
1243
25602
8518
5872
5913
13079
386
1498
15884
3144
25888
24646
9779
19703
21803
8390
25424
8458
16410
29453
28631
12872
14674
23845
20729
5409
24992
25783
31601
31265
6626
2560
12720
7832
23047
722
29185
17543
19618
18695
23047
23763
14125
9862
3301
22780
30884
15244
618
2015
1193
10169
25546
23204
8891
20001
23260
17222
12513
3426
16600
6003
11988
7377
5618
32000
27672
4975
3429
26956
31318
11419
2620
25665
23319
25720
14531
19795
23229
23882
31468
26317
21363
160
11473
5698
15891
24140
3521
8532
22705
870
559
26390
12616
9273
30030
6149
8311
16154
2046
6685
30330
344
25627
11717
8980
15038
3816
14320
20436
28306
20819
22013
569
23957
17545
3083
28423
23375
19479
52
11938
1050
7973
3386
7038
3949
9876
15512
8819
16226
10618
10450
29189
20945
2524
2278
20483
31502
510
7354
22657
10945
4176
18453
11882
10945
4092
32569
25312
16111
3919
7757
13846
7525
9014
32762
13041
3451
24774
319
9949
27154
29021
168
16095
23538
9867
5548
19021
21462
15690
22737
25436
2535
9349
22915
26784
19987
8718
6772
4992
6129
10080
6429
15005
20498
20534
32690
17135
13786
19509
3324
26601
2592
28010
30208
15723
17005
30102
24373
7563
32032
22771
18132
3029
13992
15385
12609
16034
1965
12060
2307
4993
5053
2112
2517
20713
4975
30558
28128
26261
636
13752
11331
22016
32758
19702
4663
353
20121
25688
4354
21138
15567
30276
30563
31197
25419
28777
31208
16784
2442
20409
16683
7302
8204
24209
27178
8332
2396
17446
13711
11390
6163
6309
26822
31919
7649
23538
20899
10483
30507
24366
26377
16140
28540
3161
22989
9952
2443
30960
15860
32547
28105
5766
6151
6716
24341
299
3029
16524
10933
22480
10159
30614
11248
15612
29072
5339
4502
24557
2578
18727
24534
3990
1458
6265
29013
11425
13485
22708
6302
24016
22613
31834
24630
21584
25793
105
16291
25513
16139
22513
195
3995
19357
6511
12842
18101
26825
8674
18383
17616
10982
17340
6914
12563
18374
2512
30116
13642
19061
1524
17249
12638
9162
9072
32237
28793
29486
17307
13063
6013
4116
22594
20393
11196
11135
19139
151
1089
28519
22601
1435
16780
13803
29367
28297
15959
19800
28384
7559
8742
31756
13543
17156
13264
12669
13296
21723
28738
25612
18257
9231
12837
4420
15985
12523
19872
6864
30185
30763
21041
16692
31357
22685
3880
19005
22973
13706
12630
10550
27074
17492
30000
20485
31731
184
22466
30987
19311
27645
16214
8033
681
27607
9738
25864
16511
31819
20994
1622
31900
25910
10991
27520
21669
17148
8523
11000
11599
28668
22066
15366
12858
3546
18918
17628
206
11246
13278
12943
29166
26734
15505
16717
8941
620
3131
12069
17327
25749
24088
27987
17964
26265
22017
26414
21145
13172
12601
21571
13467
22593
18236
19576
17187
29691
7781
30816
16134
25990
30578
8570
9278
8556
29444
2208
21499
4056
9915
10726
18236
11535
26480
24217
25422
301
17490
7564
29683
27450
13787
17687
19720
17225
30014
25580
23087
18495
26810
5606
10497
12650
1591
28919
25419
10436
23725
18679
24850
22506
14115
4367
23407
22818
5822
27743
22833
31820
1194
6164
32361
31534
22636
32344
15500
28479
16018
21544
6855
22229
26030
28854
26034
11473
8065
4962
23201
3189
24405
11070
24519
1017
7253
14437
32463
13816
20091
11819
16416
6289
23896
21459
25861
2007
16990
1391
18882
11691
18689
14580
10398
11179
31903
8192
17431
7059
5862
16313
17556
25083
13591
25757
258
19594
2337
3869
29117
28547
17112
26423
5196
6916
1775
30417
15502
22424
16937
6877
1231
27593
26578
6508
17549
6658
23270
24955
775
15508
30882
6433
9577
1564
23328
18675
24475
3462
12595
31989
15538
12989
17631
13788
29354
26373
23565
6680
273
21000
16263
8877
29009
17614
24502
7037
6327
18831
28977
2768
19655
12587
7250
15606
24075
17853
25160
8511
14286
11308
13975
24569
18493
3926
537
29443
28145
14800
8174
6945
15944
7341
1755
19129
18304
9134
25509
20079
25522
14252
12557
28811
2050
11241
22633
11671
19626
6904
10343
29281
19123
1701
22984
29511
28482
20952
15537
11584
5515
11731
18509
24275
2689
4067
8206
21720
4086
1303
2863
27678
6744
20568
13254
4489
25035
1793
19273
27577
11488
25152
25049
9005
27471
11626
32043
20475
14954
5901
12536
9053
1778
29869
3111
16749
1882
24154
6483
31078
31707
13903
13586
2890
28628
5976
20824
29521
23309
10736
10140
19821
3575
3208
2248
4282
7335
3734
31938
30654
25359
12154
17662
26957
19141
16755
17249
28969
11821
1999
30390
26574
16001
32671
28848
25692
30851
14505
27614
19657
31448
14785
28855
23838
27088
21252
19530
29881
6199
19999
15888
404
3440
29023
23689
9102
31444
15526
26959
19232
10440
17874
31027
30943
7608
13541
1468
14384
12382
1083
10455
7246
10715
22469
29221
23765
20748
13507
6610
20690
18491
9388
17324
3516
20146
22894
17473
24446
25630
22045
9985
20568
17795
14449
2388
23874
27884
27796
28567
1825
24870
24790
20073
7032
10243
21158
22934
1679
29165
15765
14400
8602
14999
14822
20867
5373
25180
30566
12213
20515
6025
18050
21048
8538
32182
31932
21766
30586
747
7020
22086
26875
9680
18456
32510
12437
7982
18102
9
8721
5110
9809
17360
30366
10896
19968
27491
8061
9814
32444
22872
21558
8181
3160
21940
22951
28011
348
21392
19064
671
10733
13585
2412
21325
29775
4712
23437
12589
5519
17689
7875
24606
11615
20196
26259
20951
2664
31006
12271
1631
24198
3305
22769
18433
27773
5215
11663
30093
16119
13393
11877
10091
4074
19291
30392
6801
31965
16843
8184
6999
10855
7512
4524
27809
32227
19165
1641
31169
14248
21001
23702
21770
28690
17905
26562
15421
22669
30628
11238
27011
26410
16047
15568
20091
30537
11783
29295
12852
17205
18399
28151
9554
11981
22398
25972
20711
1291
10169
9158
25481
31319
775
14964
21952
4834
24187
22420
4363
29766
18788
10970
31605
4959
239
6797
26492
19128
11323
30495
24430
3052
13418
21135
13449
19196
18831
8775
10698
30483
20500
31429
5405
19422
14214
19344
25957
14473
505
10191
7448
13073
11935
2075
12184
17053
28894
17396
22291
29388
15055
11651
9121
30758
26188
13787
15837
12604
17066
14906
3422
12498
31320
17750
13034
27363
17900
23286
19387
24432
27428
6011
1612
22918
4596
12588
6329
847
30247
25931
600
8408
14839
18002
22075
30346
26057
13776
5410
20248
17152
23829
10046
3975
17648
959
1484
9663
26363
17648
29043
27992
7892
19101
27639
20671
21137
3901
881
29877
1644
5387
7872
27637
20645
2215
21933
24715
24829
14374
30852
26053
7319
26482
3330
23105
15064
31213
7403
15869
25172
9573
8640
12874
826
11404
18875
13209
32520
31694
32006
10617
141
19893
29698
18842
27982
20966
32385
6126
12835
1100
31290
9851
1137
26505
15967
3733
29665
16925
20825
29659
1073
17949
5512
22695
29001
32545
14194
2607
20656
19542
4185
16954
27306
13886
31045
20280
26866
18784
7938
30013
26
30434
17116
710
13863
11034
16506
31827
28648
4705
15069
20904
1175
6263
6805
26327
29241
3483
15625
8796
27499
7384
1917
11256
5382
29180
8364
21672
3351
19429
24013
4515
6145
11093
25102
10659
21179
26629
21955
19204
14516
20516
2975
7268
22096
17744
26722
25357
18009
580
20612
14260
30636
28272
14343
17726
28419
5156
17065
4143
15316
11073
8944
28175
17818
18166
20733
10663
26441
21549
18515
14098
28904
3090
8097
23547
15704
11540
8631
5669
16739
27705
28939
528
23834
20001
17256
21165
24359
28353
28921
20530
30042
18556
1432
4127
29397
16791
10637
9917
29669
13820
16639
25329
20867
608
15455
5206
31898
17922
20052
7589
32216
11476
26029
27400
3036
1136
2911
18636
621
11051
20084
18712
21763
30636
12438
24556
18645
15922
31742
8790
11395
2638
25280
977
26779
4610
27247
23116
25179
11049
30311
22830
8478
9212
472
20033
23697
9879
1028
9953
11814
9037
16175
25551
1585
6775
23505
8892
32733
15464
14207
10766
12508
3480
3393
7708
15275
5017
17920
20699
9778
7326
22542
15319
31015
19074
4681
13533
20797
27635
27112
3037
15824
28496
27561
11815
4288
22144
11677
4393
26414
4518
7698
6562
29527
32750
28147
21068
18223
26926
23696
25278
7803
30873
5418
30797
14902
13632
14397
1074
14595
7135
30647
10452
5626
18517
13559
3699
19700
218
7348
28588
17299
14563
5370
9217
20005
10476
16365
13028
30404
17133
24003
11229
32400
28982
4992
23388
10227
1765
3839
28143
27760
26090
6853
4124
1354
31515
9544
6656
8163
6083
9951
19558
24794
30530
23255
10932
18821
3067
12203
16696
13509
16572
1695
10054
30721
4066
18994
27621
8381
28061
19998
17877
9740
31021
6080
7980
5456
20390
28259
17559
12795
7029
21507
12095
4722
19111
24118
26289
9876
1707
10472
5858
19696
24928
30843
23250
31738
14218
17832
10387
16961
30293
32597
2000
4787
899
14262
22681
12594
32647
8024
10985
28582
16768
10559
26281
16994
9861
30125
25728
14533
16943
28043
15969
7969
18274
21040
4055
15478
13492
10832
25651
32153
26757
23489
28061
31916
25956
24503
31421
20794
22552
12318
14910
6812
4099
15181
9393
1796
31700
20683
5188
23519
11146
29224
14056
30081
27366
7248
22876
4330
30612
18484
15016
7355
23720
30921
6543
8410
16785
6584
5782
10345
21578
23598
14866
1411
29198
14078
24840
8637
23059
9298
5902
12729
4781
30037
2900
21467
12871
5028
20305
16520
1448
19813
29633
20594
32213
24688
19634
5492
26687
25506
14318
9747
1314
29971
12224
23322
11514
31530
5434
16497
22109
32505
21100
14849
20355
8871
7750
9204
4940
3380
15827
7140
30132
19957
19851
17664
31135
26310
31020
17144
9613
21083
424
8890
13998
10159
21269
30834
30170
31108
8770
2503
1981
29610
28831
27470
8642
6153
4902
24945
8109
11816
26148
7983
32564
6249
3599
9622
20302
26164
17428
31541
30360
5758
17853
28790
26086
27921
19142
27970
27749
4714
10582
10421
21563
10235
8580
31435
12745
5259
3670
26508
13248
23664
18034
30463
6272
31737
12057
31797
16558
20450
3071
3584
19242
29809
3732
3528
19045
15686
29781
8403
31170
27980
23114
9647
31437
15226
15349
30418
18533
27684
21639
16203
30748
26886
26359
19868
3164
21520
4559
18883
5081
17377
5095
28369
16518
30650
18555
3718
10854
15869
21076
32102
4057
19296
3094
13854
10193
29222
8819
19621
28082
6693
9384
15065
12349
21610
25615
29973
17924
25314
11155
14310
27055
27284
17906
3336
31978
26016
21274
9154
8685
18201
10086
7025
16325
14315
27827
24163
4155
18989
16913
10403
17068
28479
9053
18467
28484
6898
19754
18876
13793
32308
31587
24508
20683
11031
19014
3633
26908
7472
23024
24389
10019
14373
12322
13063
15113
14121
4964
7861
10389
29037
4398
8016
3691
4912
32482
5281
86
32458
5439
5926
24984
5049
21452
2092
29414
6962
6383
11349
5799
3289
30480
3202
24239
23735
14427
30843
3092
27043
11386
5219
21831
11058
4862
2795
17674
22132
26540
10404
11756
10913
1699
17397
25681
8207
2763
13810
29761
2211
3366
11369
18702
18058
22456
28644
8294
7200
9121
26583
24420
24757
11364
26850
21493
9508
11845
28581
24021
18815
16933
22623
4781
5395
12661
30449
31989
31737
14059
29797
13426
19367
26880
27543
16062
19369
2698
10391
4931
1691
31712
7507
13782
22821
27042
15664
4055
9032
4804
23003
32053
5498
3523
27955
27096
19498
10257
21857
17546
18002
5104
11079
4935
30040
27319
15491
9837
18828
16643
31011
24534
2122
29806
18365
6578
30580
19565
67
18425
23177
28534
23063
156
4492
4496
29562
3336
4750
24092
5672
13324
9906
19020
15950
30603
7748
6759
8758
15867
2807
3775
13815
3577
25612
20356
22634
14173
2340
1166
12199
8985
22457
19538
7769
15244
29429
12931
13659
28724
7451
19664
30563
15080
32601
6474
30310
12431
26291
3580
18385
13432
11170
852
16000
30837
14838
6164
21068
12884
20114
15341
12190
31086
25155
14785
18009
7415
23133
388
28754
1346
8299
31703
32449
15277
17407
13780
30178
21633
31368
1653
22081
14669
32420
9127
2530
6667
19511
14475
32294
18658
29243
21374
369
16170
28795
4581
8936
13389
14802
31578
29501
30051
4817
11950
24222
18526
13060
23328
28392
23809
3069
30886
30473
704
14623
1349
19381
15256
19610
26064
24256
28683
26397
6251
2788
11598
26003
15118
316
10137
6964
13897
6351
16343
6943
12337
15750
32367
28968
22030
597
6489
22254
194
22050
18145
19041
6720
32087
24536
18312
27236
19666
3652
18429
14859
7810
23159
11874
19284
4576
10866
30361
19899
28337
2470
2610
18485
31309
4657
1877
11119
5202
10120
915
9721
19379
16709
1035
18868
1477
18124
10333
29401
21712
9415
30874
7374
11518
8877
20107
4212
8102
22098
23246
12458
20953
5754
11948
8429
27592
28605
31662
28551
6831
22501
28223
14099
1727
19794
21440
1742
12577
30592
30514
10367
11100
11248
6485
18633
4941
18424
18010
11003
3358
21216
3208
6013
7527
6761
7761
27250
12885
2844
1569
30171
15024
17064
6962
7502
14525
907
3924
10273
3795
4152
25691
12987
20058
16253
13614
1665
27152
26501
27136
10796
10238
16778
19842
18204
22850
13839
15049
13240
31878
3510
26062
449
19729
18186
29567
21509
8648
31104
24912
9500
7078
17107
3434
6277
17675
29568
25663
17240
1837
6266
27919
3284
13247
29494
31869
4
25251
5467
2139
12978
556
12138
10197
30055
7490
31562
6511
9349
10266
20593
28458
655
21417
11895
32741
32215
1908
3949
8075
25860
14507
9466
8276
18056
30193
3776
25474
14759
25794
31484
4131
32170
13852
26738
27902
23466
18300
24668
7811
5984
27224
25985
20437
11906
30710
19669
9575
4312
26009
14821
12368
29595
32093
760
8661
20035
560
16073
23395
25054
24909
21694
30705
11387
28721
7073
16261
31422
30259
25542
11218
9041
26076
26849
28715
23929
13258
25527
15030
14866
28361
9714
17472
16666
4974
454
14080
17765
25803
13536
16432
15315
12300
27990
7918
4365
2319
18697
22154
8192
11631
22715
4682
17419
27568
1151
18336
28924
17802
21797
22695
11289
12941
12877
17697
1716
27816
18823
23154
11438
1778
2622
25609
22969
12936
12603
23954
9090
31559
11273
8706
1239
18546
4052
25629
23002
26486
20345
11034
27882
3288
32679
1469
10293
5489
17664
30190
18057
29530
1358
18511
9629
4726
31044
8986
27081
26795
10809
23978
16440
18184
21227
146
22497
6750
177
20251
17671
8204
8775
18524
22005
7674
3643
21669
14942
15573
29840
15189
3292
27837
5112
27031
27710
11416
29192
913
32501
27278
9191
647
10505
242
31491
31144
6176
1670
17238
7410
28211
1333
18621
24959
23599
450
6922
19264
2351
5041
27276
17114
25780
20477
6172
28860
28704
24346
1827
26350
8659
26915
23909
26397
3605
31842
32505
16730
9027
26504
24739
7883
8272
14935
19125
3309
16410
16260
12659
31146
6286
7185
12976
1923
10793
29048
14600
18389
28099
25228
8012
21983
15293
15377
7642
32548
7810
17309
15942
14353
13490
17965
17161
30657
14122
27990
24673
28735
29705
29403
5500
4895
23049
10091
2045
27397
7167
4625
3257
18475
6432
21099
16148
30987
10102
7428
8518
8186
15278
23220
18534
7389
23809
18392
2357
20925
21330
32286
18060
18858
25407
13360
14866
32616
30745
3389
8425
11533
8319
19388
10570
31198
28897
8025
16092
4073
15673
20676
15149
2726
16348
21121
30622
26070
22551
8106
6238
32260
1369
31915
8429
5155
24511
25049
21178
21452
12870
20611
24936
2767
3044
19983
8897
26406
31458
7461
23791
1652
3091
2099
5389
11660
7228
444
24202
2926
8424
13568
12405
28968
16614
6644
23645
6433
23860
12730
8905
11081
28205
28533
4747
29850
14794
12248
24547
4056
6953
28685
16916
12848
4992
22967
684
20322
11757
18691
32498
32454
9990
14885
4280
14747
24363
10980
13108
32154
20066
15990
29090
20827
9573
12821
3303
18377
7190
20469
20395
16242
28337
11096
19723
15178
22049
24344
5418
8321
1083
8022
7441
393
7640
27919
29676
31646
25094
15658
32465
17722
8045
15497
2418
1912
21303
4516
23684
16373
3687
924
1078
19823
14392
660
24820
31940
27237
22677
22655
13263
8234
30874
23057
20776
8328
4378
20168
17028
17806
19860
24780
32188
29188
3710
9371
19324
11017
32328
1862
22880
3645
29911
21047
16501
22779
26387
7302
17301
4052
2589
19732
9897
14150
10688
5990
8056
24791
24841
29591
18887
22176
7846
15390
22949
1627
23336
20051
16902
18363
10477
8890
6718
9303
18960
32225
20602
32062
5131
30171
29766
22279
8623
25729
24409
5417
14125
13828
6899
5184
5823
9103
12137
27081
20147
8241
18732
30389
31154
25380
18684
25780
25260
23911
25280
14208
18819
12058
22997
20505
4603
18114
11601
20814
22278
32388
27564
24684
15523
9190
29147
14107
2137
3205
31656
4968
26657
20754
23915
1714
11676
26832
5258
6560
1891
4340
23175
24519
31047
26283
10722
5888
13429
21766
27386
13830
11808
24514
22873
11756
27528
2105
30671
24518
16583
11285
20485
14656
8104
13562
25885
32702
3315
3162
25077
16427
13275
20220
8638
14540
4495
19709
2470
16589
21536
32249
16314
25091
1692
8492
11771
22842
9457
11286
26196
26435
25989
12797
10360
23984
21982
23651
16377
8540
27284
21743
5196
2282
16481
20308
4662
12805
23153
25294
16043
7864
25242
22000
6760
17981
1349
3247
14613
26637
20614
9927
10580
8258
26724
1768
12868
24730
13068
10571
7837
22051
4160
3265
29588
3252
8901
3115
2245
21475
22356
13659
8857
12639
1899
17293
12850
31533
5868
2704
3786
17381
2333
7504
18838
9436
17494
9274
32277
17862
25873
2750
5980
5829
27222
30064
15722
2443
5560
23968
571
12866
1659
25136
17512
14736
17283
7276
21631
17291
18899
10276
8855
11235
22061
22818
3988
17845
27316
5744
8839
1585
11464
7519
16403
18535
29794
15345
18825
7006
22093
4220
13522
4224
29062
26979
28672
11661
15091
28004
18316
30952
4447
25948
2088
22993
6112
12687
29922
32174
2536
254
19039
17321
31015
17878
9494
26049
25429
25312
21022
24684
8424
20754
29839
26001
28313
7529
17488
8299
19656
17699
27789
25732
731
10348
10071
21498
10781
11964
4440
14683
17454
18629
28474
20426
9534
9021
16292
6563
6787
6599
28337
10868
5552
31607
27377
4995
28179
27563
551
15308
11311
25767
23197
16170
28108
24385
18360
2856
8285
10423
14626
18663
6443
2835
9171
15306
18235
12389
5891
14220
13764
22265
31332
4124
11906
13299
2685
22491
6188
6063
17583
14653
15480
26663
24741
25671
29151
7259
30328
6880
10810
24999
7874
21104
28153
18890
27172
9122
31899
6362
16395
4097
28552
18535
11900
29814
22325
6424
28227
14088
30417
7545
4307
10551
15116
4320
12735
29562
17225
15645
30999
847
17649
13332
7934
4107
29995
14270
11824
4691
20470
15622
6561
14807
29702
21254
29268
15165
32592
14272
19584
2521
8684
16789
22736
6325
26792
22066
1731
11037
28563
30637
7412
30120
19452
10350
21623
3559
8341
26839
10990
20365
24849
16159
23664
27342
16761
31872
23956
26620
32216
22276
25405
19832
10361
26610
29452
23175
16599
24044
29377
28460
12209
13144
16381
8815
19033
7864
5359
15085
3402
31292
5496
11811
11015
13638
25783
18772
29143
8640
31090
8585
3216
21319
25279
30982
25250
20390
6379
2769
17524
15816
23577
17565
24082
1659
14761
6564
24424
20692
29923
8251
30502
3849
21412
2015
3718
29986
21083
21887
11933
31619
9343
13739
31380
10037
5373
30208
17570
11583
6607
8781
27569
1106
16548
32299
2043
25883
14541
29980
2756
29313
18934
3945
21127
30039
17552
19354
8583
19557
13457
8787
27002
172
17952
15454
11405
254
9089
9021
23776
32325
25803
13055
20373
16195
3424
2869
6335
29994
15844
10828
7897
9514
5115
16094
26364
10063
27017
8197
1542
24482
5693
31536
2115
11978
1102
27223
5671
9059
30566
22188
6737
977
1883
12651
2958
16160
25267
32253
15387
1991
22415
22102
4940
10916
30126
31095
15515
13995
9303
6089
10295
2700
18065
1578
9583
4866
26019
2015
15431
24459
2033
27233
5158
1396
4481
27156
27673
27259
12365
9594
26742
11110
12338
29321
7015
11306
6655
28317
22178
22118
26945
9857
21265
25267
24625
16457
30178
30309
21788
6783
19536
9280
27220
27103
761
14217
511
26944
24019
2985
26422
18863
28701
1989
28597
5329
15882
28137
5507
2752
19631
3873
14717
12668
1766
4164
16988
26990
15019
1887
22590
308
19258
30727
31977
24874
30610
12384
3447
4529
4647
23265
16646
18906
24779
12613
11864
1461
5829
30637
23974
1184
32569
24599
25647
26832
22125
9224
27433
4772
27623
25107
14312
23311
18299
23825
17163
4924
5471
6781
9938
5591
12062
30744
29386
9770
1680
12492
10373
27983
8485
5592
669
27873
25489
4386
26921
27668
4966
19820
16313
29530
18238
22465
5503
4619
30319
13311
21405
19151
20175
25349
31276
26124
21629
13474
4132
21853
28303
17981
23507
6046
24032
9114
5679
19866
20525
27145
20037
28909
6560
18233
17554
18242
15868
2029
15808
14843
30033
29215
32526
17210
6826
18738
1484
5331
24962
23454
21547
6907
20911
11689
622
16458
25871
20206
2736
2002
26953
31849
25839
3675
31514
25300
21200
16055
13622
2478
7899
18484
13890
2920
3574
16697
17904
2235
5231
24378
14771
16732
8920
5751
1038
10265
3138
2544
18345
28274
4765
31745
6340
18903
4667
27772
21231
10494
19321
15500
10360
5390
22976
18775
7718
20142
10138
30847
3990
24423
4075
3290
9563
26809
1539
12855
11646
23321
23021
22493
2208
2183
15167
14793
3999
16662
15562
25275
11094
18868
20160
27725
30318
29526
22804
21230
27126
3627
15323
20449
30129
8903
28394
27301
12776
21130
18504
31113
7260
20798
32491
13730
1201
23590
30051
21846
14293
5562
26559
10755
2991
11516
16151
25573
8684
19991
7516
3831
2134
16038
32687
3898
28901
7439
7520
10110
31772
16669
30943
9398
30071
22618
28624
24209
16237
4317
7524
14228
14495
21251
14590
4571
23288
22944
21243
4239
24627
4923
20567
12901
18821
13080
514
31267
13921
7395
28213
4104
25222
7860
7769
17022
7202
31502
19232
22181
10541
8785
5
26840
3793
20448
30179
25031
31001
25788
6771
3440
2502
23540
31264
5199
15955
22034
8763
1240
5451
29852
16628
19991
27958
15825
18359
27271
23399
22653
23420
8983
32185
11080
375
14634
10495
22332
5227
22164
30408
12679
5151
28371
25702
5180
28164
20033
23621
12455
621
32172
4952
694
13731
7824
15108
4261
24175
6627
13281
28807
7287
16871
29375
16598
6097
25853
9251
4776
27621
711
19608
5180
12862
18092
25978
6442
25541
12497
12155
25336
17456
29156
20247
11405
23227
10063
15246
7650
2122
20173
14891
23323
28454
5457
740
24689
21173
29475
7500
25010
20608
26795
24345
32151
570
13313
184
10572
18429
14625
21542
18310
2602
16069
8682
12166
22198
17403
13755
25357
6024
32306
14093
26024
20358
375
28220
15004
28378
7149
13983
263
25668
28947
2709
9015
894
20549
11066
21408
11227
31170
26648
31438
17067
17086
26666
21898
14993
20857
10603
31116
3020
6529
18425
21675
1395
31013
23623
10419
17130
28026
6640
6560
26745
18556
6083
26650
13299
16491
3838
29853
21853
24402
20542
22947
12167
24774
1996
21918
8937
30375
12086
30753
16576
10856
10694
32338
17504
6899
21436
30920
23607
906
11783
793
32412
10155
26407
8384
6431
30529
16420
10648
25450
31871
9139
8074
12844
28089
23915
22180
5603
9368
32092
13176
30355
10048
199
31997
29265
11890
2294
31306
11200
7665
2800
31325
4683
7022
11716
8472
7186
9199
22640
2033
2157
15859
6396
11366
645
9457
16252
22
11382
29556
31408
26410
7728
10833
24774
19516
9124
25920
21353
14564
10492
9332
12114
25022
28999
13612
14716
25131
14262
1009
23653
19730
2259
29347
10191
19953
15801
12105
586
20458
30401
16764
26201
32566
25318
5722
16894
28091
20880
21654
1472
21031
31058
2294
5129
12473
6012
30936
8833
9650
19619
5342
1220
13590
29091
21207
14466
29217
10795
14937
26053
10117
17992
15792
6330
32098
16173
20385
5074
18065
8955
15219
27935
19741
2742
2292
10166
31491
31086
32478
4745
10552
11084
2407
18362
5841
2057
4072
21554
31995
31348
17391
20334
20751
20145
26755
22449
23464
9718
31402
435
12337
6659
25408
16614
23156
20363
18333
14436
9613
27583
7454
8867
31665
14909
27699
3557
13691
4156
2385
23454
246
6715
14040
4713
23907
29116
27631
11022
24038
12133
3007
15003
24808
30740
29550
23290
2318
21914
4144
21049
29005
22390
4284
14148
20270
24603
571
21905
30471
15406
7090
2056
18658
30980
20258
18788
4795
19586
13594
13452
21003
7009
31180
5820
13917
10962
10429
1603
14724
21768
9770
28861
31291
7369
28287
6721
3453
25240
22234
6927
25150
8580
19985
22916
4891
13906
4934
22144
16598
13931
16732
29421
11225
5175
19743
12291
26256
11220
9726
25424
10241
10760
311
10546
13764
31308
4779
13860
22169
15548
25629
20675
21217
3501
8028
21535
12955
2249
19981
11764
22855
5173
12861
32500
7766
23331
14206
2140
1450
3884
13903
32133
22103
29570
14049
6642
24267
2311
22517
11844
16701
22551
11946
20555
17261
15792
32533
11402
14960
793
265
22722
25766
11333
3652
21644
20492
27130
1815
8211
9724
8073
24668
21671
20796
22767
2169
13874
23325
27626
152
10061
31953
4372
19315
23358
21275
18769
23624
5307
13806
22172
28795
44
26005
508
22252
2057
5597
32128
7830
18364
22328
28080
15327
31081
32337
8793
27916
12725
19816
20484
27014
17786
8069
30510
9010
5466
4406
25356
19070
18353
5440
9958
30215
25271
25265
27823
19300
22435
20594
28493
24998
19140
13346
21044
8064
25039
2051
23447
29293
11610
24841
933
26376
32657
6398
20865
10105
9883
2127
25567
22520
28729
31885
17903
13102
22420
18038
28474
28349
23534
6606
16166
6074
16194
21020
16445
20353
24532
6075
11560
14743
29760
9434
12806
15136
3144
1824
22251
10060
3263
4748
29673
11342
10394
31321
3046
14524
15361
16618
1114
12845
5181
30861
30269
15510
17425
3540
28820
5259
5073
634
27446
8243
23326
25433
22756
26216
2833
29214
2474
8380
32160
19381
7378
6593
17443
12271
7516
16376
14212
11997
20636
19943
22894
28971
3567
5934
20822
9014
19809
23125
5718
23690
19792
18636
32243
22961
18098
23345
27603
5775
14948
3947
6355
21385
18191
23257
4533
29436
4237
5012
18860
5809
1886
537
9680
13691
24325
8175
14472
16442
20316
11009
12420
26212
16148
30615
29531
29577
10338
17148
13608
15506
29800
7889
27807
24049
19827
1297
8873
14623
19630
29741
8614
12715
27922
7788
29618
30857
10836
26211
2442
21427
16469
1147
8509
19920
20645
9916
32071
10710
28030
26946
3026
7894
16454
700
14114
30934
31457
9254
4256
7476
4144
22776
21071
9133
30806
20181
2941
134
19270
16934
9885
25293
7952
32633
2344
662
32186
6127
15002
25533
7900
15232
25378
17192
1439
5114
8902
19911
10292
8791
26977
2504
1193
28235
16809
16024
17229
27721
8239
16542
13903
8822
13960
28426
24372
28484
4183
25971
24755
20669
20618
21341
6930
3378
2082
10007
19671
2625
28669
28068
20864
20602
1761
11009
25443
2271
22874
25290
3268
26333
27146
7617
7094
8004
5047
32505
4417
24055
18757
11070
21478
3739
2619
11273
10339
1320
6254
7287
56
2798
22279
31931
24041
4824
7178
22748
12007
24959
8084
16059
9559
8507
32206
23561
6218
24117
22412
4200
22391
2546
25821
18540
2766
11644
2151
6672
3617
31970
27948
20965
3520
29982
9461
9698
22596
31624
3108
21737
14802
25846
28720
19874
22883
27660
17783
21143
11374
23032
30740
7352
16274
8108
8861
29634
4006
7969
12036
3343
17373
13003
31912
32190
31399
17531
21892
14846
23202
27495
23676
6906
6027
20273
21852
18659
13135
2897
6491
4705
26719
244
6496
29590
10039
31668
20497
12687
21982
3168
13192
15962
279
11700
830
12223
29205
17831
23473
13407
4078
1914
30761
7665
18111
25728
1420
21876
5782
14718
5528
9427
26158
1728
29098
22176
29008
20932
4469
23684
6582
17396
16359
5319
4166
5847
4006
16235
29935
9829
27900
6052
27969
13202
13089
7092
15900
25565
14582
12669
1429
30032
24373
26481
16514
10658
675
23269
29136
21771
17198
14322
8099
19507
13549
13172
3689
15416
22167
2856
11189
3475
13960
2442
20982
14281
7449
9844
16723
22181
21805
26607
3064
21611
11437
29438
17293
19096
2799
7801
11613
30618
12230
17045
22357
31087
23873
20219
11565
13899
10002
12889
10371
25018
18944
10820
32010
17339
8086
4951
32121
28323
22219
16431
10075
15710
9581
31344
22863
6714
20898
7652
28141
5754
16988
11509
2006
6734
14490
23022
1098
13336
31808
20156
27281
31368
4273
27187
22167
6041
29857
24634
3090
32591
1062
10031
18577
6902
24569
7709
21112
14684
9641
23468
19407
1261
21934
10358
19028
23136
23697
9844
2317
25930
17886
7117
23970
8969
21379
11759
27919
26248
4050
31820
3500
14995
22957
19832
6671
18780
19239
29178
16060
24025
12278
23663
28142
2630
22070
30713
12864
13630
3531
21789
21456
5352
18876
7224
2526
2328
1468
23522
8669
8996
21090
14511
242
28934
24010
11059
5035
18156
974
26005
8525
12747
16280
17279
15984
14928
14995
23266
2735
13459
17485
6979
20836
14548
3169
13829
6656
2219
6629
837
15234
31961
15898
5064
27913
982
18161
26295
18464
23787
16118
327
28006
14733
7281
21511
29564
27302
26270
25687
28987
4076
17902
25492
10869
14373
29268
22200
19448
30378
14520
18402
16971
19851
13856
20400
31010
2055
756
8887
28615
16686
7596
10376
24859
20947
22102
24453
20339
5216
32014
26174
32575
18897
3980
14485
24379
13154
30468
14088
16198
21311
28829
11476
27151
21302
18882
22764
16628
3943
2112
1830
5024
16641
28269
19111
15102
31193
20277
31468
4515
948
9963
16315
31734
11505
27507
12519
23511
17212
936
14375
5230
24613
5026
12217
12162
14155
21146
2365
9206
16144
7772
21475
6777
26885
15768
16725
231
10644
2360
8899
6424
15832
7810
12241
10064
26493
19413
9066
21059
14722
9562
6580
3383
2424
28357
26567
413
6566
24773
10476
28628
3095
28195
21413
17649
20926
18554
13883
20847
17794
24389
31555
29406
24620
29529
903
30615
23606
15263
17859
4513
27608
10085
28726
16451
15786
2782
28214
14382
24039
29661
13559
26634
19953
13585
2364
290
31274
30436
30077
17718
28063
17726
27205
29465
30592
19894
3725
25579
29216
30600
11403
10109
14584
1664
28309
814
24979
5811
19198
5251
5314
2250
5676
29247
5175
23205
28262
31215
637
2725
17763
24898
11358
2196
8827
4851
4301
11582
3910
15130
16675
25720
25055
24189
22054
1940
17088
1706
15909
22611
11042
28461
31618
4765
20456
2697
31497
18532
24646
24305
14714
29368
32717
24200
11072
31168
6561
24722
12757
7022
31363
18067
22886
17894
1972
2483
16439
1318
399
28900
18842
12632
23803
32290
1710
3917
5636
30034
23055
28832
2784
19921
20777
22108
28196
20371
14956
12244
15334
25073
3655
2468
21480
1430
17016
6689
5036
20019
10373
13667
18064
25600
24986
5980
31834
21406
25761
10764
21437
7576
11323
24287
2707
539
17590
5242
30158
23169
23736
13701
20453
25323
3172
26127
1773
18555
627
378
2289
1411
5503
27849
16988
29465
10918
19115
28167
18079
17476
9187
3539
25291
20807
12465
11680
905
19484
12540
15623
13043
5139
9570
25678
1283
2608
17370
11039
21856
23307
6201
14093
2977
18209
26937
21016
7028
5433
19771
16087
11557
27309
10951
17413
29745
23671
8654
17668
2555
3458
29522
6866
4987
8476
7370
19850
18395
26178
6468
27917
4128
30822
3973
17262
6808
10989
14378
18594
10402
10462
4893
20467
24667
12852
20181
28691
10586
14182
13850
5431
21748
7397
17138
12422
27956
11920
12220
32310
11043
31100
26483
13226
32236
26934
31100
23559
5403
16457
2921
29812
30012
15424
1148
19818
3441
1257
21016
10659
3510
246
12519
22341
32008
6422
8468
6488
29246
22304
14062
30989
9290
14690
20436
31087
13975
4090
519
9293
417
13187
505
15052
27034
14233
12900
32667
5581
27907
20147
18797
13074
9009
23628
10571
29685
18576
18508
3757
20234
17371
16300
4518
804
7764
22938
7145
30376
13912
18058
29703
32137
28165
590
20369
1768
30728
29892
9275
15121
26356
17706
21531
20621
416
21910
2181
32729
1413
5360
18571
23833
19746
18716
2127
2305
16016
31975
24701
10501
31158
30819
547
24469
25085
3111
30647
26030
21237
19216
10291
379
16435
8131
25224
30381
18821
13093
15147
2286
30272
28032
31742
3288
18338
15915
10830
8644
5334
4553
24786
14534
25509
20779
7517
1447
743
7557
3724
19824
23759
31775
26179
9389
10157
27306
10876
8105
31287
5384
31580
22720
19490
27939
18262
24478
20246
15414
27885
5937
12277
25611
8701
22293
29991
10845
19459
4502
7165
739
28332
30634
9732
27800
12530
12657
9270
20701
25904
927
22463
11345
15079
7162
6223
6598
2142
26925
17005
19723
23157
16507
26766
24723
19560
1601
3505
15749
4386
6581
20356
9759
15883
19060
9093
753
19321
19625
5787
25854
5377
14278
23351
30985
6579
6418
26377
16218
25811
17513
18614
23978
11042
19112
24736
4899
2739
9952
14534
7210
5215
22767
25829
2535
25855
22631
26325
23858
32572
29481
30335
30713
14669
29139
2975
25766
4628
30184
14307
24087
29152
18375
4071
12424
10005
11295
27586
8288
8871
12021
25423
6517
17464
23514
24813
21599
20848
9134
1459
16489
4133
5803
18623
29053
16469
20458
14136
4107
1710
21098
15383
1055
6886
10921
17335
15164
28649
15559
17289
23560
4220
11953
27928
5454
16946
21194
28433
442
2726
21673
3715
18939
13897
23600
26136
14618
5754
10264
5308
14754
11670
1809
11027
18485
24860
32329
22246
4018
20429
5685
23709
8409
14829
31191
745
2875
13015
32687
20381
10756
5685
18102
10133
2682
24175
21076
16321
13488
28302
29989
12219
12995
6462
20453
1976
3610
6181
16283
18864
20974
30127
28552
25017
15902
13035
4499
16326
7280
22694
29574
29076
31724
6399
22809
32438
10494
22441
5357
21006
24788
19419
5550
20710
4563
14478
19306
3011
12080
17395
11108
10887
20004
7280
18600
7139
24777
1413
14661
24038
1135
14039
12190
9316
27271
8924
18063
14328
28211
21833
28880
8930
1268
3660
24919
21646
12873
5373
2257
17463
18876
24318
27824
7823
20329
21049
28155
15340
18839
29176
2514
27024
8511
29967
27026
30387
18227
25205
31926
31343
14025
11046
27832
324
360
13570
15513
15225
10619
18479
5959
6100
19562
7866
18141
6731
3213
19347
19614
30731
20356
26301
18644
4778
3586
13213
17084
21011
9738
15147
22554
8341
18090
2107
21686
26270
13007
3557
139
11931
12225
17430
14379
2345
28305
8247
31501
25283
14376
26267
32353
1346
8137
5034
30102
10673
1195
22882
14483
1866
32514
11829
24549
19903
17763
16010
26325
15497
25764
13877
20612
3150
8902
3328
10038
14020
17811
19992
5235
14583
31286
9040
15068
28618
18513
13846
26121
21512
28108
24784
15878
1709
336
13729
24979
7726
24873
16376
12999
25174
27606
14450
28758
14535
13956
23740
20804
12320
30413
28439
3524
4592
28315
1230
17276
26407
20476
12639
6090
6429
25724
29247
12490
13232
15756
1290
27831
16043
30521
3685
10390
22083
31884
6818
21780
23713
20347
3453
97
16357
6768
18735
6304
26316
28963
20641
22650
21901
5255
9039
584
19770
4090
12944
22352
27046
24062
15606
5073
3621
21003
24562
21828
15544
1340
10012
32199
27733
28805
5798
4158
8321
3398
217
4192
31629
4295
6590
30138
24167
28674
25754
6528
12665
29497
27004
20132
2813
11223
1405
23232
18124
13449
19399
23480
9656
32144
2915
32728
19268
18483
11017
30327
16646
10957
22345
6895
10897
15560
19424
742
25391
18435
20564
23503
9852
15111
14447
21810
3319
860
12688
26564
7198
21670
620
6353
17460
17581
21768
21141
3548
30042
29200
14462
28121
23835
17315
3430
27010
1097
13593
14134
30961
522
9677
17334
23291
13795
644
16091
3456
21292
29262
19789
12192
5127
9806
26241
29917
4196
9445
5750
8357
16890
23111
7582
16782
32711
32188
27364
3197
15477
22621
10947
22692
10314
22444
19650
31543
12376
24668
23001
9597
8348
27302
18401
11625
26220
1710
31456
11642
22102
22483
6686
30593
7308
21956
30261
6486
4771
22875
21630
5391
15923
14490
24935
24125
17686
4429
11096
16432
28156
18724
12196
27136
26126
11532
20725
17023
20078
17458
28736
10492
8665
14611
555
30337
9923
520
6283
8293
20601
31558
17646
27220
4468
32035
11745
15394
15017
12417
24766
8583
13694
12374
12538
17483
6789
31658
13868
18458
22301
8442
8337
26003
10255
21361
19861
6292
4575
17047
24455
1928
21870
6065
19665
24982
23216
16417
11955
20150
16654
3730
21132
15062
11321
12876
5331
13178
5280
20088
2732
32076
8805
31168
27545
17463
1170
6144
16011
17240
18559
8590
14314
32402
18210
24422
3823
7863
9503
31158
13252
19036
3216
10157
10554
8072
6010
22048
3237
4374
22050
28700
24957
26722
8029
6811
606
12999
29331
29181
22968
133
4624
7379
3695
13237
28959
20189
1648
15153
3764
24384
11265
19808
7538
17903
7354
11453
7047
6205
27915
21404
19805
5388
8880
10882
12839
26846
27077
3211
20448
15836
22280
28097
3452
6963
13129
22024
6047
6000
8206
19895
21771
12873
27671
18564
1853
5
20681
14319
30630
17854
18471
16924
5607
18439
32722
6242
2791
23334
26623
13792
13185
18559
24017
6646
11450
22271
25307
28690
4917
30650
23309
22395
7357
19269
17982
29172
3628
11536
1293
16305
15855
11613
20715
31328
11061
3633
32639
18391
20524
16098
11734
1791
9608
9078
9113
13753
23118
14853
6108
15136
27051
574
26664
9032
17453
587
17499
8689
20242
1752
4997
27550
9404
22225
14409
24049
12432
3599
25745
54
4155
20911
27039
30733
24034
7380
26881
19791
14780
8360
13457
32381
1018
4711
13248
4922
16813
24075
16547
23694
196
13105
19599
5051
5406
7630
3476
28883
20868
8194
8105
18068
1407
27371
14674
27016
6205
4766
13470
19257
14568
24707
21130
14597
26957
8108
21309
26809
19111
9933
19548
17164
13863
21102
22268
25291
19805
17811
4408
3134
6569
21548
20180
14098
19227
30520
10625
8483
16438
12934
19466
12021
28265
13040
6263
11191
12020
8444
25300
9539
24760
2813
5313
13656
10154
11402
15242
24070
2503
5158
32241
5729
21674
25669
3058
17651
212
21901
21355
22728
16209
11519
22533
15815
2271
1172
18738
26003
18446
7622
21417
18502
15917
25508
20089
26520
10098
25755
18830
30601
31827
21212
16832
517
7933
19630
20172
20170
25517
20194
28191
31896
6190
16047
27409
746
30058
3766
9863
21060
29501
4118
1742
15223
15356
17591
26667
9639
3714
21036
31732
26169
9506
559
31843
3371
1294
11736
22285
30086
25037
5344
31470
26469
14130
19993
15292
12306
25818
28267
29489
8534
30789
12934
22775
12052
21518
18349
13546
4288
5468
30756
31921
29662
26522
15996
3075
23290
16799
14239
18310
11750
29120
17956
32429
6788
30233
21936
21633
2162
5770
26816
8805
6929
11070
19320
18786
12346
19443
19901
32157
26425
14644
115
31078
2302
25276
24748
9316
13350
14600
20720
22052
5270
12678
5088
11556
646
21452
15841
27279
16956
29738
25744
27211
8824
31962
29643
16050
21982
3045
32369
24639
31048
5070
1846
15582
23355
19578
25040
32249
22907
18669
4958
13087
24181
19842
14764
12677
25897
13990
30955
28672
390
28811
27437
5012
4513
24852
2192
7716
6780
11800
23426
25241
24261
5268
3718
16768
2498
5462
9330
25870
9802
9006
4561
8218
12090
17988
12307
27849
5149
21239
14670
2653
11788
24276
22823
19777
20723
10668
16386
31690
5618
13741
3306
7204
30408
5937
29505
29547
25788
21107
13015
25077
28585
3427
23478
21913
26686
14972
28322
15829
13969
19023
19784
23708
6977
5754
3777
19496
18742
2322
10687
10970
21078
59
19473
32174
7796
8766
23663
7643
31415
8047
24849
26207
23219
25350
5483
30169
8277
22225
22434
8590
25641
14607
25734
17444
13508
5508
18423
14487
2388
18128
23197
9663
625
32334
22978
18332
4475
29828
30357
15754
6524
4606
22561
31985
26168
9679
22013
27962
22637
21040
102
24272
22655
12769
20409
1733
5235
5388
10877
8470
17041
24423
2788
7189
26403
3618
26770
16475
27065
9080
25780
20957
31705
13971
20052
2436
22560
25351
23024
15839
20322
18073
13051
3341
26058
31836
276
8358
24405
26702
27663
6377
25907
23419
2266
32352
8967
1785
21588
27483
24111
6860
21089
32498
5664
2638
17876
30216
17346
9397
27175
32559
31907
18736
27663
6588
20411
32652
16043
5240
9386
11549
29658
26402
14883
19582
20447
12483
23557
5286
24235
16720
5351
16224
21619
1275
16857
15608
6299
32673
31785
22492
2956
6568
14263
15802
11925
13986
24844
15197
9028
7204
6277
5300
3350
8358
30695
12655
3336
26473
2075
23988
17440
13005
19812
30506
10787
3618
22479
24503
3263
20336
22597
23852
29478
14866
8363
5672
30800
26842
27064
7723
25722
15575
31158
15912
19863
17666
18963
19455
24685
20326
7007
20834
23355
27697
14317
18175
23955
10825
3296
25943
11391
8145
31878
13113
10512
6566
14445
19514
16665
17859
2860
31928
12824
5402
10270
26244
5035
24678
12490
6133
26606
24588
17118
13714
22313
30759
31663
5442
22915
2130
1584
27569
8854
8070
21445
31724
28736
24557
13091
23637
22674
4569
24095
3003
15335
31758
11033
8984
15654
7768
9011
5307
13607
15308
1941
16054
15652
3742
4753
25401
8234
29605
30832
9836
15412
13582
2872
20422
13527
22920
29630
12516
17843
28808
11566
7416
14857
10459
16000
4341
32121
22485
10124
14530
14498
28537
27576
9601
3438
22166
5566
7340
19349
8598
10216
10081
21523
28648
10544
8963
25511
1160
21843
24855
26361
27781
25060
8987
9109
22140
26733
20835
3262
31987
31671
7725
469
20296
23522
13631
29673
25936
19568
3530
4669
8822
12548
230
6932
25958
1768
11120
30793
28773
22519
19166
29308
21632
18297
321
6429
7315
28802
12426
13745
14385
4984
13674
10581
9114
19491
19406
18992
27152
24279
17137
29740
542
1348
6723
12271
268
5697
21273
9958
3549
25279
16406
6633
11774
24040
23363
11049
3722
19257
29731
11402
5320
27221
27706
12687
19427
23422
19889
2136
9423
28093
7400
2156
27662
14977
7507
17215
1585
601
3513
2144
8499
3818
707
28789
15758
4256
30980
11511
14678
30801
2782
23495
23788
4409
28839
7668
16104
27718
32105
9709
9583
5965
2403
4388
30084
6960
1960
12163
1145
32310
12292
8440
24906
31951
19789
32033
4903
6988
3811
16752
26317
16281
20511
6887
2292
11789
21760
6558
30767
19956
22146
7743
25426
21695
16797
3909
12585
6463
15732
6460
8726
11530
10650
26324
19691
4384
6842
19202
13047
506
23602
22041
29992
20211
21959
23428
30854
18989
6456
16896
12519
30211
14652
10532
2138
25233
5875
9537
22596
1868
429
29348
31982
9577
30505
31341
8389
11039
4262
31949
29489
6838
9170
2111
5676
3782
27855
18120
5359
5029
1283
10348
14438
8610
186
4828
13943
5889
4197
15205
15380
7504
28789
23414
17938
31295
22791
16618
25106
10649
31786
31873
64
28942
2830
14687
1437
16832
27107
30568
32494
22944
19086
6501
30127
4561
4768
4169
19411
15677
23364
8614
12018
19056
22739
27815
26947
15527
23265
154
314
29591
26611
13554
5036
14308
23645
27979
15302
31644
24817
4359
2980
5970
16884
10441
5331
11282
6098
28720
15120
21236
31442
395
19278
12390
26959
26665
14030
2163
9948
18422
26946
25608
28753
3367
15519
20591
2406
24849
22220
1856
15983
22318
23184
19352
7739
29881
10504
30849
30101
23886
14136
17396
31784
22025
28325
26603
27692
8726
31879
31198
15582
21226
20891
18017
9324
20890
3046
854
5878
20021
23233
20286
20541
2386
3900
32187
11618
19039
2538
6797
23155
28878
27569
28581
10435
9975
11644
11676
2050
20257
24390
16795
32664
1390
13135
11206
16996
6735
18689
26150
8159
10044
25798
18856
20800
3428
22628
26417
9016
28024
26363
20760
6177
27148
15512
27379
32752
18674
14679
29465
13371
1843
11246
32672
18170
1702
11139
28849
30252
644
20045
10899
3910
3442
14667
5498
26716
559
27205
30834
29219
22420
27944
2141
5986
24781
14767
23991
12865
11854
20292
31618
31925
13665
27958
22546
8441
4357
22975
5565
14038
7257
4064
4182
3129
19221
28322
30713
8925
8532
4255
11741
27986
8749
2999
29534
4206
3493
23898
8556
5988
14881
27317
9935
8159
16979
30823
15791
28281
28320
16834
22202
22562
32111
31816
1907
31929
4439
24994
9525
15433
31776
27486
5827
27044
29637
23636
23283
13373
10857
20165
7354
31381
24157
23523
12430
11239
12642
12908
16487
4353
28471
26380
12319
8516
13627
27666
15353
2843
19519
12188
1424
27496
31628
22077
12746
9256
42
31391
15256
28913
5802
19414
4735
5299
8363
20772
10644
2790
4781
2818
22689
3110
15965
13103
16103
814
20752
20067
4235
8210
25677
29547
12548
23402
20770
18421
15274
8592
11322
19009
22100
23037
10217
3109
14189
15006
22360
6594
6656
2755
31111
16992
19389
14557
7813
15165
13349
4564
20129
1748
2713
26302
3560
20400
12485
9160
32265
14190
32633
15947
24122
29754
11542
12159
4500
30086
7223
20333
26989
3992
1904
5565
1631
21296
25124
10230
6397
373
9503
31223
20373
3939
15760
5931
8286
29477
23274
12020
24485
9453
28000
7100
15232
10040
2668
16643
19179
10682
15765
761
8596
26122
27169
4705
29251
4834
20682
8535
29611
5836
17927
18653
24500
18769
26247
18830
5831
13249
32111
5090
960
30909
17841
32495
28371
6924
16261
11503
3212
15345
25399
27864
26451
26363
28483
24473
11628
7400
26482
20616
8695
2087
20189
25158
9696
3000
29330
3545
29396
19909
26724
1926
27093
31396
32193
20653
11749
17065
22773
12530
2441
10386
4720
24957
8066
21019
591
24054
2265
20022
6004
27963
4878
31897
32348
8666
29034
9674
20958
1122
23729
2245
1372
13348
20635
1154
19633
32557
2837
10855
27189
9576
22847
10992
11533
11877
16162
2381
22742
24927
12051
11403
2103
285
3226
2489
29180
30810
22874
4766
18878
2650
19599
9171
23326
18576
5505
29514
7313
671
11751
27092
15359
27460
23561
12174
8029
1492
17725
23871
2161
16027
31352
27067
20399
26956
21751
9417
29505
2759
6734
792
29988
12560
3582
12220
23425
7399
31285
29969
14183
28025
19523
30872
18245
22710
29374
28586
14609
4786
14652
18671
29350
28042
2386
10008
27974
19236
26628
32100
11267
8987
15499
7640
17075
25499
8639
17202
16747
13140
16034
23005
25816
27523
5349
19572
3205
13953
3322
3825
21419
11378
20669
28177
27425
18831
13773
27368
24778
9765
13556
25589
21198
15950
26779
7926
2978
20985
15672
3525
30048
2876
5553
5258
24982
23167
29209
27914
19796
4687
19846
5635
29161
29007
16474
28668
6544
4584
24703
29114
20378
12400
2821
16667
18766
16319
19350
7354
32156
29615
3410
18441
14263
27684
27676
3974
16744
29424
13975
3965
29011
13603
30165
9492
23597
11696
15467
20954
2752
14478
28360
15780
19051
28011
8498
18946
14684
14457
26168
178
1581
23651
23549
21752
21133
1908
3198
13095
29352
2084
25752
30006
3580
30150
4653
32250
225
1948
11005
17187
8032
16228
1526
16018
6654
23098
30721
9707
13083
20367
18848
9436
18274
23241
1580
8017
1648
32043
10710
10106
28743
18231
7090
1776
4972
11985
9438
30159
18024
32603
2196
20
20272
23599
5310
9174
3362
9032
10141
12086
2359
20998
28780
29048
19435
14534
16559
24382
2581
5217
6951
3441
27953
13720
27635
31897
27550
30982
27366
969
13273
19333
18939
19162
30991
18187
23176
28397
24389
938
2964
26460
26467
18002
25758
26044
8263
5021
20577
24438
1187
8118
24986
4097
19723
357
14916
17810
16794
23078
25822
734
15681
24570
3844
27986
3907
4331
29865
16579
20515
18897
18259
29068
32359
9686
7594
15613
30559
865
20220
25477
22393
12524
32079
17635
25770
23238
25735
28941
32045
22967
517
14099
22829
16000
27511
31329
11649
16103
26693
23228
6468
10484
2581
5063
6778
12671
29103
9385
20943
13452
24579
21426
13811
4917
4572
5370
17429
20334
21669
24637
6175
2070
29689
24441
21728
31994
8357
10734
8194
22030
24073
385
16025
30234
17294
12586
25394
3128
18962
20924
9823
7653
9928
18353
576
19088
29700
9889
13459
27972
3759
32544
24115
26344
25243
4617
13312
12424
13336
21326
13508
17468
28718
29604
26997
9220
18773
30597
15130
551
16882
27537
12767
28330
23489
15311
14419
13638
9619
22690
19382
17155
7555
4828
2314
30323
21830
2373
13119
1036
31165
19369
5000
27250
15475
19488
603
15341
20359
3997
22220
14031
2437
7415
30846
7131
18517
6474
16645
32089
13545
1646
31238
3414
7041
20001
32110
21885
6786
11961
12690
14462
20886
21621
21963
7746
4308
27491
3891
22364
15127
15952
31568
13578
13731
2564
26282
2006
24722
9632
8483
24758
23146
8801
27237
16461
7067
23412
32745
9793
3265
27533
26983
11072
15253
2609
7785
14076
31909
1516
18773
13115
17054
23465
12091
19009
18600
16532
25582
29480
10474
26358
3706
30487
9709
20769
20428
28148
25196
7013
27343
19776
27015
2004
953
19758
16314
2470
12266
30193
3257
14514
8664
3398
14301
14867
17157
4094
24138
5621
16135
19719
386
26413
24785
10650
4169
9551
17014
10103
514
18912
21390
30582
13288
326
24753
5250
23869
16545
18980
26779
21216
2971
22027
9550
30289
28018
9423
4673
14228
23227
20067
12292
30054
22551
14010
29999
1542
28297
23286
29654
14464
27863
5370
30583
8128
28367
10654
5555
11952
6395
10898
19364
8757
16947
6148
19950
30352
27405
1735
22657
2808
30637
29882
19667
30860
25325
24728
16603
9194
14146
14392
2660
31796
11370
3722
5596
19487
22803
32751
8438
17101
5350
9212
26821
1325
11219
7655
20317
26294
8437
5526
21200
21579
3409
4603
28692
5496
29066
26256
3676
22958
19589
19674
2942
894
10681
688
30167
7780
29782
24099
7107
15672
19114
10177
17701
10940
17189
20839
20169
26974
21320
739
2388
14903
9983
23547
15090
22337
2828
1397
19044
30826
19297
12318
23569
14553
11802
30674
24187
197
5375
22657
8328
13246
16673
31921
9843
13840
15460
16520
23787
9515
9978
2230
15797
9832
3460
28921
5683
32432
2411
952
12894
27044
11826
2950
3364
4771
80
13432
2065
2611
13773
4533
14757
5392
17302
7897
5789
12864
18500
14199
21653
13678
16391
1080
18771
7776
6279
14311
24508
8049
13643
29906
8669
25627
10641
6788
26790
1839
28808
14084
15791
13030
11497
12082
17549
17601
735
17605
18582
19665
3230
18029
4477
9963
31385
1159
31443
26936
21623
12742
17204
31809
29685
21605
9857
30668
12805
1092
15399
29164
2589
29980
20638
18603
10432
30997
28829
22345
9306
7116
17809
11457
2938
20931
23200
6800
32437
20638
27404
15447
13387
1426
3298
29043
18843
7693
16456
22768
22760
537
26639
13679
16117
29258
6336
3418
23823
20838
24967
17597
25770
31909
23289
23332
14319
14248
5997
12236
7756
4667
15070
30629
18943
6980
31850
8951
10722
14988
3531
18947
3667
31814
27423
3708
24673
9985
19485
11926
1178
4789
18499
2320
4588
5226
27170
4613
1314
20731
8434
24583
12812
15775
18919
7633
17887
2443
19465
11579
25277
9437
22812
24705
241
20945
7118
21458
30950
4339
23064
32366
28154
29642
22889
14756
7681
29581
19407
24219
30952
9776
17432
29214
13012
1389
29942
10776
20618
21458
19166
15444
666
27212
19051
20265
23377
8956
16888
29416
27152
11126
18652
32684
1782
4881
19736
8203
5992
21332
15472
27497
7987
20938
23498
2098
22438
24061
11171
29067
29349
16089
5444
15897
31542
17100
10718
3354
24223
13864
26552
26750
15010
28465
18016
14783
11691
721
11612
11125
21836
9276
13159
29612
16867
24837
17719
4133
5199
8482
6657
29664
16383
28654
28335
8619
23331
31503
28976
7239
30010
4979
15144
30749
20425
31571
26817
2607
22359
8040
19562
27076
18284
24887
27955
14883
23656
11652
18771
378
32351
23781
5654
30592
19200
28707
27219
22505
17707
14645
22823
29395
32299
4587
23990
4413
20909
4611
30189
23548
2074
31289
26684
1179
23209
7401
13957
25898
23018
1189
19776
2409
15279
3097
24048
24764
18067
2082
24315
15903
16364
19262
29585
5798
6730
6508
361
13899
18054
28487
27925
19483
2258
17703
5118
26898
3866
8604
30719
11142
10856
29053
29556
30876
21445
7793
10280
14807
15179
8045
13867
24171
24280
19273
3976
3916
14097
21319
4228
3886
13310
23100
26994
27958
8648
7556
17870
22870
10505
28307
3452
19035
27452
21205
8340
28777
13115
30593
22713
23532
7068
9109
30946
19907
23677
20826
16821
15341
20901
26227
18793
9158
14711
4586
12395
17099
29599
13810
6243
22744
6031
25186
8277
3645
22571
19652
21298
26108
23652
11106
20237
18514
10798
8415
26830
12176
7873
15811
19664
24614
11498
25308
13827
20238
23966
28515
13248
8611
15640
18083
24564
19567
21942
17995
15053
4086
3247
9267
18204
27962
30523
19225
21324
4019
15048
6292
5435
32448
23117
29238
24510
25127
23323
11045
2218
23443
16538
4293
10644
31966
25415
159
17764
23646
14337
4218
12595
2556
27612
7496
19614
2583
379
10383
22346
1082
16932
9877
22771
24344
7500
26413
31720
18996
14091
13739
16485
964
3164
29981
4031
18217
2300
19911
22377
4036
241
9578
32598
20015
5583
6862
2783
14407
16509
17533
18456
20273
15639
617
27833
4233
5657
2416
27190
25546
27053
599
5745
29023
21530
29766
22205
14758
26640
7486
21919
21718
30251
22522
17304
7330
22938
27334
29573
32388
11840
19294
26609
18416
25591
20182
14809
25893
10435
1407
27454
1968
5248
4972
21743
29347
64
546
4335
11545
25181
3111
18799
20956
30285
28007
21870
23359
9840
32601
13173
28955
14779
31268
15752
11292
27142
22785
9797
183
32567
14165
13539
7099
10932
30396
21014
21733
15754
25977
22059
24673
23391
25375
26370
23207
201
22762
20014
30669
6766
32048
21387
30075
10215
14141
26175
948
21984
25003
15912
20383
28563
1479
3299
14205
16520
2297
2784
14514
17331
29953
23275
31956
16986
20397
20893
22002
3414
7976
19905
29447
30784
14148
18058
14242
22204
7932
22823
27067
15212
13808
11751
32682
29652
28459
7787
3256
21106
25105
17187
31286
4003
12581
15436
26823
10883
8596
24537
3313
7542
6934
18068
3268
6924
18366
28281
14569
20662
28919
29556
22758
3578
21857
22336
6721
13950
32378
7478
10206
17900
6227
5599
26312
26655
4289
30307
6757
6787
8182
20442
27358
701
3066
29033
10274
23117
11316
25102
3998
12438
14414
1569
30664
7958
6252
27341
28135
13557
5010
5103
1434
3991
17548
28117
17422
23588
24109
7375
11631
10106
24136
32740
8267
3374
8072
8336
4127
25990
22848
15644
4143
16824
17613
5833
26550
26353
25788
11823
14062
30926
27484
6308
22376
17503
30201
7800
8516
22604
30493
11102
31727
8822
26537
9940
15673
23370
3094
15848
26056
11438
14482
31133
6165
19137
7363
14406
29072
15808
20533
9529
25626
16218
25336
31183
24528
27438
6377
22725
28678
18948
7347
25794
26447
368
20131
3222
24892
29485
26449
13400
15663
23805
6855
13719
31008
988
27818
25705
9507
4327
11438
20283
938
9475
2021
22632
5061
15176
5297
5567
5116
22353
210
24721
6240
5899
1308
31437
32691
16578
10520
15329
26262
26305
15479
12279
16061
24834
9987
10432
23012
18872
22536
8906
12105
30179
6670
6442
17570
11914
32616
19658
2187
11870
4866
741
3420
4586
13997
4358
4089
5690
27175
24362
4364
12661
32248
2247
5360
1772
15114
29759
16362
17086
6608
16175
23149
197
266
30755
7936
1420
7386
28200
26206
7416
30544
16809
26139
29307
2228
16846
29595
5313
16656
5634
12735
18092
7091
372
16551
8754
23846
3609
17240
32311
24720
21310
18693
1034
6196
14123
16483
18589
18741
31874
1069
16000
17818
743
19479
8522
29302
638
26908
6568
8323
22785
24200
21931
31306
26948
5079
9921
5488
32763
19268
2918
31495
13482
18863
22352
6738
27482
8459
27004
10242
15071
22869
12525
18647
11085
4583
15613
24085
9848
3692
594
32096
379
16186
22241
18594
28856
12590
6154
19966
32145
28060
19942
23643
3929
27005
19555
2113
14046
19159
11818
28899
6486
4604
10315
27183
28992
17415
16333
23880
18932
11311
1865
8539
11347
21127
24845
4539
30993
16511
14289
12120
20985
6680
22330
2761
13020
10399
1818
4043
29278
29523
25829
26480
10127
22208
12109
3457
25156
10162
28702
734
28595
25754
30535
15779
22494
3760
20289
15967
13278
22612
22542
26394
25072
13476
6461
9499
970
9987
1387
24118
3512
26657
10741
24224
7387
2976
26701
21265
20053
19683
9955
21004
921
31908
30607
7347
10814
8698
6939
13746
29072
10380
6907
15850
14153
28573
20591
16136
19891
19423
3792
3612
31776
28796
31060
30400
30376
9776
4511
10959
21289
22479
5696
26237
648
15884
4316
9762
11828
10143
4629
8763
15810
21583
21200
24898
22532
14854
29795
27019
30253
9350
27641
22011
21186
27443
15760
7766
13030
26738
25989
20097
14980
21704
6828
8532
25723
4802
16302
2639
2579
15847
4411
31363
30738
29861
26475
23496
4406
20802
18311
27368
13083
28200
31566
21175
28536
17099
10626
9213
3083
233
28967
7027
14604
12314
26798
20531
23013
8111
13414
14476
26168
7208
10028
18823
3424
145
13773
16344
14421
14933
22365
27200
18813
28871
28502
26235
14576
10341
27864
25718
6604
7088
643
27074
1488
28181
23455
22878
30087
32472
15730
28079
6046
14818
32257
16781
17056
23391
15871
29858
19882
23619
26324
16779
13683
5646
13362
26428
18732
14889
9750
22940
10854
4579
9316
5467
16737
20972
22950
16753
2814
17709
20134
32265
1012
12470
24497
6302
23807
16812
5918
26167
31356
2615
8046
9827
28653
31817
23539
30467
17454
3646
12043
21069
32245
8316
20848
29346
633
2865
29838
8071
18962
16277
3766
16580
21684
21444
27280
30218
13364
17743
26713
1617
24390
21339
16410
19841
29376
31078
15714
29127
32005
27885
15346
4395
26106
17157
25976
18933
10448
31642
10297
9907
26925
30330
26515
28801
32599
20723
17105
14060
20473
32102
24695
14347
8222
11204
11701
17925
5709
29367
31438
25949
30839
7718
19687
7818
19188
6823
19606
9784
26477
4654
7127
22081
19023
6921
4714
25740
21304
23023
19989
17704
19893
4650
27789
3913
10769
24488
1766
25825
28308
18595
10977
13900
17845
20974
22756
15376
32100
14029
12147
32740
535
15896
1631
26346
7517
13880
25965
23865
3871
1719
25964
17093
31306
136
24259
4244
16375
10885
7042
25091
16259
9633
16463
9921
17882
24024
28714
2499
20422
31159
7555
16770
16562
13698
18205
2179
15724
27002
15114
21020
9553
4294
7670
7496
17127
1737
13299
10825
22786
11685
21098
2466
21631
27496
16355
30445
10569
26280
4801
16970
28517
4702
30867
2797
30638
15627
27954
3181
23459
2317
4303
26182
29934
4940
8107
202
20212
10835
7209
601
10452
20739
30647
16260
27479
25909
801
16058
29126
29701
9620
8523
30326
30300
19135
18784
29372
1333
16444
18151
6037
7665
9946
16042
21579
6002
29766
10650
879
13803
10118
10985
26885
30635
3043
14520
5915
22617
2190
20087
2202
625
23798
5463
29149
5738
23725
15155
22565
28372
31378
18297
32624
7649
7705
26856
23129
7036
3519
5628
3619
27013
4666
8743
29066
5482
27449
23844
267
22002
30054
8690
20074
31830
4285
9537
16363
24323
1635
17062
10592
9806
5806
18414
21951
5972
6275
30119
25653
6623
28558
23614
7167
4250
25036
25735
5485
1726
7295
26861
28223
24778
4253
8283
27317
32436
17265
1888
12630
141
18925
17658
16624
17923
11593
10745
3336
2325
21629
13744
20046
21163
32471
10479
22760
26535
5844
10795
5847
26353
7017
983
17630
3772
29394
436
16821
8126
32000
29072
18100
209
27554
5560
21719
9041
5603
28923
8741
9564
8259
30934
13642
26115
4825
22711
28912
22846
11853
19393
28796
32322
14267
28566
25477
21999
19031
19844
12911
26825
11917
26152
13351
5911
4523
17546
11295
17969
15821
24957
13110
20137
30976
21239
32587
10026
16475
17018
17301
13205
1559
12983
27368
31746
28722
9428
22619
5061
3105
9495
2749
5576
11438
18310
23505
1193
22984
32356
4000
9421
28158
5234
30910
7313
21388
4313
12776
20923
7028
18755
14734
6194
31635
22722
10082
6432
28909
3499
13258
31007
13430
12809
12941
28101
25428
14971
2614
887
28827
25100
17874
18215
23981
8246
9854
16457
23862
8138
17322
8438
20178
6677
20745
12446
3670
15982
2761
21205
10789
11751
20165
7113
15697
24209
20230
25683
28784
6229
28660
12157
4255
14269
16129
10608
23563
25337
16699
12749
6602
28326
8530
27745
1263
12467
21016
4209
15964
23471
17989
14612
23456
21834
15532
14582
32488
13833
18380
3883
12227
27636
31753
21582
12042
29399
6422
31614
10274
23854
3504
16719
6564
11172
20774
24021
30604
9179
30068
24525
11812
7922
7519
29164
25925
19522
18899
18403
26858
30336
4714
1315
2079
14750
6839
14902
29624
15055
8494
6385
9064
32076
6325
28459
3529
8261
13152
10234
22836
18689
19615
16030
12310
19265
22396
9093
28931
2219
8039
24599
9691
7305
2528
24554
25047
18265
20669
32609
10199
8304
17622
23732
19887
2885
8431
26597
26698
29142
31048
8110
10068
4560
591
13279
27323
24564
10036
9702
15054
23617
6381
26342
8359
9229
15821
870
27110
29318
28980
6377
440
23804
15876
10925
740
23498
19747
21113
12358
11448
13676
19466
11192
21136
17842
11432
9255
11531
28026
23425
8086
11733
3023
26468
18651
13293
5268
10995
917
30164
32548
6011
14220
11804
9813
15205
20745
30281
15793
490
7901
6896
18619
12318
10435
9099
16480
27900
9434
23709
20574
9105
15731
22312
13620
7116
27229
5229
32542
22054
8231
2702
25272
7908
27519
2909
27030
20323
16783
9263
5248
16883
1188
18675
6451
3080
17663
14065
16825
14026
31489
18087
30443
20324
5045
10856
20902
6264
11575
15896
19022
27240
11330
25563
32558
10980
19175
9215
29225
26386
21939
17233
28688
11171
16122
28775
5655
7354
12715
831
3081
1239
8511
10
2761
26748
23481
27248
16433
10463
3658
1056
5347
19043
356
1903
4645
19801
1040
10998
26328
21983
5362
5793
10938
24859
6999
3208
29615
1203
775
19919
27505
12190
19263
18989
17550
32058
17948
23485
27478
6317
11194
14373
6551
3305
13231
30204
21732
26097
25846
31965
3726
17283
21303
3743
19821
4647
29574
23334
22386
32196
15174
30813
30576
13285
1902
20268
6128
1710
20307
20954
24244
9831
19333
18118
20179
31856
22945
29988
9562
30110
26084
25358
31319
1438
29669
11964
30158
30605
3268
5958
12431
28129
13717
11701
714
1032
1477
14888
12635
19016
4319
32079
5038
5492
31285
5942
1947
3659
4459
1031
28942
81
14637
14764
5805
26379
18751
25390
6144
30344
10788
16717
17670
364
2430
31541
13370
14164
18520
9996
31985
12039
10522
28077
6817
12603
1737
28253
24331
7004
29380
12392
12058
17138
4298
23236
1702
27953
1200
30108
3590
9342
3591
28210
2289
296
4985
13910
16092
31417
16091
7211
3428
24912
23086
9201
11293
13315
14499
19632
29301
451
13227
16223
18196
13867
11918
3627
28181
16664
9134
5750
6256
12034
16
12658
21513
25272
16301
22638
9854
16092
7149
8589
11871
30709
16137
5785
19933
23632
2346
22963
741
28087
12764
21751
11929
19285
7940
16156
29092
19233
31067
21496
26628
25604
2318
6919
6147
31867
13376
14882
493
5442
11775
2861
3103
13576
11400
15772
20471
30167
19607
30947
9435
24564
13013
21579
10982
31477
25364
23725
10916
19487
22194
21313
15740
28860
21648
518
12882
27733
25690
19617
14607
28042
21135
3859
24707
23916
4652
26918
29258
22096
12770
29225
25638
32692
19352
32327
32706
25730
12886
18599
32219
27199
25449
28940
7731
13523
3059
3846
4623
31067
26609
773
19090
28785
29964
15217
31354
16569
19957
17539
12997
21997
13352
31205
23487
13185
19327
31080
18081
25170
3017
3439
17893
26551
22581
2483
12821
3305
31143
5248
21041
7605
24935
14173
29090
17366
29053
32216
15289
16525
21394
22049
4903
4125
30054
21077
29373
28262
8999
26992
30651
11557
29177
12935
27564
8363
29368
18620
25040
29396
7891
9103
25760
7455
23641
29776
8419
26032
5695
28942
4226
11236
20786
30229
3584
26455
899
4682
30181
29270
21998
27395
2245
205
5198
28938
21124
26811
5525
16618
8471
23881
27255
2364
12768
5717
105
9893
22014
19586
26301
13624
5227
14405
25003
5351
16265
12332
5668
6380
24930
27657
24075
5274
32547
729
24981
21745
31440
17865
28967
25155
5807
14258
20884
10483
10322
26945
4284
15627
29735
11746
22995
14216
17066
5004
24850
6264
25928
14020
8169
25799
4538
31958
20955
25389
16849
7623
23785
20359
2518
9767
27035
25157
2721
18266
87
10965
22917
26275
22161
7823
30094
14731
4873
30018
118
5254
12458
16264
32370
15544
26113
26158
29361
17334
24879
9469
12738
29810
29033
19862
30184
7528
27893
22446
3604
15934
13858
28785
3470
20669
1757
22588
8103
27083
28722
32433
22797
235
5691
9524
7543
27317
12788
17471
21671
17684
20342
16597
10381
2984
18240
4132
27443
2363
10847
25375
559
23042
14012
16550
27579
24184
17121
14385
17882
24394
4268
15282
20583
8410
6780
4204
23750
27573
151
1421
21249
32535
20106
13594
7160
20074
20056
4833
19071
20646
31018
1013
6679
1891
24728
15270
737
13439
23926
3043
19830
16153
28863
1618
28707
27243
14184
4269
7657
28503
23537
16791
22424
25635
11970
32117
18421
29855
19554
599
29291
7493
11511
22645
21986
8053
13129
28314
15765
18750
26850
11475
30573
26370
22597
209
21719
7712
20785
11121
15698
3033
14378
1100
13491
11402
18177
17486
17590
3504
14637
3593
7286
10838
3004
25709
23693
24190
23785
11574
743
17869
32220
17384
19200
16622
24638
23720
25720
11368
23761
12334
20494
8224
31570
20424
2238
1002
14470
4988
5554
26270
1133
14700
4700
20441
25431
510
29152
19390
22846
21233
17698
18052
3500
11311
30932
20858
24336
9702
13779
7314
557
12786
1956
20894
30182
17037
27413
1321
22540
29968
4571
9072
19315
19974
23872
15375
27071
13680
7051
3063
2431
9013
22000
18114
18463
16124
18591
1052
9272
235
22808
27906
19159
3887
12883
15141
28509
15710
19819
8112
24156
24457
29778
16412
31621
8773
17747
6442
13383
21410
16441
16142
10288
26077
28457
1736
30313
15784
25713
21922
32575
4198
18675
6091
9516
31615
6587
7397
18410
2572
3829
5600
11114
3281
27594
30833
1583
8648
8018
32328
10640
27990
29099
30687
28247
319
10999
5035
22216
26780
31411
1098
32161
31829
3464
10481
26924
26516
13371
25272
14980
15183
8817
19092
2192
4125
9885
1956
12791
22072
18390
30940
11598
23454
15905
29004
27403
10689
32647
25556
9362
30999
2774
11743
20820
4953
3903
265
6775
27070
11447
30997
27606
5457
31880
21374
22021
28152
16614
21534
7058
18693
26660
9788
184
13311
29201
9483
1103
24615
21491
5042
7712
11483
21798
20190
30622
16326
23128
16062
10474
2296
23331
21964
2764
8265
30254
7957
10798
27111
22200
24065
8846
7548
19825
577
22295
20182
24030
26393
5940
14800
6293
29775
26214
15509
28908
20828
27242
16353
9817
17687
13388
4376
2114
24714
25945
22481
32481
28526
2074
1424
8723
24234
3249
4134
14868
1599
22251
17377
18982
23637
32003
28395
29993
14894
9576
5387
16189
27597
6765
28386
14087
2078
15807
5962
13611
22395
15374
29635
15159
5518
10930
2189
9352
26277
28990
24507
10114
30584
5906
21692
30260
14988
5996
20397
5597
25574
15997
20434
12294
32239
4849
4374
30524
5185
2650
20014
11141
4708
25075
14900
27223
26326
25991
29613
17526
8144
30150
20609
26669
17497
21749
8588
28178
27373
21522
509
28600
29162
30812
11750
2553
22563
31641
14806
28186
2373
8932
2729
20230
1793
18067
26748
4397
23670
5485
16873
28878
10131
19301
14559
30258
11518
19904
14488
31957
27538
18245
26058
14473
4696
4236
28299
24774
25914
1493
25451
9283
31806
12362
31762
28523
15503
3256
30792
3787
11586
15025
706
794
5090
26954
32293
29316
19928
7208
28627
20608
21460
22278
9265
10011
26238
24398
30997
8142
11932
657
30702
29035
18863
6645
32410
15347
24849
27864
29058
11123
3649
28629
24464
25543
5031
1675
26535
12837
10156
8747
331
12827
5265
26552
31695
29243
6347
19022
8445
24523
5066
14853
21461
15823
8517
14851
15248
5753
23818
28147
32101
18909
22334
25534
9484
22110
4325
11948
17565
21415
26778
7328
17819
6710
14891
16794
10236
6254
16363
5870
28723
6112
22423
21631
27088
20024
30774
11499
13574
25286
189
25991
22860
19197
3967
32716
15350
16523
6006
8519
17383
6209
6002
6528
12321
6877
23508
27570
8565
23650
23180
4927
13958
22625
7877
8702
16231
14235
7231
27639
28344
9395
19183
1105
2155
24552
14716
19130
4957
5970
16847
18140
12214
30025
16121
15159
15593
12873
28267
3598
18361
27658
4868
6673
10343
25628
10323
28017
3961
3806
27342
12849
26765
24738
9634
29270
14377
24320
27913
23373
11006
20343
5173
22831
1496
16880
11107
986
25580
8166
10594
25029
32598
23131
29416
23646
19545
24527
14709
9844
261
20585
21909
12944
20195
6831
22582
32555
18091
26373
3166
14134
14782
1729
637
9226
12588
4981
12731
21487
12963
18912
687
5476
2809
26175
13393
9319
30645
7613
6490
28735
1777
27410
5008
7771
6937
7839
18732
19906
31260
8184
23980
25434
7334
23682
16631
22609
3609
16078
25770
22156
20834
15471
23563
9096
2601
13723
8342
27605
4589
21831
16905
2150
8147
32311
1669
23097
22365
21640
5814
12398
16737
7485
15341
2681
5221
6089
16459
2509
24632
17723
20724
31227
18847
2508
31642
5465
20582
17952
3725
18465
4732
21623
15507
6497
15095
26828
2570
12745
24316
16952
4923
24067
3064
14883
7442
266
21007
31857
8658
8815
8277
24824
10946
17412
30252
8448
1738
30183
3314
29782
4992
2096
8674
3656
19461
19633
29422
24856
20242
10547
29933
31166
31601
31976
15181
13577
21198
24186
830
1946
25624
28601
9345
30151
22202
14384
22672
3832
3455
29935
5389
17468
8061
8946
21344
29169
13541
15501
25352
4476
4089
15801
7432
17861
26838
16891
3879
23387
1163
7910
6178
19970
22300
21576
333
16767
30193
17161
32761
26630
30660
14728
1409
4723
3370
114
23132
1003
3204
22173
30923
30997
4843
28140
9794
4316
1110
21347
6007
9208
27640
26190
24335
14827
14322
31807
13593
32679
21669
15661
4531
22356
12044
31894
4901
2954
31813
18377
21221
11117
8307
22708
7788
8755
2207
22234
2846
29980
5308
7224
7038
17042
6502
23569
15686
29410
12839
8104
30691
5076
1558
4138
28629
12326
14086
9961
