12310
12707
18961
20930
8837
10628
6567
27414
21139
9630
21274
9364
12534
5938
23564
17602
1254
20934
31677
27675
10412
1176
23630
29650
515
1868
1821
6217
16170
22043
31840
8803
3335
20185
21726
4352
32133
30027
9127
8229
4932
11985
8521
19362
7744
11007
19942
1687
8666
25726
3235
22525
6146
32005
27759
22778
1696
13572
17473
18604
23935
29211
27942
18399
18887
4752
11640
7527
6744
14696
26593
13264
4910
19374
13135
29808
9873
13673
30599
13788
18335
21302
25767
8718
31078
29239
27370
13263
8355
8497
15781
14728
27698
6746
30526
16620
18872
16743
8296
10053
5943
21792
5880
11300
24085
7907
25936
25603
9277
10189
27601
401
9129
6805
27158
27050
16867
29381
16249
23530
32146
13218
11112
15893
15068
12083
30680
26438
2867
7768
17865
901
12265
17596
10574
24546
20661
19610
25848
2364
24018
6356
6546
11463
3705
25624
28765
9241
30612
26195
23438
12377
811
1582
19783
15035
30354
8196
16242
1667
21759
19763
23617
25645
6187
27620
8058
5737
8132
14592
7907
10932
13376
580
16673
10710
21642
10022
9850
26251
7541
19504
1187
22039
31403
4355
32172
8002
28768
23420
822
19189
14829
7906
23201
20073
31682
18033
15940
10588
17955
22709
30038
32465
31641
15328
9689
30806
53
14083
29239
27496
7531
6237
3709
22184
7091
5473
27526
29774
18938
3237
15241
28801
5949
540
13585
5924
1836
11423
7133
25625
24711
31402
23297
30783
13505
25537
6855
12925
24168
15539
18565
635
29354
10713
10381
25296
17602
18413
2049
5970
5856
28353
20228
30441
26989
5439
28836
22034
1335
29121
14991
22837
15884
24490
8026
5942
26036
17796
29235
28911
4246
8886
17761
11895
12735
26395
30321
9675
4479
3500
15456
15485
3617
26711
27857
17393
28331
17764
26211
12078
25370
8573
26869
20837
22083
8204
27624
9577
12164
8281
15619
8987
27872
26056
28479
3833
11053
30650
18359
3139
25436
25561
11824
16656
21901
20560
23961
16194
20970
7003
5141
4572
25852
26107
1392
21032
24459
4712
30776
24823
7364
10999
27451
4843
28264
6621
16943
1095
31400
4894
20161
6086
31005
5824
9804
17394
20191
20799
30487
32548
3587
7515
1254
31692
15514
30656
17214
7487
27885
31834
15753
9827
22704
1297
11196
26915
2613
4573
28843
19285
12644
4822
11962
22772
31877
30552
3010
5864
3661
9410
19917
26981
9964
23341
28718
7248
18402
29056
5155
19861
30284
25111
13388
6758
26698
5222
14487
27401
6642
26978
4460
14248
25454
23271
15900
9581
104
11225
5627
20810
1614
17413
13179
27088
27355
30529
23345
28127
25764
3284
26341
23386
29251
8720
7052
26938
4690
32464
21704
23080
5411
16250
5019
9889
8271
13117
20160
4270
5308
18224
32716
753
15213
30695
30216
796
28569
24831
22547
7252
14198
26008
28809
26884
31943
8579
12362
23517
31287
22839
22262
3783
2394
22278
6437
31934
8426
11163
21296
32162
25137
15228
21151
23595
409
18961
18099
30461
31239
28520
19285
1683
11231
29238
30223
14556
18898
31036
26435
20329
8828
28211
3880
741
23885
30655
18218
6882
22895
13525
1362
27501
11557
15185
20714
28986
24223
9794
5785
16677
27899
26594
28902
18804
5875
4088
29231
8701
23587
28625
8421
23226
18053
25782
20839
8368
27512
21336
21953
20459
529
31255
2822
20621
5148
21885
18753
12629
6943
13715
5676
26571
7905
6849
19388
1385
28024
32634
23208
15628
5081
21639
10990
11508
12189
19226
23924
1624
4645
18631
28730
28053
7699
26786
18527
20205
24209
20603
28838
10232
27670
8760
18421
8594
6672
17535
24872
3663
26539
9138
24201
19240
13003
30364
18650
14539
22723
21796
13847
28688
16341
14895
2435
3363
23228
20183
20403
7805
9853
25565
4914
11018
15518
28304
15202
10078
16944
31045
10187
27384
1445
906
21554
5905
24563
29131
30137
25727
7650
24318
166
31072
14105
29556
20677
23838
3520
18678
2796
30070
1816
24957
21228
7313
8582
9525
28045
2662
9729
9547
4416
10380
3111
18854
16351
32580
17910
15348
10156
9592
16141
4660
26804
15380
12472
6241
28103
32669
27961
32147
4183
17415
24512
18724
25676
30484
28713
8934
17926
19351
20484
6634
11822
28735
2778
2345
5518
6087
23271
16270
27617
31395
9173
12832
29428
1916
31541
5407
10088
16798
29920
10585
15710
15617
27828
21463
16754
22660
31053
24173
3970
29931
22821
22807
27187
27726
20125
14869
26899
6750
17892
329
30390
29583
18518
24781
29345
30305
23752
27662
18781
667
3113
10297
22963
25026
2445
16993
11541
29207
1854
11352
16266
10363
27613
12290
308
31566
16850
27526
22969
15151
28194
10906
10647
12261
14088
2671
18540
5726
27856
16472
24475
26690
20925
21474
27678
2327
20879
6899
10753
6657
8981
7928
23388
12358
5969
18397
29376
11620
22146
21804
8485
4479
6108
24120
4767
9365
9880
10117
13801
13001
7022
11218
4133
26594
21414
8724
16606
30002
30041
30038
23212
24944
21892
20528
25405
9722
31774
28794
31810
18827
11902
20235
9231
4458
16464
8393
19742
24515
24183
3444
2175
26370
17594
3730
25457
771
19187
29135
19539
5713
4677
1599
28576
29148
15048
3168
1126
1040
19654
6103
17120
12312
10787
1074
1028
18100
17543
20159
5266
23876
28752
11751
8490
32697
6367
22536
654
15855
4029
23470
4881
22489
16809
21584
29365
8368
24210
9352
14763
16138
29638
3795
16298
23513
7346
2323
7903
2456
12277
26411
11176
5543
22040
17645
9562
26181
9907
16291
24156
27913
3185
24473
13041
8468
21772
9797
3027
4708
31517
18752
24462
12033
21000
6559
7821
13325
23494
16287
4181
18644
26367
24633
30182
10579
11928
3580
11250
2361
29434
26460
22818
9465
9694
30173
11271
31873
24070
26613
24816
25821
24548
10226
8857
26861
11752
9535
3098
29728
12318
18887
10378
30886
6741
18522
14766
11185
32066
6815
26754
2856
20338
7852
32526
27173
26278
8305
12527
21576
29736
21418
32570
26714
24487
6864
30514
5423
19137
6241
28280
393
29242
20214
32118
26416
25048
21137
7696
8499
627
19580
20171
19859
20302
17285
32719
19422
6555
6377
7358
22190
22359
24271
7677
11581
22213
19555
25757
32486
2699
14600
25071
21580
9058
4198
28077
16338
7251
26157
13399
29929
58
31788
10379
29264
25992
22318
2527
30151
22833
14879
19630
31938
26063
12250
8262
10791
1206
1298
5403
10905
1242
26787
10926
6112
30653
6720
28786
24973
30066
19528
18164
15528
10374
23884
13921
6394
713
10828
11012
25354
18716
9604
18849
19999
17630
7
30681
26197
29482
14914
25143
26339
24707
974
9771
27328
8766
15770
25347
5293
27184
7026
8913
6968
17387
17365
32356
13008
19984
25893
31171
1255
20016
31155
9386
31545
14020
3010
15991
2726
29379
1559
1010
7552
6025
14010
13106
6110
4909
15426
14530
21913
6001
16795
11977
11138
1810
16138
11582
877
16161
7989
5230
22392
15592
16879
23702
19514
22107
11286
9900
12235
24202
22630
19638
625
1817
30123
25719
27450
22737
26667
30653
13677
9438
26639
19215
30611
20856
2642
9007
5995
23831
11115
18441
27866
5052
10170
4963
7617
6609
14162
31427
27792
30238
5630
6829
22060
25677
16121
32154
23446
17586
29002
10740
5822
18041
7205
32168
17958
8417
25405
12048
3251
29826
17705
31480
27708
13307
30361
12636
3523
13707
25575
20377
8853
11346
2743
7967
11185
4283
22079
31667
13815
24248
24468
19065
14706
7186
15082
31458
11891
1833
9281
4552
7560
4898
29734
13153
7471
349
3997
22918
21594
29013
21107
26524
251
30326
27975
12359
29326
32306
23067
10723
18709
7693
9971
27608
12178
24894
1917
12148
3611
28323
30662
30944
4509
19527
24566
502
24286
1721
28569
30857
32077
12074
24944
24795
27745
10951
27942
24614
7277
18410
10489
6800
32533
17248
4339
8748
8770
8353
23468
12029
7098
21393
32445
21694
27500
9621
20625
20315
2475
27642
7404
1009
10720
22900
22079
32536
17693
9265
13559
1128
12253
24817
14132
28949
28068
6299
3781
15104
21570
5455
3534
7807
18427
3458
8399
30744
31548
13995
2430
29137
31135
6817
28394
25104
1204
12253
7421
6633
26875
23782
11060
6530
18460
2257
16388
30778
8099
7188
10710
2218
11951
14820
22364
5395
11400
17617
13886
9738
16294
25148
2493
6776
16171
29325
22937
4991
26879
13478
18075
192
484
14908
8901
7708
26393
15482
24878
21758
11
18121
26748
5414
13167
17330
10219
10595
8140
5040
7157
27528
18375
28989
12253
22748
25047
11580
21654
7740
28915
3516
21438
6404
22978
22130
21812
16736
31447
5497
22854
10326
20677
1040
6224
23519
16628
22986
8011
5196
32338
5945
32612
18395
27509
1339
9292
29412
25217
25695
21090
22263
18913
24978
14650
11960
11568
18908
31401
23202
26984
30889
3498
3650
32335
2613
5953
24816
13287
30215
18152
22518
11373
22136
1041
17060
4236
2960
4106
16348
14813
13629
565
9521
20149
8043
16154
21148
9058
7624
11511
20089
6552
18083
393
28833
12603
29078
1691
1628
12733
5126
20890
1100
17335
30176
29921
1027
29412
31365
11808
18311
9323
15717
18420
20918
12193
14605
12223
15598
14835
609
12911
16254
14875
30922
8156
24783
14127
4888
13186
12211
26463
29718
28176
17940
28450
844
550
793
21767
14747
9397
30144
6842
14718
32232
29586
22600
29818
11054
13925
20452
5461
23436
32687
8136
29056
13080
31626
12877
19583
14091
20240
27219
2656
28542
31073
24106
8616
10287
5936
3384
3452
4298
13019
4330
6252
26819
19602
28337
32288
17207
27802
31081
19127
32744
7573
13116
12059
11591
30654
30787
2098
7788
30663
22942
22272
31914
13039
18567
6939
7792
17546
19772
4772
27463
20514
6004
21655
21552
12124
21676
26609
8614
2330
10119
6135
27207
25424
124
7899
16250
11864
18117
20735
22772
10594
7968
22323
13701
31453
22943
15844
13188
21156
29189
18925
19804
17708
15124
287
20003
8041
22588
10896
24219
4811
22826
24261
12604
19055
21349
13220
15717
6454
7771
4797
22149
26574
10928
983
18715
29736
12325
32689
19132
1428
9252
9035
1715
13157
28868
25443
14037
3226
15615
16950
16646
27847
20367
27278
28023
12392
6391
21622
27942
5933
8282
13858
12840
14942
12015
22908
2984
30510
20759
24342
18248
19113
19144
17786
3064
12415
10384
5148
23101
25270
12872
23328
26524
20169
14870
24790
2787
8036
22696
28038
3653
23139
8195
10216
25760
10822
9117
10405
28193
11868
32589
7279
28244
25963
32293
1856
7606
1039
31641
264
877
16438
13590
4656
25681
19726
22377
29195
23987
25781
18897
32490
28969
15339
8688
4592
183
18936
26260
32404
2938
22885
6684
11657
32404
2086
3521
9078
25707
13563
12018
11964
15016
13062
30562
31678
18897
30041
20469
29098
21556
22118
26400
2437
5003
25695
22957
27718
22380
31356
17596
24782
4334
16712
3359
5341
12698
2608
5984
9295
16131
24843
27429
21851
932
3079
18848
17733
27407
24542
32184
2243
28041
22940
2957
17320
31001
7701
23560
1548
512
22139
32506
19708
31147
16202
25779
29763
11799
14793
16645
3443
10169
28236
14078
14976
7691
19532
27922
29343
28550
19379
17803
0
10501
27371
30326
1158
12678
14588
23700
15405
1601
15111
23885
5203
14621
32165
23783
20600
27004
7168
23402
28907
30724
15932
1767
8834
12553
12157
30920
281
3825
15003
7680
3322
5737
215
23037
26434
11964
11157
18885
12357
29145
9411
11841
20340
4416
29989
4260
1419
24580
15402
11053
1979
23618
14741
29131
19956
27029
4014
7150
31878
23332
27284
29803
9212
16220
24653
1228
28289
3519
14955
4682
14988
31013
31630
14917
20337
25470
13544
3508
8305
3977
16225
12063
16963
22948
1804
4269
19586
18184
14457
7787
27623
2778
24254
31354
840
21142
24015
12633
1452
2622
27280
16877
29001
20045
6454
16028
23985
15671
19707
17395
5251
13335
19238
29004
14131
13683
30700
18346
16665
8327
13575
28388
24126
19188
22935
30608
13994
32622
794
724
32434
29228
6527
5933
10370
7459
11583
29039
12614
24912
14830
2208
29189
18984
31196
27429
29676
11912
4014
8469
20137
7346
30913
11120
28866
7515
17899
21739
23604
15574
23760
18846
13872
6454
25018
1374
23705
2412
8932
17348
17362
9567
15239
27489
20713
17978
31183
25542
15894
12773
21418
29141
22296
32729
20869
18625
7111
12549
5434
22268
7975
31185
14111
18394
23133
28671
30372
29735
32453
28545
19918
21544
28836
30209
784
5413
22352
6125
6269
26458
16207
25142
18648
26027
10665
15366
17542
3537
8648
7157
6203
19231
8594
22802
26684
24724
24465
4725
18659
22906
16907
32240
25616
15782
22317
18688
6410
6921
5936
28900
4066
19903
4885
4396
27794
3205
28439
17620
12816
27666
2413
8718
12168
29434
4386
26841
21297
32521
18392
875
29672
17308
3893
3568
27217
31373
2796
2082
10548
28748
16795
3448
32747
5219
8589
2702
15940
8661
20628
17314
11331
6747
6639
14263
30883
12649
26915
6852
27665
26814
21177
13523
6981
29543
21611
27306
15781
3972
17496
26509
5473
7137
3293
15225
17354
28084
31493
20705
19632
23120
4988
26827
20756
17912
15123
25051
14949
18464
11205
2860
26017
25316
6986
4538
29339
20943
20725
31959
16836
12178
26289
6535
31036
9835
18838
7560
9181
27504
15568
29821
32447
7896
4516
24305
29193
13548
20677
10370
17437
28592
16999
31919
22954
10390
19159
30115
19529
1319
18466
29197
2225
28629
5667
20658
23317
11997
10254
28432
7272
19058
23715
31711
4259
4904
29482
9503
2363
16732
31810
9552
25783
20051
4008
14745
4772
463
17334
6586
5052
25209
30058
21069
30925
16940
14686
23394
24259
5454
15793
3746
2264
2836
554
7199
10098
19292
11103
6461
11036
6591
25843
29562
31710
297
14712
627
31817
28516
27743
27697
10797
5606
29075
22436
15742
27626
10742
31397
12709
24548
5539
27718
26136
163
29712
10073
26336
169
30293
20808
27305
16246
6824
9772
14444
29410
23850
14046
29640
4396
20151
6095
8535
16726
18694
24514
7707
30103
2494
32378
19918
14853
19608
14531
19305
1896
1594
13137
19696
29661
27450
27857
24444
4053
2659
4155
18697
5636
14952
29495
4486
25535
23533
3955
20286
29200
12377
21779
31404
13024
2672
32537
27793
16233
10666
20822
16864
5110
21623
29842
32187
11081
22949
28702
14341
23319
29744
21721
15218
24613
9534
28991
3617
14151
20579
189
15310
16008
15389
15613
26780
30036
30770
31957
32592
6557
24383
11462
15361
10138
2214
16841
19169
9613
3851
18054
21554
16855
12066
15251
27916
13021
11220
2413
22656
24503
31303
7352
18937
31733
9472
4802
16138
10239
6047
1851
7186
11027
10045
14823
11333
17863
8133
24187
8306
21128
15356
27815
22908
29443
3379
2350
17347
28518
31782
4379
6935
23347
17774
21615
27950
12909
21520
4869
24163
16328
2692
23504
31721
22198
15107
20960
23486
16651
19185
4147
10113
4036
31524
3384
9778
14596
18478
12756
667
21055
28359
27080
2564
10105
12203
18617
2475
7844
29791
2581
21965
24166
29214
24335
7526
15368
10473
16969
28586
5850
7818
742
21547
6206
12127
11610
27260
6313
18472
32355
12874
806
13733
5370
7409
12320
21139
10664
12111
19081
27728
29616
26544
30181
9909
21019
14405
18542
13609
6609
3812
16371
7405
25983
3971
27380
15595
8762
1940
5005
28001
12859
1303
10207
9310
6899
5401
29566
3702
29984
23433
4256
7604
6758
13917
10292
15585
19711
10553
15410
5420
4901
4902
22769
21068
14905
20120
24610
19193
31962
14940
24139
8962
12055
29459
7335
4199
10266
18610
5511
24806
12439
15336
20008
12354
15898
22699
7897
21285
7466
20415
12603
13718
5548
23512
16798
28403
18529
15243
3146
19718
10489
27358
32567
3775
28468
10241
19124
30749
8446
12439
20415
6860
367
23551
6689
11680
32679
5694
11969
23286
25551
2045
12404
31227
23497
3393
4162
29222
29689
1444
1952
5895
10040
15063
7554
29983
22100
17677
25112
15879
4327
9839
6069
2784
19317
13611
22730
5580
11151
3125
22272
17665
10998
27669
32007
2487
8062
9068
2029
1002
17785
17829
28009
24719
20296
6546
25359
12604
11193
18094
18486
12047
16925
11909
27682
25948
17610
25909
12876
9610
31764
3090
13634
11866
14811
7257
19759
9712
25597
18709
10646
23578
11193
29464
9454
14054
4516
539
19612
7373
27824
18952
20288
14342
10160
11571
447
899
18979
22299
18742
29510
28303
10558
15813
8235
9012
20424
30018
21605
22329
16559
24484
14806
6401
8621
8383
26046
21911
27565
18986
6753
32040
9249
17612
28144
19858
13079
14915
1626
29515
1054
1728
4976
3556
4812
10872
26974
17121
21908
5119
10360
7569
27029
31655
16847
6443
25270
8901
15482
9102
5511
30094
21354
15978
5673
24226
6580
844
13874
29611
28845
29865
9337
18731
17863
7515
26344
11950
7437
21307
5693
13284
13405
28625
12404
18756
14451
443
29649
5778
23217
26373
4094
14455
24599
10598
9800
20803
32409
338
18008
27897
13675
24005
16105
9359
20627
21373
19362
31364
7012
5115
22913
28321
18741
32011
1024
15139
17875
28897
14360
26000
13
25962
28091
11156
8744
28134
21495
28862
26585
28900
15817
3670
12824
27763
21224
7750
13885
15899
25178
13143
1719
18660
11363
407
801
29077
15776
3113
10630
115
18360
5192
7098
6069
6467
26412
23688
16929
16854
22787
29036
14691
4958
24413
20261
30783
29229
4913
32099
1804
9049
5215
24935
28976
21601
32404
7013
1929
15680
5301
8741
13149
6836
380
7108
144
31063
8262
31025
2144
2931
18356
1516
23438
25423
2621
23493
9830
2896
25025
27183
903
11636
13426
26257
25872
11757
16408
28552
14117
15987
566
7396
17287
7462
31756
14157
4158
18516
10969
3875
8281
27621
14356
31280
2044
18780
2493
17445
31308
15671
30918
8561
29112
22825
13389
13882
8474
30400
20699
15694
14606
15278
32156
22860
14297
8590
23861
32709
30298
10219
4872
32749
20013
18943
23083
9412
53
25962
7153
14383
4474
29315
5084
2046
7062
19880
32040
16603
10359
94
393
3295
610
23453
3969
18646
17664
1963
28181
2146
11875
17542
20339
23621
6071
5853
24763
23824
26318
29670
2476
4493
32467
8526
12778
28903
22675
31483
23972
8042
26189
28821
21049
114
28394
9187
3341
30971
5058
28034
24917
23229
13281
7119
31977
31516
18978
21345
22574
1340
29176
6132
9779
13888
12001
30065
2387
13950
4386
21153
28493
1998
791
20478
16908
27825
16278
22507
28759
19184
13629
16313
1023
15862
6589
29012
30163
4264
1838
113
13681
29721
15601
7631
4883
24264
4848
2013
5602
16284
10335
7957
10914
31101
29722
12724
16748
9126
31287
9276
29694
9966
31853
32206
4552
15256
5282
6713
8458
10944
11604
3639
31979
13895
27316
27252
1225
8729
8464
17657
24705
9258
22457
16142
31043
8955
32256
20183
4655
30858
5211
27563
4480
27345
8465
13847
8260
10549
32498
24268
21128
20671
7175
14505
7083
13601
22922
28058
20316
4354
30877
6517
23565
7553
24122
7813
9587
3039
9656
28216
2123
462
4577
18067
26793
25792
29102
17721
23218
30404
20841
7663
2892
22967
26805
19995
31882
19304
13358
27859
21982
20286
488
20343
23062
30728
21453
30116
8543
32700
16370
29486
21913
9867
23854
3717
21136
15677
32510
19418
12924
17883
21892
27674
29848
6572
9375
4735
236
30018
28689
28177
26421
6274
11110
8970
19793
21851
2402
25615
19936
31504
20157
21509
31142
23569
12311
27392
1214
26137
9029
23614
21335
22559
29985
18383
759
2452
28834
18464
16660
8869
25107
26347
12469
20912
17140
24002
23738
21632
15471
30115
17328
27443
23221
29521
24869
7884
27972
20800
30931
5589
2303
24111
22782
22788
6262
8352
28002
25615
17692
24637
3959
21681
10712
2295
32136
29860
31305
2095
19843
18512
19115
28577
25327
13694
3829
14114
25642
10982
16159
5255
1142
28184
22117
32116
15278
26798
32313
22372
1295
8966
2448
32631
5499
11683
3622
5205
27287
23600
2854
16368
32502
28324
15337
24384
427
24619
1406
201
13942
2789
15322
21534
15635
16467
1822
2252
14469
23406
24918
16328
10087
26405
7773
20763
9785
16005
32651
2764
6415
19342
3078
29407
27431
29634
15006
31377
21021
5824
3280
21640
11943
11844
18097
31883
30698
4008
17456
32185
4228
25000
16047
10214
10625
11557
32003
27863
14230
5968
19464
9798
9765
261
17519
19296
4887
22901
32706
8700
7306
19269
978
2574
30473
27883
15957
14970
8639
15231
26870
8908
10736
3007
961
31097
19448
18954
8607
5328
1791
13928
8510
3893
30618
16163
29310
454
29539
3829
14874
1293
2495
2079
7418
4180
22622
18421
3276
10972
5184
30162
17870
7165
1158
15648
11037
15034
11118
21212
31092
15152
23115
5195
24181
16541
3247
14008
5729
19636
29453
27049
22955
28509
28958
31818
27050
20716
14333
1965
14503
14362
23989
30076
16935
7005
454
23634
25469
14059
16661
29298
13963
23672
10632
31536
25152
13179
27528
11818
29898
22922
24221
9557
11756
2169
27482
32632
27383
25589
23621
4382
30037
67
17774
17873
1167
10690
3434
31837
29245
23952
28314
8205
26927
26227
19055
7993
19403
25786
31825
10178
30507
10757
31385
1041
32374
11368
6612
4145
14367
11016
18732
5699
28727
30199
6632
3002
29146
3673
13569
2729
18279
8427
9114
20521
27631
29000
25731
3036
5240
28913
29681
963
28077
14788
24765
1487
7416
19009
11265
24492
9028
10877
30249
8122
531
12513
21576
30907
10545
30819
9962
26881
11526
1047
27107
28573
19471
7578
24381
28131
11449
30221
26129
4386
29039
24455
30092
11626
8728
12012
22591
15154
24546
12890
27168
8114
292
25415
2070
8524
27923
8698
20053
21605
8446
12917
21007
6196
4652
32130
11011
9538
16028
20918
3274
21362
20987
10997
15578
2206
15247
2167
19657
6959
458
30136
29676
6003
21674
4857
3094
31310
21349
21277
22705
20324
1714
31361
5403
18228
7654
6794
6218
20314
14300
28594
4920
14609
28805
26936
30409
28319
23892
21967
31286
27315
28360
29068
23994
21616
29395
27908
6507
5495
29382
13454
3840
29566
8609
8678
25033
10147
32069
21364
20988
6490
4739
22880
9237
1566
2235
26510
27607
31453
24007
26108
9579
518
19583
31486
29969
18544
8516
11053
16111
14458
14081
31138
23124
21133
14096
13766
18199
22896
30723
24528
3333
23049
2917
27913
10214
29596
22216
25402
26193
5573
30956
24949
15136
10865
8702
15128
2920
23195
7758
19753
32144
8784
25937
7720
21110
23513
25205
12319
6504
624
29977
30554
8069
28402
2667
1419
28818
22325
6896
21472
6941
6210
26074
3940
26142
7310
10390
26384
23244
13726
20600
11381
26948
13568
9203
28667
2238
28987
31974
10992
6017
1624
3645
9685
31780
1865
6646
24283
11236
21912
4437
11426
19941
17990
31006
23588
19997
17150
19054
18258
29057
17022
30011
14392
1486
14368
27453
10786
12158
2551
3930
32034
29640
11019
16218
26778
8353
14619
25814
28376
29008
15384
5956
17309
6276
27193
15317
28095
16415
14927
17240
14412
15529
24804
25385
14581
30976
22997
21414
15018
29704
15138
1011
22228
23279
27761
30232
19741
15606
23954
3680
5293
23679
3082
18819
4501
838
782
3131
14721
28626
14427
21095
13324
17977
28939
20996
30829
18830
16017
954
10314
30473
1247
10000
20942
12817
10494
16914
918
23080
9818
19471
21090
5593
23786
28278
16909
19581
2117
15478
21430
15124
9683
18199
32372
4015
9233
12186
32109
29067
28987
8516
7821
26038
15684
3407
20
20553
28795
24165
374
18683
14797
73
27030
2610
11054
32757
30835
26991
32248
4211
2299
28013
11190
14749
1671
23345
15650
4526
3327
19385
15373
21227
4296
29927
4198
30120
8312
23402
28447
32124
15738
29388
9624
24745
15464
26273
1203
1303
5500
25602
31425
32369
25408
26775
14032
23324
8939
24596
23949
15041
8674
10686
21070
11581
29052
16885
25110
16856
4482
26848
20567
25034
7073
24962
29290
562
6860
6737
25706
12247
22826
29504
10132
11391
22174
15918
2264
16610
31403
1465
14100
9066
25630
27655
11562
11811
29544
25343
10404
11960
10071
28992
5029
16381
13322
26843
12075
7913
15990
19191
20063
4510
6497
19723
15586
25747
31857
17442
31961
10515
31768
26426
12755
28452
17756
9774
3366
5657
21472
31156
28286
1597
27207
11381
10780
19997
14097
13356
27492
25535
940
32333
18496
23501
16374
32603
6912
6885
18653
8587
5973
14435
27923
13586
11788
30971
8425
11749
29672
8601
17524
9370
27950
11427
29947
23076
15557
13536
32727
25470
31200
15003
25855
13505
24389
6479
9427
28117
1067
720
30898
5904
27385
16738
10272
10059
9485
18308
7759
22840
5238
20085
27953
25927
12126
29409
7961
31096
19072
16650
16243
21241
12374
23055
27031
18606
1414
21234
29455
30835
20932
12476
3334
16299
17419
11662
28664
24321
31458
5223
3798
8690
17018
12602
4064
27521
17572
24635
19591
24330
14867
1349
25855
19979
23994
504
27106
26327
27458
23232
7135
27384
12610
6980
3941
510
16653
4001
13125
24648
20203
32709
13703
28440
5227
31647
22571
19837
5572
15957
6537
2306
3418
12723
10447
7757
31167
23077
13970
13073
7183
903
32382
465
22221
3682
29648
25780
19866
24189
24596
31186
20160
12322
25587
19449
13631
28107
4783
31547
13633
12538
14283
10869
6987
11387
30588
2946
8183
3960
32608
25874
27499
16680
23596
10151
28453
11520
16121
31395
5861
16421
27965
27925
283
4052
17784
4378
28478
14636
4468
9450
31860
15755
32680
9746
27307
30997
31454
25972
26191
1999
5442
7383
26284
19271
18333
7770
14955
15020
29232
470
9856
17501
14553
7180
22298
10536
25374
26306
18318
22872
28326
19221
32577
1792
24615
11679
6090
10417
13511
14693
31389
15484
32547
5035
16525
10420
8931
19416
12082
21874
13472
31278
11362
24418
32551
14771
30206
126
811
1939
29053
5087
7685
8073
22023
32321
24765
5472
15734
19271
31498
6116
8010
7869
25591
25823
24595
15552
18401
1108
13684
9836
28175
25280
2183
12709
26381
27416
21384
15092
19707
4826
21470
13740
19962
26916
10639
21616
22743
29965
25717
30703
31863
32092
3039
26531
20909
24568
23707
5478
24571
6179
9263
15547
12880
24347
18913
16051
24098
8264
17080
20658
582
12591
17416
16790
17937
29122
3130
6865
2957
20818
1710
6846
19128
28084
10664
25163
3777
3271
29417
30343
7209
6046
23729
9496
5634
16166
20263
5381
30151
2241
15137
3623
1510
18922
10325
15045
11070
8077
18497
1271
21422
16188
18634
18165
21633
20616
30098
7105
3989
27516
17983
25428
16707
549
17765
13164
32660
6051
27268
16060
27255
21364
6023
6253
30764
6994
7136
25920
12277
18961
31215
32110
1839
7957
31817
21121
30068
27944
7338
28495
26059
977
5864
26882
11469
649
1899
9194
27645
23844
4777
31114
18837
13474
7278
22226
27721
11646
8215
8059
28350
6528
10428
21819
4386
24860
5087
7985
26199
9550
15153
4380
23145
30085
29848
31969
24136
17713
29117
12174
22934
32072
2268
2368
29648
27540
22544
23344
7779
10842
16288
665
25464
16449
27932
23994
27258
3775
12731
22984
2145
5685
30853
11907
4739
19816
13421
11336
15094
20106
14018
9097
30560
25021
1474
7372
16617
19464
25904
15397
13442
4905
6739
9139
25865
9628
1182
7418
24264
20773
20871
22493
5497
12003
1281
12236
1775
22101
27653
16950
16501
26051
0
26550
11926
23467
32426
9039
18078
11054
22484
13255
31156
29581
27793
24114
17519
5947
9321
32208
8563
2591
28969
8797
15362
462
18746
30
16274
10110
3549
4536
32519
24940
10681
23882
4784
20391
5580
4657
24246
18851
18799
23678
3955
15155
22605
28514
29534
26476
10873
28689
24366
13466
15677
5019
3421
5067
28710
16633
13773
5900
6609
31454
1695
19997
19658
22561
10608
22300
23602
3013
110
20917
16668
27078
1905
22147
776
6973
23411
5741
27265
15523
29836
21753
17077
26560
16641
21117
22587
98
25008
22790
26718
13121
31432
14974
20445
8172
19166
15616
3191
28297
18966
27802
2918
30141
22228
25735
28579
20386
21444
28382
4906
24932
22799
8095
5563
10616
15142
17692
2714
6485
15271
23130
17727
32332
30512
28116
2731
13156
19380
2537
29096
25421
23787
28513
15926
11654
1972
27850
19426
32510
28488
4262
12199
6294
20312
16291
8385
20101
19214
23676
19430
10719
30526
31024
22231
19786
22030
549
3317
2811
32604
5926
16367
22227
16384
25742
28624
30689
1065
18162
19946
12379
2259
25382
18866
14
26256
4870
15599
30154
19345
8741
5294
15345
13734
14220
17550
23957
25770
30890
26657
1818
19640
9191
1735
21976
10345
21698
8961
7320
22549
18925
22479
20883
10854
11617
31975
25104
28345
8111
23675
16617
18956
27260
2666
23731
12225
27418
23977
8637
13018
10614
17837
17990
4747
27666
29768
29709
4392
889
15152
10480
29417
26619
310
11568
5456
13972
25156
30566
9059
2325
16612
3354
10753
6650
8221
21262
15890
18548
2430
18946
27381
11088
11240
19004
17138
28786
11372
12510
20701
583
6144
21607
11744
10783
10257
6862
14934
10737
19130
29917
7935
4756
23342
12146
3565
21585
1516
10040
2712
18812
29098
8800
16725
988
7972
7405
15762
14863
6025
2887
16072
29406
26133
31819
25809
18637
26737
16355
1575
19032
16372
2381
9058
3901
1931
19288
20618
22942
28937
3163
5344
22024
19888
18238
12805
26837
180
26482
9788
18832
25669
12445
7345
27325
26723
14443
10522
9154
9523
18007
1172
3723
20197
15931
16334
13623
17453
14157
27642
4518
26331
27702
13397
16303
10901
4415
20446
29293
22989
12209
4240
22981
17259
21190
30020
25367
26285
28177
15957
21228
5120
21506
2353
11518
696
30906
10379
4938
11964
1746
4546
7515
17873
11164
30543
17066
8840
30756
9185
5219
9440
1073
31447
24346
31228
754
18027
7697
26018
6086
6909
11124
15289
13780
828
18342
1205
23730
27411
24542
19793
26389
15581
16629
32186
1249
4290
5902
267
25662
9456
21557
9433
6454
4157
27670
7784
9878
10208
7399
24045
6785
1576
10212
32198
15780
20688
26095
2579
13929
32332
3494
6803
3991
20144
5368
4054
7847
22386
32652
14733
17335
27657
24173
28532
23044
12428
31389
13561
6147
1492
30915
3606
2644
29828
29741
32192
20903
17469
2169
27851
17483
6438
10590
947
2123
30996
19662
5318
17796
30207
16812
16629
16809
32249
9396
1511
14255
31472
11025
2520
12890
1745
21216
14000
25261
17194
28504
5192
2813
5324
29883
17556
24656
15663
32405
24724
28021
27184
3096
21648
24629
570
26057
5786
10105
20104
24615
30141
17165
27981
13134
26206
12312
16101
13151
429
31052
16247
3716
24825
25911
20793
9005
23653
13742
26137
17468
2908
13476
8377
18731
5249
9042
30317
15431
16823
6787
6854
17125
30476
31403
23319
10521
5090
5626
21521
23562
4392
23143
15732
7159
11356
12794
25625
18156
22530
22107
19919
30863
29158
30023
16486
27410
17347
5176
4342
9729
27360
2207
17156
26207
9964
118
1602
14961
27077
18724
1685
9339
4249
16140
11832
30340
27432
23192
31057
23134
19879
29342
22523
12643
13600
12791
19214
15666
1438
16183
30896
10952
259
24670
30756
18773
24342
16701
3534
11061
15406
714
30906
14314
273
15946
21531
4101
28710
22138
13751
26347
10575
15416
6906
2086
31833
2675
28646
10196
26541
23137
22993
29867
27363
26650
7308
27907
23410
4727
14204
7322
10475
7586
262
18538
10626
4036
29921
1924
11726
20031
12377
11758
11474
12185
28794
18493
12389
24295
32749
32202
15842
1418
5526
3835
31976
11121
20767
17501
2596
19752
21311
15376
19800
11953
20863
20163
20306
19337
14967
24787
23308
23754
5171
3930
10006
15159
15961
19439
2121
2647
17853
29506
6682
8580
12389
4668
32068
22339
13837
21234
17948
12652
4110
28359
27945
5010
17506
13883
10932
3044
2571
13218
5845
30082
15883
27545
20602
14538
18443
20911
23719
8091
20346
30318
26699
9531
15680
838
13761
29014
20763
10203
17752
31497
32214
6194
5297
22812
6011
6185
14037
11753
21931
24059
32673
25455
14688
11667
5041
29654
3432
14560
14475
14558
12987
2101
24747
27881
21596
10082
2488
10210
24406
1333
27670
31884
11376
18678
31923
5202
6139
10673
32623
13773
21489
28834
11240
15403
13301
31289
12234
4773
27380
7698
204
4969
31653
18062
21497
8647
30653
24147
1788
124
8708
7649
279
11628
25013
32718
21097
23750
18958
1154
11399
25546
14466
4810
3347
1725
12028
2580
27573
15599
27713
721
960
11503
15370
16208
20694
21930
20300
17627
8575
25574
10864
29749
12142
20548
20450
28779
28809
11661
3512
18015
29111
28537
23093
28978
23869
26814
29793
1884
3515
18481
28563
29582
14780
29387
25900
3483
3174
31708
22693
16068
21184
24304
19966
26093
18117
21449
875
32095
706
14243
19807
26890
29075
6102
9809
19197
17244
11524
17376
4848
845
12904
11158
13819
7144
15497
25229
9368
17850
5347
12764
32124
17894
16320
20440
30059
5685
24878
23930
23703
29326
15621
15871
15961
8942
23928
6611
154
24490
2487
26268
7651
1094
2884
16652
594
2678
789
20317
30292
10921
16385
6445
8263
9449
15697
4753
20900
7469
29441
10178
5656
4158
30863
25048
15074
22344
18173
26829
9333
689
5608
7829
25499
14839
29380
21319
24050
6793
78
2175
23244
1070
7109
23612
13321
7934
19572
8097
32391
17773
23499
2560
25230
20111
6732
7425
13050
13091
2723
28003
11503
20041
26495
28822
24727
10539
26382
11501
7454
17309
24655
721
31653
26143
18557
28252
24380
1964
26885
8481
4204
15416
3433
24320
11991
13168
32758
23425
14403
13995
32103
24036
21174
21835
8682
1308
11796
28161
21858
16506
15983
13156
10910
15318
18570
30121
14339
32121
27434
9142
4375
22628
24827
6458
25419
21243
21071
1555
3866
21036
11161
25405
30698
9921
11653
3588
8903
29193
501
27674
30595
2935
22173
7204
3911
8951
1143
16858
21562
5771
16421
20975
20833
25794
4872
29445
18531
32349
27730
11966
7718
7178
13410
25664
32054
13619
19462
15377
30421
19961
2161
7646
32663
13706
7174
2594
28864
17571
11672
20903
27751
30085
14694
19833
24283
7051
30122
21307
24999
1871
9478
2422
16126
12291
25337
16146
6415
268
31955
27969
6516
19961
20705
31896
18073
6756
27309
22605
10565
15099
32126
14832
25132
32609
10660
4271
31778
20992
27555
17051
21596
2636
4551
22089
30526
24716
22475
26015
21063
30670
13509
20559
25387
7084
27553
26999
14792
26398
26223
25963
31101
1716
23656
14729
1404
13647
106
8751
9428
25775
12613
19248
30912
6201
18541
3774
17464
19619
30710
28100
21069
599
13448
20566
12328
29799
1084
28178
5480
23928
21183
8525
22165
6551
19538
22391
3141
13593
11782
29788
4253
14346
2677
26812
2986
25072
20935
10663
620
29405
23583
29624
10904
31350
16777
16745
17570
28767
15493
4536
18711
20377
23138
9180
19735
30247
1854
32110
15457
30725
23241
5314
17387
9706
17061
13707
28405
14744
31705
21998
13366
27009
20080
760
4104
20898
2687
969
2316
13874
26630
5673
18069
480
14629
8972
31408
18349
18425
18835
27599
8030
14988
22216
10642
25355
25142
1719
31366
19918
19489
12558
7301
22327
6928
3416
20204
8667
27809
20035
2204
9213
3847
375
15551
2316
28878
16592
2837
17737
26882
5361
12929
17515
9042
2710
16149
18795
24687
16992
2995
12766
7190
8582
17677
13741
13820
24748
18744
28332
26058
27812
8253
28829
4298
26998
9181
23768
7188
8501
31407
16145
25845
9374
2632
2786
20934
26307
31854
2131
52
26312
7285
25573
20772
11855
6667
20872
11349
31850
6139
21635
12616
6057
1370
32331
19830
19499
7044
13369
23943
4732
4341
10620
12554
2996
20896
23042
6548
22399
28598
25939
22525
21660
14659
23626
32427
24290
6252
14592
29351
17766
32612
21177
2141
20288
9924
4507
10272
18615
26975
16896
16219
15023
3375
22060
20671
26358
24673
674
12693
8957
14406
296
12359
7959
1962
29944
2190
32416
4503
25169
32200
20023
23707
13190
24661
27633
26497
14177
16830
26824
20631
24707
32094
26553
29829
2785
28328
27559
18401
11058
19396
6275
4838
16851
18837
29146
30087
9236
5582
23059
20304
8237
18484
22980
22615
3284
12255
23661
21300
4831
10214
26209
30625
18806
23653
20355
19656
11657
19110
19660
12127
24816
21730
13197
32107
26797
20471
16626
12142
32183
2815
4039
18796
24632
21453
24859
30162
11436
18680
25177
28499
31391
10763
10157
17936
28178
22840
8200
17576
6563
27625
6568
32126
437
1332
9230
21854
9274
26212
24902
10440
30611
30229
22418
127
11543
578
7980
23792
27241
10506
10244
2279
5047
21394
1207
15629
26445
894
3270
15951
23241
28153
1129
20578
3492
1756
2009
22856
21479
12634
11776
32681
22828
15800
9213
13290
24078
3298
26292
14753
32604
22143
182
10648
20548
7980
28832
901
18846
6063
13214
2441
20837
21454
25010
13458
31656
27519
26085
3239
18650
4459
18511
4258
30645
10635
28448
31319
30481
19757
1039
2502
16687
975
17209
10804
6247
4008
2317
3195
12058
28615
15334
2228
24866
14759
15994
20890
18951
4124
15260
30493
16325
25724
19830
2218
20475
26327
28084
5440
15878
24582
19797
22349
18086
6422
9602
3893
6416
23714
28304
27611
9553
31895
31596
11877
19647
10265
14684
30559
6745
3672
17562
21301
23241
11276
7041
17639
17576
25167
7136
2987
10974
7914
14437
1938
923
1967
32379
31219
8884
25835
21541
31421
24624
16681
12775
768
9711
22245
18740
361
1181
15370
15499
27115
15416
9159
26498
26710
5763
21584
29164
29746
26567
29555
4627
32492
21503
24279
20181
29458
25000
11539
12363
26611
2145
28541
744
27175
3499
23124
2752
24233
22014
22974
31971
19928
2169
28560
5186
29504
22222
24126
20563
23329
4551
8890
18379
6717
2164
12363
5114
7784
21446
21959
12336
27386
24490
18632
21300
29720
2117
13620
31958
4125
11302
9608
28758
11523
12019
14231
22850
27108
21488
25718
6596
24434
21306
9364
19060
8936
11812
4668
25314
9178
16297
4375
11821
31531
2544
5522
14055
18906
10316
12721
1797
27753
27367
6704
18096
17657
1441
29289
26501
21463
29899
9736
30616
17995
19470
23615
21413
13747
2099
10914
30463
28749
31943
22224
2026
14652
28478
22437
26592
5049
22256
10749
8469
23354
7122
14767
18804
23566
11338
26285
1556
6181
20224
13349
32578
31723
2092
595
9203
30888
6345
21883
8196
17166
13081
9296
4367
16188
16220
21521
1332
31496
14686
20043
154
10029
23448
5928
9440
18565
7058
13327
30178
7463
15803
21508
22904
22928
4544
30861
26355
14620
1475
13177
30856
27546
23778
4955
7738
29181
10398
23710
4738
18399
29832
16259
3972
8822
11852
2783
9874
14932
6058
11222
26919
2636
7921
10961
30023
24854
6778
19016
28804
15667
8262
10440
22716
21473
27805
8997
28030
21157
17422
10282
14696
17935
18236
20176
7453
23660
13910
21574
4228
29727
1918
1623
32194
3539
2920
10145
17488
32743
28423
17176
21731
7269
11125
31438
6650
9819
1195
24883
22894
27034
27448
16979
9072
10597
23753
1731
14836
15401
10668
27334
30038
2814
22103
16863
2774
23606
3994
395
9609
15387
3986
15193
6494
11973
4265
30695
18562
2187
28800
12768
3526
8471
9770
6880
23115
9635
20304
23082
4708
3107
28084
5509
27868
5611
20200
5711
7562
15455
12211
17087
5167
16204
10557
1308
10888
13421
17333
12425
23376
20663
18784
29683
23846
22873
21182
30848
8784
15295
25472
8417
32558
3519
10903
3955
8993
14438
28549
1038
3437
8781
11412
28867
28362
29320
29535
24408
20289
25320
4141
7684
20723
27214
3173
24414
16963
30246
14845
21394
28522
26596
12238
27856
23293
19995
13340
21127
18536
31856
27502
14423
13899
21642
8014
17868
4037
15884
22170
28303
17097
8753
6661
31469
27629
1636
1096
588
10395
24052
18193
795
5832
8963
20181
17501
11760
7542
5496
665
20934
31127
13749
19154
9437
23874
18055
13122
31812
20415
30477
11216
29001
13328
30106
1729
10622
17482
15751
8835
14468
26103
5099
23498
1489
29599
20890
7912
20692
1788
4662
28130
25439
27524
20042
18012
10342
2385
19688
16567
11957
6671
23873
24044
10871
23729
5124
6535
12557
26959
28879
19572
1383
25673
14449
27436
3228
7169
10615
10361
7049
11558
7077
27608
4983
14612
24032
11402
7622
2876
3914
8874
21680
22869
13716
12996
10548
1606
5019
29728
2968
10832
3488
9681
8777
17851
570
8957
3046
18919
28505
2325
12897
31795
563
4895
27758
7817
5695
6374
4097
24366
26169
2412
31234
29566
2354
19286
14997
27425
1470
16958
19773
12628
616
1949
2296
27976
19976
17096
11454
22498
18498
30081
20863
28215
1866
2496
13082
8784
11812
2494
25354
974
4627
5583
7222
2070
19269
320
29900
20527
23627
17420
26213
24901
18369
3327
24451
24616
4409
1464
4192
29562
32156
17163
8156
10999
28817
20703
26804
22491
32021
14291
21761
15166
7236
28190
24893
781
29505
12911
9301
25820
31372
1989
8935
25835
30924
30775
30962
20499
12748
17927
15949
8346
13629
17439
1280
8576
23129
31763
20693
10861
14511
17841
1483
7031
17364
4448
2634
18321
12367
19217
10837
5927
17378
6897
13862
15157
4549
10848
19931
28972
440
5323
23510
27012
7285
20576
130
18205
25223
20401
1536
3877
6024
28703
21375
8767
1200
30151
5311
25114
3426
1687
3255
17460
24239
23868
29124
29921
23354
12969
29467
24346
23268
5820
24197
10747
5604
16568
6109
16222
15687
19099
18896
26372
32492
12577
22634
2089
10737
11277
8263
9412
21624
28195
4314
5123
16433
6496
22801
2672
23493
1431
6288
27237
22120
22891
28404
26834
9949
17548
6876
7190
22360
26910
21035
27387
11832
8777
29872
17588
16660
5990
29188
21956
7579
798
13535
27040
26843
26095
12995
22323
13113
18904
29458
5085
10797
17224
16610
23145
25266
18618
26596
11570
4146
8220
27305
6742
4134
25119
27754
14641
29576
20995
17084
11114
5959
8615
5271
1419
8530
31291
2212
9699
25809
3179
3038
8787
7494
16881
31455
30643
9650
14303
2944
4641
4834
23760
9682
12844
28844
29355
15524
18349
17800
12145
16024
11459
26531
29905
20161
1549
8026
14580
16102
21182
29847
6425
18892
9911
5519
18045
6416
3543
14791
3246
24805
15503
1688
4273
17184
10586
17181
18741
17554
15105
26379
20287
27427
17135
32438
8919
29138
13999
20491
708
27078
18087
9758
19029
31620
30616
20222
8040
30611
14776
4206
17605
2285
2623
10206
1663
8265
26844
26684
25731
13283
9030
30178
10229
15688
18501
10449
14362
18466
27072
4074
9341
6615
8761
19819
19033
8186
5170
21844
5823
11483
16946
8112
3691
15790
321
16327
2851
27742
25877
26696
27961
3950
22430
4972
5690
18146
6258
7314
28462
18991
5810
15998
30853
29301
28017
23392
8935
2884
22792
9765
4405
24395
17802
7656
23629
23387
10713
2426
13038
15973
15775
10103
26663
29745
5013
25109
28222
17927
2875
23219
27135
17902
1420
23067
29494
3961
12121
5462
21872
13835
4656
1369
7220
15904
28215
30238
17425
7471
11762
10549
26613
9300
16236
9779
24440
13460
20750
14364
32723
16330
26297
20059
17865
23748
2985
20752
2860
9970
17707
24878
13658
21307
6864
15542
2686
32687
31485
23233
6750
21611
1759
32668
26877
8625
8209
3795
27539
19224
14849
200
31251
30884
350
28020
27840
10633
26440
6225
31745
28135
11434
15175
17014
29907
12971
11281
20489
14015
26034
29993
12467
28243
8373
18581
19514
25539
26694
4277
15943
5746
26298
28187
16273
16142
21694
1639
21035
27116
23065
28668
12021
5962
29462
22772
28357
7869
17114
2349
8557
24382
13377
4323
1259
7058
5772
2126
7067
8719
17608
6103
14544
18802
15344
16595
27140
31533
4705
12815
23762
8581
13539
12209
1885
24977
6875
23265
15798
22638
3559
3449
13671
26443
24360
23332
30614
15763
22983
23333
25043
1825
18720
7385
20234
13037
3646
6755
28291
30078
31789
7265
27984
14742
14300
28683
30671
8955
4243
7989
29835
3686
6182
21239
32740
6115
26633
5856
11859
11280
5801
2463
23751
14936
14084
10791
18404
12905
22
25775
24600
3986
18415
25548
20630
24161
8536
10382
30169
27090
26702
27076
6853
391
18725
15064
32172
21562
16670
21901
20317
23570
15956
1367
27308
9939
25392
10151
8212
27163
15716
3608
294
4736
27899
31681
228
31982
15836
18550
2960
29156
8575
4705
5846
26407
20786
18043
22003
7573
11529
3765
2517
26553
17034
14071
26595
21504
28232
15156
29015
19957
31959
31594
5680
3026
26504
30895
12639
15938
3824
31593
16464
28876
18560
15340
12907
16517
28699
12952
15451
3302
26637
25412
6267
23929
6608
13230
29481
11405
9720
23689
29276
22967
5411
11460
18021
26107
30325
21522
19916
30441
5103
20546
32258
16171
28386
27230
25487
22793
11488
9488
7254
13389
23890
5182
10639
12183
11814
14706
2454
23418
21658
8455
14776
26793
8967
18759
20123
2501
11421
18167
3020
23582
1022
439
21563
10541
9719
696
7088
20722
11208
18906
6803
19029
9236
1981
21553
11891
14116
12330
10385
2415
6026
1179
30686
13736
32259
19272
2681
29440
26277
13005
32233
20724
10644
21506
5092
24055
3645
3342
5873
31327
8817
8841
5096
1579
7063
18007
14206
30672
14506
20439
7528
13666
26784
19790
28338
31716
14775
23682
28124
24383
22817
3387
12420
13394
12933
18945
1761
8100
13264
17535
6754
7955
22024
24039
27998
729
26802
5514
7379
1698
30513
31453
15939
24708
10443
30364
14983
7849
5493
22140
6868
1894
27733
32139
15906
17989
32671
25474
3005
18471
27618
15970
28562
26158
28143
10991
15269
23612
3907
24048
28069
25496
1867
3823
13873
6344
25119
2378
3956
13162
28295
23618
7818
30939
3548
14241
28703
2148
4011
5809
23831
7180
26712
21776
14851
7485
16331
24643
19668
14174
29018
29744
28948
3324
18010
