4017
18319
25169
4421
23656
4185
21621
18446
30323
18990
16857
1625
15262
22896
25680
13989
25309
21126
15589
9788
11188
18326
14979
3552
13100
4280
10507
17635
5253
799
3825
8598
29886
29666
29287
27030
27676
1813
8890
31571
20049
5617
21818
14312
3887
9158
1747
19351
1802
24777
5659
8944
10924
22811
9206
7053
19536
4719
1180
23667
31078
23135
20035
28600
5036
5648
10239
25800
10783
11349
22703
16544
18126
4731
13422
12485
24533
19979
12744
26210
6663
8042
31901
17924
3162
32619
1735
11503
12938
22856
26345
24407
23101
18174
31735
6650
29805
24696
15330
27790
30098
6438
24668
24012
31466
30302
17042
10174
5309
16875
12067
22872
30169
23693
20365
20620
16013
24142
19425
32045
5133
26214
19473
28395
23992
21263
27854
8927
27191
10567
4470
22827
26731
26467
13379
27901
23066
32323
16812
10186
2080
25286
3023
23557
21210
25212
25063
20147
8515
16136
7048
2567
13487
435
4903
28654
32456
6698
7513
5436
5905
13114
30563
15460
22659
30264
1875
29670
21327
11179
3073
20157
7024
7928
11871
4570
3817
19634
26977
31561
27992
3593
12469
14425
11113
26708
13367
22673
15064
5729
19243
5195
11401
12484
2043
7723
32225
14817
27904
21887
20619
11018
26110
24492
3671
11744
16929
26108
29480
22447
30968
7326
10670
13420
9413
5996
16071
26815
22720
5300
401
23782
7314
19333
12265
24346
31234
28913
1773
15091
25916
26925
9783
32713
14090
2861
4957
5381
30467
10185
20843
21509
31605
23980
17099
21855
12450
6943
2576
32152
1293
19419
27174
25404
28884
163
3147
20452
28637
22622
2069
7320
22718
8442
26726
23980
26404
32757
29398
2637
23550
29991
16059
1722
24067
14181
6581
20069
20678
13426
13904
25947
24303
19064
25692
24795
11463
8965
14428
17477
11673
2033
26888
16392
6651
2376
2423
3523
20393
20023
29834
6792
22273
22087
21052
13359
17131
21573
16434
19364
7325
18687
22962
4121
10476
20307
17644
9943
5826
21692
6505
23853
20201
14025
16902
29417
22812
3485
19294
25494
2736
790
17694
30412
12905
28646
4313
5160
5634
10354
14880
845
22837
19607
12139
5875
26317
17474
12626
19099
17285
23766
17244
17073
23869
4247
30173
9558
586
21677
5242
16517
26000
9764
19058
4380
22879
2217
24786
25355
22679
2889
31261
17413
19602
19416
12533
16529
16644
28659
5015
999
24506
2339
8666
28878
21539
20025
26380
30203
22455
7638
25952
9284
14567
2988
26270
2812
1080
19755
29487
19455
16931
30291
1346
5361
29228
23607
11273
17742
28893
2552
9047
6266
20997
30144
32308
11781
30769
8038
2907
9266
19833
16303
17296
24280
14203
22156
11400
14137
25704
6032
21414
11152
17902
24988
7252
25106
13991
8254
26254
21806
32494
2313
19174
4894
16003
21693
27889
16169
8855
14735
23715
6152
25460
20531
21134
21117
31985
21710
18482
3630
9187
27770
8833
30969
12222
11911
19821
10736
28150
3949
25383
21052
19729
9177
5693
23857
27558
7402
1220
32386
3175
17258
31566
12672
7071
2197
8582
6771
11895
24957
747
8878
31510
31907
27190
21573
14820
28655
7139
13778
10860
23452
21356
17335
15770
21159
14654
5868
29419
24182
21657
573
21929
22487
22435
20291
16
15046
3334
14389
1917
21013
15446
2035
10935
28807
17316
3540
1907
16593
22208
15495
23852
25869
12776
6372
5608
3025
10639
2625
30961
3847
27154
4677
10404
27911
29149
20909
18781
26930
17477
4437
5298
4418
24069
20004
1259
23270
10958
32663
26646
26546
24649
14895
1497
2827
28927
17218
16564
31868
726
16639
6354
27649
17237
11597
8532
14933
31109
29216
12726
8004
31886
22613
5371
7888
10131
13865
23251
8899
18341
17292
5699
4823
1496
24428
22689
837
30079
3553
324
27491
4399
23138
15708
31866
14621
23714
25080
4365
28921
19711
1239
23276
4762
23166
4842
26543
27900
4763
32324
19877
5589
23362
26777
29756
31298
28601
25127
22332
20547
28989
21646
26081
3348
896
9296
6041
6085
29381
515
9886
13352
6115
31417
20683
10690
18539
11865
17758
9344
7616
28717
27571
29731
19723
8610
29890
27455
21575
23013
9570
17314
24185
20635
15697
26525
20459
9820
22379
32171
8558
24820
20330
19461
5675
23687
10261
21006
5948
5439
25646
23330
18301
5253
21900
9224
29996
12945
26769
21604
21305
10565
1569
27971
20761
19168
24854
21693
9967
26070
764
30186
26657
10114
3806
9475
27103
20051
17873
20077
19731
14308
19580
25776
18657
5664
18970
6025
1703
5117
8685
8999
11617
28047
24323
20673
7115
22822
14287
14871
23495
12723
20769
13992
15489
30142
2980
20921
5417
26142
14001
19277
1327
12921
21651
2950
3270
2101
23110
27260
15746
13898
12203
276
22835
1777
16539
31555
29191
3749
22867
10112
9312
19477
949
25280
31225
14436
27650
18709
12002
12061
20665
32516
19284
13792
3874
8312
3929
30421
32105
14176
30565
25345
11878
5253
4986
3510
11245
3386
20261
19729
32639
15223
27483
32404
5029
24068
8801
10478
7764
8797
9508
3290
32422
17571
3627
8966
15355
21644
19613
3176
22727
32189
13010
4864
19146
9408
30153
21897
17996
13506
30522
2728
2710
29012
25312
10955
26418
24930
5950
21925
15907
1639
18820
17557
11
26271
15601
31633
21132
30111
32221
25159
11191
9348
25687
23016
25435
14676
20187
15640
19116
32563
1675
12221
18612
32198
4573
22526
24628
14150
23909
4760
6590
1354
13063
11737
6684
23466
9651
30339
14243
29452
29634
17501
10200
9977
31872
306
28691
5778
14766
22888
25420
5869
7697
11675
7835
27999
23831
25657
16241
24853
26788
12298
18109
29891
25925
12492
19188
23588
7689
26025
768
7611
17140
23218
17867
11476
21768
32765
26754
2489
29201
15047
32429
27390
29117
13193
4001
14171
27772
26265
5917
32146
15441
17964
27286
9663
29049
27554
8419
11764
22277
24118
21967
17572
27024
1151
9279
22846
30000
30420
7519
25707
4400
16451
496
20752
21906
713
8698
29571
13774
9147
1967
31182
4184
23277
31051
21042
30494
11144
7392
18181
1292
21485
14397
8334
3805
6045
17007
20585
11194
32203
32356
16699
22515
16307
29424
20941
7236
13859
10893
28328
22353
17020
25588
18172
15606
14798
25061
16078
25064
28185
13043
10218
10397
17375
17969
30606
29196
7813
8914
45
6661
18861
21984
32085
20759
11115
21938
20150
19712
17979
25703
858
18917
5191
24219
18252
27143
12245
26468
19185
13099
8258
9067
11130
15894
18777
12756
15625
29892
21419
5358
12466
7118
22953
16738
6916
26315
29395
20330
27136
28100
646
28208
19665
26291
28116
3975
13946
5268
19908
21376
23444
23641
26309
19525
5616
13391
31497
30141
31117
7280
21492
1978
24354
9535
5399
29712
21925
7945
18843
30433
29478
32539
25514
5831
2089
30838
4289
29090
13295
8157
25112
22197
17710
29669
12118
23829
4719
12105
21234
29336
28232
29853
21199
3638
16435
23298
18683
11252
25872
26601
23983
21391
8948
26248
31900
6197
27426
12406
6123
18016
3556
29435
8258
29448
9331
29638
19481
21193
18019
9349
25124
3235
14676
7705
3280
115
26448
29034
8563
22907
5758
16818
24789
10789
15499
5567
21300
22884
2055
3878
12517
27751
9541
26065
8661
4765
26846
21360
18009
600
23931
22993
4487
15837
16677
23735
6281
9420
24343
27642
1842
10445
16877
8776
7966
31866
14137
9979
31897
7453
28351
4731
1241
16635
27117
8242
3286
32476
3615
2092
16257
12948
24318
21349
20083
11471
14841
31283
17313
22969
2828
3660
10010
19721
16627
14518
22461
11703
25202
32619
19197
11596
15991
6551
2963
29367
26673
20531
9614
2395
3639
5548
5111
26559
2455
13495
30155
5431
7058
24619
31472
22300
27383
25826
25654
17715
31191
24648
17200
32466
1651
28303
9536
17030
19924
4713
19727
27207
8748
20836
7462
4859
1295
22312
9796
10250
22119
5726
12532
7838
20896
22463
26468
32223
1154
20172
17917
2289
22956
23338
17251
13979
19955
10857
19908
1958
21193
15008
8755
21370
23865
21208
32584
31037
7159
26569
10063
4423
3913
27938
20767
10432
4698
9586
30449
32169
13202
614
4015
23731
27810
6966
6886
1329
153
27456
5142
31154
7639
22045
6550
29719
17760
6542
9958
28454
13585
11877
10105
18017
5908
17287
12701
18642
5146
12785
3502
11086
26414
20396
28897
20332
20391
6268
11421
29596
21449
19819
20266
1989
10528
18448
8020
21889
19697
29809
9444
9910
29058
20660
17560
31396
2575
5607
3680
11179
16200
690
4287
28476
31454
8532
8085
31110
17396
25780
15511
6281
28137
23602
10679
11914
9623
5238
15127
24397
8150
4255
2480
6013
13879
14518
31929
11038
19957
9290
20096
24562
4500
30643
15694
15691
28757
26328
30348
15646
21988
19294
31041
13967
7634
20145
30631
25447
2642
22181
30642
10235
22857
11322
20094
1848
28107
20310
12596
32424
27288
13126
16868
7369
21282
28157
12309
26927
9387
947
26625
11973
25356
31837
3064
23259
11185
3404
17307
24859
8945
19525
23115
14688
7734
2961
28878
21639
15682
13448
1035
13460
27262
1613
4567
12760
29907
29433
14101
24578
23348
1094
29060
71
19337
19117
16866
12533
6709
230
27863
23237
24002
12399
11731
5997
5465
7756
28300
3579
6861
21838
8765
10148
16322
10719
24632
18602
4258
30608
2015
15930
26892
28069
25347
6123
4562
16428
12232
22906
24192
29675
10045
27249
489
2292
29345
14798
22984
11197
22833
14415
11320
12589
2200
14648
30559
9037
6129
24308
9733
26473
23339
13680
9108
9920
25198
31250
30817
8144
28548
3303
22981
11647
19940
26442
11700
22359
9483
766
32560
13566
17842
16043
23872
17237
32409
27341
29024
30905
13630
1495
32460
11098
8784
5639
27974
2710
18620
12098
10888
26491
4445
4695
25166
60
30846
14178
11807
21855
6827
687
369
46
28549
32388
15707
23151
13022
31298
142
31033
26883
11195
12182
10359
10414
236
5867
3856
12256
32097
7614
16279
7292
27754
31367
12969
2804
26486
22083
9731
20124
12807
32617
8046
28809
7285
8690
18420
20014
20146
23395
30587
20443
12976
4936
18595
21319
7012
13320
27284
10542
3910
11551
31691
11968
18191
5603
28699
23348
23803
5703
20046
26099
29367
3670
1268
27562
9309
24887
11702
14984
8271
22204
1579
20477
16789
19055
13196
32720
27953
27357
1971
31609
4909
26554
24103
32594
19945
15021
30288
14772
20238
8207
404
6103
13375
13058
4786
31243
9076
2487
10102
31905
19446
12603
18652
21217
18947
2821
9443
25422
29678
9027
7396
18800
21002
29247
32555
26214
16814
30243
15818
8732
6386
21350
24344
7024
27739
28165
24138
22017
30180
17584
18709
32651
6977
32017
10962
6604
31157
26609
32248
25482
4074
8068
11553
8220
30847
10359
11954
20470
17612
26187
22032
849
12225
27016
14646
27940
15005
2602
17895
5219
22091
25663
17673
22800
155
1967
7227
19081
8639
10255
27922
30277
29091
11979
20683
6727
4125
32134
31108
29848
26304
28859
10361
26618
16547
20842
6120
17576
6364
23084
15609
1760
25775
30767
10501
5999
17117
56
13234
31681
6059
4156
20502
28206
25837
7037
29736
22352
2572
4887
32372
6673
8497
1458
31615
17814
3763
12098
25045
23399
29536
25844
43
6893
7154
31706
27718
17743
32745
17777
24315
19167
20140
15385
27479
8321
23699
14481
14160
9265
27536
14546
31398
3257
26231
27460
21509
21718
26709
10487
2538
21606
30818
23407
16858
12239
27087
6566
12309
7445
23643
9524
28352
25843
7646
23684
1373
20127
6217
3017
9797
24506
14490
29640
19721
11736
12220
10522
24952
23386
26497
28523
26554
12719
19601
2527
1372
30239
7242
16307
11138
28091
3456
16753
6267
10977
6249
23217
13525
5488
26964
25731
14801
6436
65
21384
17242
27618
16639
20967
9049
20085
9210
842
28863
21460
32104
30070
8368
22656
19008
22232
18709
19313
2032
4372
6240
13813
19719
11236
19034
12553
25706
31926
20070
9744
12479
13601
4083
31216
8497
5846
10610
22894
30087
12348
8019
25820
2205
14144
20011
9916
19241
17614
15642
3786
32044
5503
12878
5154
4350
22801
20348
17814
28102
27200
11525
27726
23103
9391
10088
15841
9110
20384
30438
32602
24184
20100
26904
27817
12376
7054
6979
6880
25879
22322
6557
12277
2080
2727
18717
27521
6720
19269
20839
8373
25026
2675
8367
29831
12502
30468
27929
29335
29319
858
790
8991
19042
17735
11246
20169
31696
17866
16693
32556
4904
15174
5155
31202
23887
15749
7957
17667
28581
5165
22733
15585
21459
4166
28466
8479
38
4387
19049
15154
16790
17049
24448
1885
10146
5228
20862
25436
19979
30404
4890
4492
18346
2489
32234
27665
19028
3766
5473
28
8091
7130
12161
15848
30219
14964
3918
24241
12100
3819
12042
27755
6353
10057
24035
22391
29475
12694
3264
15740
12070
31142
7058
28201
14171
21032
9205
27935
15900
19728
12499
11275
30926
28094
31036
26641
18222
15576
8336
17568
2529
23276
9267
18545
29668
22637
19661
12300
15960
32159
31513
10653
4454
25658
20599
13130
24054
13734
18763
9162
705
9731
15236
2725
18846
5368
30919
23341
5960
5672
29755
30579
30158
18202
30453
26575
19363
80
13353
12711
5444
13603
15492
28186
23126
11262
21408
10105
1999
23629
17180
29421
31559
2971
27399
11708
11166
21153
26286
31179
30176
11036
21508
5176
28108
24218
21030
7464
11485
30906
1797
19898
16001
28543
27367
12969
10550
31846
29246
26713
5123
23786
28709
621
31300
23628
15106
6215
9484
74
18593
5277
5173
21415
3517
30117
24065
14936
11071
20349
23074
31608
21495
31938
4742
6040
24491
7360
15956
10640
6802
13034
5189
9040
14028
23792
10343
1490
8867
32453
24537
19136
13573
2281
2829
28183
15787
23008
22045
25222
7034
8027
6505
3857
14358
31728
8020
8538
24124
13396
1672
31281
20107
14226
18636
10156
25217
8183
15714
11335
11916
25603
16911
16064
15103
27581
2043
32692
32553
11918
22939
10206
8855
30025
31339
29625
30676
6149
25764
21875
15150
8296
1052
15400
19623
27020
27462
32410
270
21793
7334
10855
25794
3919
6726
32460
23000
17110
16592
23743
22555
27870
9062
11521
32376
17622
11405
23982
13292
18534
9215
23964
28800
13265
7796
10278
13224
13674
17661
20004
22913
6286
23254
23289
21804
11042
17781
15425
24758
4468
19053
9019
27660
18500
14339
7768
24136
5766
32767
7445
30528
7957
9553
10565
7440
29060
25534
9838
4015
838
23554
24385
7582
6585
5212
4955
16083
25208
9504
21285
23698
11126
5479
18883
16910
3527
28394
20452
20204
24410
9013
25608
29318
2584
1411
31770
12190
7096
24278
14954
20151
6728
30310
22299
11306
3810
16539
27954
16982
12901
15109
13693
3337
27871
3677
12801
13496
31046
13851
6147
1099
32067
22565
2712
28857
7699
21599
11624
7285
15279
5260
21884
17206
5638
21395
8763
25001
5864
28872
21362
16848
20486
10299
22512
24782
9325
12707
20532
5343
10687
24511
10295
11711
3546
16434
18477
12862
2487
13915
29195
15749
1410
13940
624
9599
31196
22362
6979
28561
30494
30435
25794
10744
3974
6212
21529
31840
29102
26973
1944
2102
17154
9046
9649
870
24702
14076
3806
1708
3194
20229
27135
21916
24382
21384
14917
15456
12305
13360
654
2656
21039
17953
7069
2194
2824
6184
7537
13306
2568
14245
26657
24552
25541
1416
25827
16346
14500
18956
25648
5031
3192
25125
18453
22491
18019
1562
19035
31563
25794
29895
26966
8469
6340
12
4537
7672
30471
3482
29880
27202
25253
24576
18912
15011
17003
11600
18751
17875
2226
29086
27254
316
4184
26313
32683
30515
12762
7607
3991
3732
25508
12858
7219
32417
12068
27554
25106
25168
12745
16698
24908
14398
4599
31401
29028
9733
16675
21991
28795
15870
19480
21662
16247
16538
16785
12643
28206
14773
31413
22024
32280
11868
11847
25165
24116
19441
29480
12084
13142
30854
43
711
31770
7905
20778
6222
11152
20117
7323
15530
16303
13462
32564
18333
13345
10003
9369
3597
22135
17768
28481
1466
3815
32113
32247
28170
8552
1016
31864
31459
32024
11964
2061
5577
662
22755
22083
27924
19047
13538
10454
23890
28540
18740
20580
21973
23197
1353
17832
18569
7258
11966
5907
30265
20526
11530
20251
11073
23065
20315
28060
31871
5790
20327
1817
12591
32512
2300
14522
14405
7797
21045
13143
19419
4457
1870
17935
16995
10503
2480
29296
30072
7585
28241
31996
13708
25285
24001
7852
725
28221
9939
27101
9539
30724
1116
2819
11339
13727
27022
12150
10950
7441
26082
2164
1751
1403
7813
21990
26060
22393
2475
24746
15008
10615
10249
32338
21881
19596
29794
2972
7961
982
6691
2797
14409
10423
32106
23354
4763
23338
5805
5985
8384
25519
11724
32217
19598
25122
21083
9208
10826
31894
15592
3425
5942
3428
13846
11776
17034
5964
20459
5346
15373
29232
25474
8915
8443
14078
4733
29078
11568
16074
25610
7385
30888
21197
13450
12940
10942
14589
28774
12204
31601
1988
3368
6198
20788
22242
18151
358
4926
12140
3340
17768
20024
28296
24821
26856
10421
7721
19277
25368
28552
22167
22347
1067
14821
11589
24766
23891
25547
7786
3131
9135
18649
1949
8793
10708
5456
22099
8613
30874
13827
13854
25092
26852
626
29253
29278
22393
7686
1259
1056
24960
25094
14581
18218
202
27776
16084
7222
24976
689
16215
18864
7987
9672
18430
28371
10029
29205
19709
19234
4603
32491
22289
1132
6653
21181
558
14842
30531
25311
10678
3126
10808
7351
20825
24711
20060
32285
12417
9438
5816
11174
4524
10454
774
495
20726
14273
16645
32728
32615
4311
23675
29373
425
6979
20398
14037
30783
12569
13160
6061
3669
17426
20225
18924
6227
24925
16095
14259
24931
26002
4271
19536
19903
26589
9935
5445
7479
23078
3480
29150
4659
25483
7159
7439
31420
5886
18364
266
29350
2252
22887
30849
1980
26644
25896
1488
9655
13312
22354
17442
15316
32624
29157
18368
6076
27509
17605
24113
29771
23994
2946
24104
15976
13396
32683
6268
13923
22685
27707
9560
9431
19873
15030
18756
15846
12895
19244
21523
17738
20934
6962
8363
9679
11497
4874
30747
22376
9320
26413
13574
9128
2028
5625
19643
26961
15070
23853
15751
15618
15161
18641
13738
7076
19985
5540
6217
22468
10780
3093
22001
21683
30935
27163
14231
18706
9240
32293
8350
20710
2850
24687
12017
23650
16431
29036
25253
28067
15689
25245
28325
22238
11453
13020
4936
10276
14906
5859
18890
1991
15613
19674
8501
25702
21061
20122
27499
667
17446
14516
30878
9721
3468
22675
1672
8027
11791
7734
7795
17679
3494
13546
31581
14565
1176
27603
17628
5837
1068
27895
18111
19694
1340
3900
11073
14538
31994
9518
13019
30656
28104
28063
32047
17301
6705
9203
21778
22719
25791
13517
25998
18716
19680
18841
11105
13146
26742
13101
28486
27041
26498
26526
32199
27435
3923
6212
21880
26484
13940
17410
22537
32248
5498
17408
20607
18173
15309
3960
23035
4537
20641
11748
20475
18187
12680
16929
30706
19221
9069
4829
17666
24789
29825
22398
29799
11421
2631
16898
28509
32288
17261
26119
14051
27365
29254
18623
16319
21531
13944
25835
4100
4751
7525
13077
5497
22846
24998
2821
1106
30386
27297
26492
21933
13946
22662
16455
11850
407
13704
12400
17021
17789
22522
28770
4097
7605
14066
14911
31390
15278
29428
7087
4730
25061
29288
1487
18894
28151
30101
5047
9457
6030
23204
20096
21167
22152
9231
26047
10821
17856
19717
17666
21701
14284
20463
16969
21945
4321
23036
1389
17300
28327
31792
12722
11020
14007
20740
2097
17986
3358
24917
29332
28284
8975
9985
18654
21818
18769
21393
4430
21328
19768
17503
29179
18559
11313
30510
19218
1558
7848
7476
11908
1634
26462
26156
24041
4462
17217
30409
4069
30933
31774
10752
25115
29875
12029
865
29142
7281
24227
13036
25124
2746
22474
13
22518
2128
15674
8426
5136
2255
30418
25468
26464
30077
30027
24847
10767
11196
29538
26229
3606
11717
4244
7696
11082
29133
20505
15899
11532
31651
29189
9281
8117
20812
21748
31522
25081
19153
24908
20979
10135
13011
28381
17236
16068
3406
15376
27810
7113
1857
17228
6224
20426
20082
16559
1534
26723
20663
32281
3409
31063
5583
19173
14822
14408
449
17421
662
27471
11044
31188
5287
9144
9384
1397
7040
13113
6006
6748
20521
17063
11672
20015
11588
18142
1048
31734
11616
10263
25965
28747
9376
19481
20063
14095
15017
12177
687
10068
26992
5383
4476
6850
19491
25287
9294
32611
22544
8464
7665
22984
28415
11756
5511
7781
7884
25448
24976
29999
1737
10201
24756
13932
20615
24224
8405
26170
17825
2427
2222
23936
23794
1784
3119
2399
26724
7235
8242
21885
28520
5090
9522
14253
25619
9331
14994
3635
22130
1789
28604
19778
25731
28018
5368
9029
10402
29651
18282
6174
16065
4782
22642
12786
2708
10567
16136
20972
19823
5876
32125
29069
1628
20917
17563
19266
22635
13304
12030
28341
22854
11344
29428
3923
2294
23220
18068
31315
28412
17712
17908
4960
31615
14082
9373
11865
30476
6271
30085
11109
7132
28671
31389
17249
3245
25387
9603
10407
20410
22643
4172
26384
18245
14331
30335
22465
32066
24644
26237
26068
23272
21317
22214
13499
10624
1215
31574
22436
10925
14038
22387
6844
17433
10065
32228
10022
27399
7393
20885
20780
25889
19812
11791
26293
2639
25440
4672
26697
28116
10877
28265
18608
5252
22354
5833
9719
27641
30751
31335
16664
19412
15354
24402
12227
12534
12533
31419
7771
7059
4027
7569
19081
14601
4763
8124
26015
28988
32699
482
27903
4787
7317
22840
21690
14720
4911
31427
20689
10165
27469
13607
11551
18372
17136
27048
31754
12630
22860
15848
14841
18238
18864
28909
19093
25311
2328
18531
9082
24187
25386
19199
26570
13760
24010
10112
24007
27497
15436
22722
19189
6088
19817
21249
24618
32664
3169
27464
1447
32680
7759
29620
18857
13257
3898
11568
17662
9324
26525
20246
26253
19692
11398
9576
6151
3325
6110
67
28101
28507
2170
30373
9096
31539
6999
5519
10403
11938
14698
25403
5047
16955
461
20857
23086
15166
28162
26802
20184
10058
28237
3497
28780
8737
31282
15366
25023
22546
32334
3432
31329
21518
6899
17451
2186
3349
3005
9810
24082
32364
25848
4258
14629
18243
24235
28432
10650
2535
961
15871
12914
18783
26847
31196
5239
13349
20228
5380
2478
14523
15210
30643
17484
30393
10397
6263
13872
32546
19881
23263
28697
24515
28854
23840
16988
7687
5552
10441
14178
18296
25253
372
8644
8985
32650
2528
25405
9043
31261
7101
876
4338
20531
23618
389
15435
24444
24457
30290
4479
1084
13617
30607
18270
19078
12512
601
4754
32320
20903
11338
19663
14535
13505
9115
1439
22459
32221
4218
17513
15497
23050
27406
10891
26509
4326
21268
6297
23979
24942
32024
19843
17951
28801
17772
14459
21870
25302
27404
8456
1178
22896
27299
31806
7484
24981
20832
1481
28722
3278
2037
20962
6209
29979
7246
12362
23756
16814
31667
14541
954
233
16437
16840
7120
9245
14267
17215
27406
8962
31976
1569
32272
26769
13614
21160
6346
9540
29435
10039
14718
29873
9400
15889
22793
9647
14505
6005
5056
23257
11762
9947
5923
3678
20445
14600
7990
5102
28931
13813
23902
29899
26570
26844
22628
11743
15515
15719
16019
940
11653
9597
26648
23046
20408
28552
19763
30210
19903
6012
6757
6115
28071
19178
15330
24365
13908
25976
26896
8241
5268
31116
3621
19996
358
21720
11592
20792
30223
31975
942
14781
3886
12967
20059
18596
4327
20660
7195
31404
21128
11037
28405
10941
5565
12175
20207
12065
2531
3507
3561
31678
6789
449
9780
24441
11720
17594
108
17857
16255
31542
32293
30886
1008
27871
1030
15690
9401
10179
25902
20941
15557
25882
2178
28392
10668
7469
30343
1224
4194
24932
27812
4168
7786
11140
7803
10239
22224
13132
8226
6982
27269
10674
4366
18345
26799
32022
10209
13743
17658
16846
16640
23204
11385
9057
1186
18325
25291
30738
16142
19471
26624
29202
7611
8424
25851
2509
24514
3301
32366
18176
6262
18343
15857
30433
452
907
15865
7396
24724
341
19628
323
22411
27248
29503
29077
5952
14275
10144
5049
10949
6910
3565
1902
16974
28987
2406
11688
25361
10908
18699
32386
4897
8205
8561
30494
18797
602
10730
13439
5048
11630
1129
6470
25566
14533
3282
32720
32605
23834
6419
12248
25420
1140
3401
31671
12778
32261
2227
8517
17838
21956
24766
15696
16844
12893
8757
30500
31634
9849
2591
31042
30763
11869
7606
24830
31066
17773
29635
2882
16401
16007
25013
2867
19743
7107
13063
18840
25021
8745
27337
12181
28825
12397
26994
30188
21077
9116
3296
21217
23700
12240
15534
13256
9067
7025
2469
24373
4286
16471
8960
15776
27876
13146
9415
29444
20277
15748
23523
20961
3068
12884
23607
25155
25108
17260
19119
4181
25532
920
19337
21847
16203
22670
12316
28929
14778
1446
31457
23402
8719
18819
25728
22529
9415
22898
14989
9338
21110
8512
31730
14164
15774
21112
32470
6816
15034
26195
19754
823
31783
19705
10549
29945
18300
21059
16306
914
3700
22773
13013
23313
18448
9688
22391
1179
27870
29132
1567
30520
23718
18117
5249
7227
20963
16035
8694
8006
29381
26049
3356
20122
14837
23998
20061
5806
13880
2154
11653
22958
21334
4462
4553
12846
22110
7461
13771
21136
10584
1920
6542
3407
8229
18752
20120
22732
1352
16669
8613
23130
12084
8013
26638
21198
20029
24752
13491
19227
29789
2961
16175
7522
20858
23622
16230
114
22245
23365
32620
5577
30386
9529
30214
14156
15832
23921
25954
12778
2081
18157
18879
26132
30130
11672
18813
812
28514
16039
8967
79
31298
2692
29045
13111
19562
22029
26938
31730
27731
9023
7975
12130
9678
28549
20159
5438
24556
1579
20500
4854
15289
20716
30214
17338
32416
17516
14908
31437
16030
620
7662
12171
28626
29404
520
32164
10997
20031
29711
1757
468
7864
23437
21442
24412
26232
39
15722
12246
13240
1403
22655
26137
31561
23341
22852
23260
1791
12315
19180
17814
15940
12335
9437
23275
31395
11942
30781
8343
29120
30413
32596
11534
13578
7552
5648
23131
6686
20574
22551
2743
7747
2058
31549
12946
27565
20331
4119
6512
23162
7663
1617
20900
31914
17395
8316
32116
26967
2053
1323
31489
8534
18222
30406
31966
21409
12577
20712
19421
15079
8795
17171
20124
30272
24998
5086
771
3539
5766
18651
26807
29416
22257
31880
25811
21640
16329
1824
18418
20472
4664
4282
13003
24650
11152
14365
12958
15401
9701
11527
17148
31435
32226
3578
7847
15861
11761
8979
16259
21521
28822
23740
7091
1172
15530
23937
9104
10761
17627
28122
11699
24811
17329
28571
14961
5524
10432
5274
11181
25948
15795
28011
29580
6114
9924
29636
25130
10050
16585
26433
2086
19334
9665
22353
9886
14010
22980
9313
11352
7325
9185
21436
29156
20555
26190
10791
5204
18057
26288
28992
4140
3858
15820
26141
124
9269
14875
10397
29130
15483
3455
29593
2987
5999
6174
3224
4345
27354
19684
20991
27683
6904
31500
20466
15839
9353
5605
26156
5527
32215
2346
12955
15809
31289
14076
27367
7182
14088
20383
1452
24555
10691
15019
1604
25868
5260
9306
6582
30368
7135
20064
27240
7180
29921
4722
22214
23282
13556
18652
15759
17928
8733
10923
8958
31656
6487
17936
32285
30404
12042
16408
21515
21044
12069
25810
9047
17948
20274
18039
25809
31388
32422
20765
6737
16815
30376
4827
17164
13740
11151
17620
10851
25704
31617
22711
3456
3780
2630
24228
26688
24613
31468
791
5580
12670
10223
12806
8945
29682
5495
1650
18247
28548
5547
14115
7951
21904
20689
22633
29494
9355
21366
23357
7718
4581
29701
12937
3596
1510
12294
7116
12117
25014
30822
19610
5625
13005
12350
25883
9389
2643
27964
16225
30781
11823
14786
15295
24472
17293
22511
18862
17628
29594
17388
14471
4559
17746
17056
28586
15468
21928
25836
18493
27809
20641
9348
12583
8809
9644
24470
7534
3473
32086
27555
712
4103
21979
2825
12759
5900
3734
2151
21190
6293
31939
17698
12595
5203
8560
32134
4443
32408
15990
7949
8663
5705
14763
19583
17356
3034
23524
23506
7531
24038
22947
22174
29845
25636
22452
31644
22843
1947
22321
9080
22047
26603
6644
14795
1954
14105
20103
21139
1132
8239
32653
22440
14140
21320
12826
1190
6831
7985
22533
30547
13058
32659
19435
20131
26761
8179
15306
21582
31620
2455
5436
10943
10777
14316
10528
22605
13418
25366
21475
2568
8423
9680
28423
4861
20620
6628
30017
26352
15557
10854
7749
8439
12443
11831
22105
22114
2451
2997
28490
8301
26129
3747
4422
10071
14463
15738
4218
23476
11151
20268
24379
9327
24836
15581
27046
4591
7096
20177
17164
26384
2265
25422
15026
919
12372
8791
8051
23205
7578
8255
17874
11181
27778
8053
14895
15078
2544
13262
9592
31264
14714
15398
5595
28767
2896
25122
6467
1652
15197
22431
19758
5800
30416
17078
23389
27150
29383
1875
17168
15720
3430
6502
22414
28311
4760
6136
11461
1191
10318
30277
29912
6191
19616
8802
2978
23119
4012
2674
7950
17928
3791
7350
21572
28140
2349
17916
12887
12507
4604
19816
25404
872
6542
28061
15733
535
8125
16350
20360
601
185
22034
217
30325
24076
3884
25215
16228
25339
7229
11693
28055
22652
25232
22232
8748
16352
22698
435
26426
14848
7210
20607
26517
30232
18165
39
24237
10236
22920
4738
8362
14668
20423
7395
17422
5915
4599
32295
2402
8881
31482
3521
18011
13774
5325
26737
9180
30925
10377
9508
12817
3848
30556
20876
12388
30763
11437
14980
13991
26287
31794
14428
13023
15232
7851
23522
17939
20490
1678
22827
23391
19021
23111
11141
11237
31191
20533
8662
14199
28282
19093
30378
4172
13939
11317
5979
24534
26393
14998
30937
7394
8486
17760
25342
1182
16764
21270
24020
19226
3452
18699
5664
17459
12174
27178
23324
8776
891
11164
32462
29086
4169
11229
23632
24231
2880
2040
21842
30702
28088
636
9061
5442
5231
2237
3501
23374
14084
20803
29905
29830
9470
284
18504
8072
1017
2910
13352
27965
24621
4485
9353
24982
25915
22444
11793
21121
11051
32450
17186
28634
8584
17438
4336
20254
13449
8177
31456
18016
17176
6453
3944
15930
3702
28769
16261
32292
6879
12475
29621
13347
11896
15002
22821
32163
6811
21737
24858
11986
27614
11250
5403
16465
5912
17768
3016
20352
19130
18309
1759
20629
30912
25434
26511
28443
15435
7512
17579
20108
1253
14915
1545
8477
20609
8026
18289
30963
19039
27981
551
18020
18863
13657
372
23906
18666
15014
5608
2536
26753
20298
7942
20669
5016
25063
27014
13243
6015
26276
3728
25525
6576
16958
19427
7430
9573
10752
15420
18783
2524
14181
1904
27971
24866
17410
805
29623
17385
19760
10881
16855
10850
28030
13592
5619
25293
1966
12995
31581
26287
16049
1053
12995
6187
20080
22406
22898
22139
11109
12217
9580
20643
21295
10758
24819
8761
11054
31564
21815
3954
15082
10586
27168
14742
12773
24907
25159
13133
1108
17543
18151
28139
23313
7214
24945
20091
701
428
11788
24963
28086
8976
3335
14492
17422
19336
29783
7596
5143
19270
15983
11517
141
4930
5359
15320
12582
8782
3034
25873
21635
31569
29998
9571
7721
24665
22615
28818
26959
9095
6378
22874
466
21572
22936
7869
15124
24479
3668
12322
704
170
19517
25281
24394
32746
5606
19499
18816
10597
1537
3439
5626
6990
2497
16934
25615
23203
9115
25094
28503
2319
13108
6839
27724
26646
12045
1683
10306
4408
7687
20363
20332
7134
8972
11376
18653
9600
71
21301
30091
26989
2638
8084
17815
17772
20995
4442
16648
19799
12249
4809
9438
17657
5641
7043
13971
7597
19050
25598
11421
3850
24377
16317
8088
12902
844
27006
8870
13606
11975
25208
30185
25051
13701
6339
19556
6305
12487
5564
20737
6781
7236
26798
24072
12274
30587
8440
10013
18872
21331
13047
20266
11089
20124
25828
26040
8351
15426
4145
9823
22566
22552
14772
4553
12176
1106
1621
29982
13155
20411
19516
10729
17378
28062
18744
3248
8710
1887
1809
1129
11114
13631
24517
12218
30576
24602
20699
1600
30520
16861
15100
575
1601
16808
29766
3352
16249
21529
27171
32008
21456
1791
27015
19950
2458
13059
28825
20019
15429
29705
2040
20742
25978
3209
4511
25161
23701
11916
7919
21189
25946
5975
26928
13753
4065
22613
16859
23139
686
15926
6133
8300
21826
2356
10717
2948
6497
10585
7875
16126
23823
20688
30346
2659
26421
25751
12885
7013
30166
25155
12152
12976
31232
23456
27874
8781
4939
15879
8227
31601
2651
32577
10372
6712
3735
1317
14763
13302
2611
32414
19268
3495
17882
24444
8708
2300
32483
10113
5681
22698
14542
15766
8787
20989
22105
30442
16547
6122
23962
13029
27674
21732
32656
27033
17150
23473
3632
24750
14977
20426
5767
20189
356
3731
26311
25818
14482
7558
4808
23015
26118
21647
14373
22744
24320
28378
5007
1188
18918
11698
22616
1641
10281
3394
23255
25292
28205
22952
8520
16328
29563
8599
5744
26107
25151
6756
26790
31233
8341
23034
18949
29720
32687
29860
24383
13553
25664
27660
4385
32022
20821
9018
3511
26154
10601
1947
2755
17169
2870
6761
6559
22692
9949
26942
14113
3540
3182
11122
6282
4453
27412
27370
24542
30313
13918
23659
13130
27273
1669
617
12573
11046
7760
2283
8933
31716
1902
23460
668
29608
22234
28363
30042
5459
4867
16172
24952
7231
28688
16080
20841
16072
26891
31482
573
2821
1060
4228
18737
10173
20888
9652
7736
26501
18765
6195
11579
25048
15130
4594
13000
17113
2203
14913
26552
7154
18851
28351
24086
13156
15080
5782
31851
16321
28309
25837
18730
15014
23620
30578
7810
21005
32679
28943
23644
2774
21845
23566
13902
15654
27759
16900
7628
8865
28651
26160
3162
19835
20323
25384
2773
19880
2811
32236
9988
159
3040
15971
26729
26353
2863
26541
16242
32619
17973
12080
19195
2832
8717
4228
20467
3491
8290
32068
31536
20075
879
9660
29591
26007
20192
8063
11441
29559
23992
9635
2513
15124
19087
13840
7120
12063
11159
10596
25315
13188
18717
17595
5422
8026
19270
21803
3017
17962
27658
6178
4960
22136
24877
11501
29959
5282
27074
23714
14320
16107
10757
30861
27384
11983
174
29009
27685
16369
14385
32052
2797
8098
18702
10387
22152
30870
14770
25068
8179
24192
4895
1818
7410
4625
31237
4247
12127
8640
23456
17475
25462
15422
26699
495
13404
9577
9954
24072
14105
16722
4583
23586
24356
20114
24102
13823
24349
25046
29848
29996
27981
20625
28357
28949
22950
29117
9046
8623
16317
7871
777
29905
25273
17275
26405
27725
9349
28103
6865
8851
8226
4532
21939
7475
21147
7257
28626
3746
10433
1112
2015
8281
29158
28190
10054
32155
8160
12164
18064
12508
22540
70
8233
25380
29995
17703
29538
1740
7646
31790
26763
23732
1413
30392
18786
4729
1764
25040
26491
13788
6405
15244
28957
31751
12750
3434
28666
26672
19051
6182
3740
31952
23003
19020
19407
2116
23036
2550
28482
12339
20004
28428
8319
3714
7299
27812
29041
25521
20421
7674
7593
6014
7836
8669
30065
9794
4139
3735
14262
19990
14885
18997
9450
9357
4613
31707
29745
24567
23283
25097
13441
8144
18196
5082
30223
28992
12368
16503
29244
26310
5624
16773
7545
19354
31839
23159
26574
19937
8552
28241
16211
14032
7772
23100
24983
24026
11962
5096
10507
11111
12636
17533
23410
30099
19448
22387
32142
8425
4587
1236
4745
20983
1065
195
4922
4908
22728
7249
3438
2376
29401
15294
26606
19536
10064
19334
6869
23285
26810
4526
15649
8490
17955
4458
614
16215
11276
1649
17220
13648
9175
1171
16879
19832
18299
23151
31913
11966
27081
18286
26212
17466
23623
15219
30235
17277
8842
18527
21901
4081
3359
1001
30897
3015
4914
28322
3035
27612
32046
6593
28612
15488
8046
6130
14069
7485
32365
21099
7816
13517
29540
12228
10711
20911
21696
11407
27092
4158
5375
24828
19478
8631
30183
31698
19715
3892
24911
6330
22038
23733
10961
4101
18441
7892
5266
10658
15248
13025
29416
22148
20678
3849
19645
3394
20035
9286
4604
6887
13126
23370
12781
2617
24889
3831
8163
32638
27968
20721
22386
10895
13619
14828
8817
19671
10051
12244
19936
18827
32764
6312
9830
17617
23596
23979
25615
17166
9213
30888
8137
16145
17342
1407
27407
10337
25213
17356
3918
14029
63
19457
5348
7957
11723
18577
38
31570
3823
27682
2467
1358
7088
25514
14817
19759
2267
18142
21919
26257
17097
15310
21434
7212
24792
356
18216
13741
26238
2729
32220
17389
637
4244
3149
6367
10943
23899
5324
2908
9131
18774
9769
22286
5445
14760
6017
7098
20519
30914
1206
6345
12274
1065
29612
24617
13404
22048
26515
29141
4960
19494
12019
1085
24684
6717
9460
3647
20914
10221
16491
18465
5081
28475
15535
19002
10333
7333
24037
26761
23750
15946
20196
5956
12836
30521
31410
15741
16101
19887
24604
18667
14667
13081
31173
27792
325
26591
28814
24700
10473
12865
27683
4425
2343
29871
15659
6529
17193
5001
8116
24102
20761
32606
1897
5561
944
26336
14370
11602
698
26439
11757
3235
17373
25613
21940
22711
27289
4757
32070
8709
15719
29952
30056
19006
9030
5016
3824
25277
13946
7866
5232
1630
22052
22784
7112
14422
6329
4806
7198
22969
28375
2785
4409
32184
242
27378
12149
16073
28795
5138
15360
26092
10785
15006
14749
25108
21839
24168
29646
29847
18810
21528
14625
18472
24240
2331
28371
29468
26211
7199
18147
8109
32420
9985
23407
27541
5264
24919
18877
2100
12391
27702
10695
17212
1311
16318
15690
10793
18499
1237
28977
17709
25858
7283
20483
16541
207
4994
12374
14207
18171
20533
27846
31121
28549
3790
3178
20041
18953
2547
16398
17831
5589
10659
26406
11664
23448
1098
20887
6897
13906
7492
18013
19592
1501
19575
27953
6038
23727
5464
28038
255
2747
17315
17545
26748
31126
4998
12800
7590
30835
31350
8654
24324
27022
32398
18848
13678
5431
16107
14432
26462
26097
29348
14854
25430
32360
7876
13120
15110
8020
29541
5994
26957
10318
6812
73
9630
24571
19717
32687
26209
13999
12714
18736
31346
3558
14743
10996
3955
21734
11827
32741
5257
5524
30042
16776
23181
18734
25002
11948
23007
5684
13397
3222
11854
14473
9817
30703
23018
28895
7749
5789
1810
23705
3059
24326
32025
12592
3864
23681
11564
24932
13572
9875
17543
4335
14441
5904
28128
23464
1787
22722
28933
20153
10217
9253
2765
22425
1880
27056
32358
31831
23621
1747
1501
30103
14941
12146
22583
27493
22554
17597
17725
23713
19479
5791
31405
11702
18495
20529
22663
24987
10268
5989
2477
7049
16333
11981
23688
20689
19979
11711
26088
32750
8500
14303
4268
31931
27933
3455
26062
25221
2957
18258
19399
1944
27225
19386
15019
14386
5729
24194
25848
24277
27417
18167
1694
21368
14590
25927
2653
18997
609
20824
10874
26746
2854
25996
31805
13414
20161
23498
8580
27116
27037
5218
14739
30671
28591
31599
28549
13360
24357
14140
4945
2996
1836
28248
28978
2174
2560
10286
30297
14068
17619
6598
26526
9058
13566
7544
16163
6602
11712
7372
2417
4830
25085
10024
20368
24098
17157
21387
21843
28056
23903
11179
31974
13024
18135
18947
30011
7140
14898
20712
22740
24368
24123
2156
16956
11237
16282
21128
9647
32730
4177
2886
31521
25154
24861
19588
30274
22493
12711
9272
12745
25388
14191
28801
6026
1315
19846
3121
13247
19763
14592
27072
18199
11501
24663
13132
15504
15888
16900
30939
29245
16711
28563
6296
2559
24522
28643
31252
27435
16445
13466
11005
1464
20736
27179
21275
26837
1721
24050
6306
8748
20138
15802
15999
26203
29277
8733
11872
20962
17456
23000
9607
28501
28636
31258
10497
11923
2479
32525
11880
8022
22949
15596
5617
16366
14835
32122
15436
11905
9251
22628
19225
7470
20258
6623
32456
15938
23721
10747
20578
14528
15876
26406
9092
2961
1690
5921
31762
867
13501
2187
12032
3649
14165
15715
25557
13338
18185
29844
1722
20615
22467
18668
24341
16421
4342
17585
13411
30771
27504
21587
32031
32175
4816
4035
7485
31280
4048
2164
6829
2193
32625
19859
31726
29539
5585
7155
9040
32520
16216
14594
7913
31334
23697
23690
15555
30220
31965
8469
2256
23453
26977
11250
17613
13215
18617
15060
3935
11016
25529
14422
2981
5720
23621
6275
12184
2028
12473
13175
5357
6460
30157
32611
28169
1451
15275
28366
28684
29916
18040
32519
22659
1017
22294
13829
5973
10760
31254
10052
8673
4990
4268
7681
27069
17989
6232
111
6697
28075
29570
31539
24967
32382
11542
19234
5043
17489
27272
21370
3162
30633
15589
6164
12465
16322
28437
13076
11783
4147
3154
20727
9991
9314
17916
1521
11615
24923
845
3808
31473
11547
14758
9295
14947
10774
8735
18940
465
20351
12397
19858
30223
5545
28836
14833
6488
15300
26157
30861
22033
1047
30810
29604
6824
23132
12688
22172
14756
29157
9145
12975
15722
20168
23930
1416
3763
8355
1293
3437
15580
14101
23648
24381
24230
17531
15500
2616
1348
31589
31220
181
26508
3777
8209
13531
17237
1199
7357
29313
30039
19452
30893
19520
9719
1220
30057
31066
2537
20837
14860
31366
13190
23502
24227
6908
28829
5034
7512
16993
7065
4823
28817
14769
31868
8814
20302
30020
30600
21334
18319
18130
24183
22533
9565
28197
14932
8251
20344
22825
19533
18026
21728
26669
5091
13281
23719
19050
19926
5187
15817
10804
18003
4667
20165
9995
18668
6528
12201
28602
22476
8928
10015
15654
8873
9315
12228
20332
30558
19303
21971
18377
25021
20527
14506
26534
674
17887
7342
13717
29167
25837
9787
12775
12032
20738
18961
15496
25131
1688
539
1397
4472
7720
31301
32042
19738
16508
26113
26124
30282
19490
7801
8435
25589
31222
25604
14983
13177
11073
25159
3385
8812
10158
12331
23787
18761
2022
13700
30531
13040
32124
10817
8126
30707
1788
20270
6960
24377
32416
32647
28490
13794
591
27810
20107
13330
4493
17272
24055
1578
2965
31467
245
12896
32022
24211
24900
20419
15877
2524
13687
17629
28847
28639
13835
30447
10605
681
4862
1446
3997
14763
9695
25104
10972
2594
17030
19138
1564
32592
522
30638
15580
18385
31794
5371
14107
24262
9758
1415
8308
9804
31779
6498
11375
4698
29563
11922
10104
5279
25360
19369
23748
15068
24434
31325
18165
8663
5824
13832
16203
18973
1323
30921
26659
15763
27642
10630
12637
12883
30211
7285
24785
8488
16769
22224
10409
22797
8448
10134
18149
5425
27239
28425
24568
19616
11784
25899
20054
20215
22204
10685
9789
15276
3842
25054
645
18094
20865
14999
11180
1860
6518
6465
30108
5178
30384
1956
18876
28149
16231
9202
23302
21044
6600
27890
8233
19593
16264
18418
18440
26790
3228
15715
9303
22107
29350
8109
24368
30402
11182
22854
21578
25989
32659
16351
11758
9164
3059
26760
4108
24781
653
1109
2782
22701
26523
25526
12976
21556
3740
7426
13503
17385
8695
28050
8988
17161
8350
19813
8091
1908
18240
30951
17164
5730
27576
3058
20085
13229
11620
27404
15720
22411
8363
15404
7835
8446
5230
23551
1321
1813
26344
5375
2065
31007
18525
29075
8493
3545
3650
23460
26730
9797
13268
4560
29619
25009
4531
22050
4456
15851
20986
6896
32502
12442
31536
18269
16074
25909
9922
24390
11150
29296
6664
9150
27355
30292
18726
32751
6820
15298
23134
2521
32541
9243
27296
15601
8196
23541
30219
30141
1054
7381
9018
20922
4485
31909
15025
20817
13988
8442
16892
14594
26386
10968
12829
2583
5641
17414
27808
4242
3292
6474
28013
30226
25041
25485
32628
26718
18292
18203
3871
25885
5512
31892
27709
17280
22346
3123
17138
31402
2018
157
29852
15194
12847
6729
9868
19167
32415
15019
14155
21681
2343
2797
25132
25345
24264
28564
5106
2334
3899
10517
20332
7630
15753
11443
13639
5693
14200
24761
20774
14482
23798
14941
19808
30658
29284
27298
11483
7480
32543
24114
19394
14515
440
30289
2340
23253
6177
29685
5701
21225
20128
4347
23666
9115
22000
15860
29517
15991
25096
30740
9204
21023
14713
26198
31780
17340
1282
6186
10175
15593
7350
22006
25434
16079
9361
24145
18333
19373
27436
21546
31989
20983
6640
2301
20357
233
3902
32715
22194
6074
20097
20422
11614
7111
6595
14126
32001
12392
26940
22343
5100
97
10356
7942
25387
19905
30906
3433
23024
8030
32371
23784
18905
7734
17590
12099
12446
29001
11530
21504
30186
23762
26941
3436
5278
15391
31937
29973
28756
666
1227
4457
211
13191
15396
29491
3985
32678
21204
32674
15342
26034
10483
21518
10281
2961
29667
14568
22137
14912
17440
12660
3512
8350
25130
28358
12857
6809
5783
6830
6135
6127
32464
1913
30995
29339
6376
15686
12980
6143
16822
22458
13477
11673
407
28451
17074
2974
24080
2707
7108
20239
12751
17060
29447
5746
6129
26973
18980
1012
10890
25509
18907
27133
28957
22312
28585
22261
4350
384
12003
5716
32289
2768
28099
17545
20614
19615
2095
11791
31852
11929
11434
22849
19438
27079
6385
3725
32309
31564
3581
30925
1325
26250
15416
27937
4147
11892
3730
15443
23460
23235
16303
21043
25631
18751
12978
30673
27459
21356
22941
21524
23528
1703
973
5609
27914
4192
14224
3790
18015
26801
7660
27908
15721
22521
22394
8809
3726
6869
17611
14656
10787
27695
25685
13377
31809
14935
217
24035
19268
8503
2332
29534
18384
31974
12615
2848
14301
535
22536
2479
15912
20054
6760
32255
12764
25972
29418
22746
25363
7156
4351
16234
3059
19960
27942
24885
10209
19165
30058
20727
11968
31787
2615
22302
10411
24710
15553
30695
14551
14775
6346
250
328
29657
27765
28902
9048
12209
22996
15410
15593
31660
481
13194
20605
5001
1533
31553
20016
9415
29983
20734
8949
10885
16484
20301
21349
14194
7832
20822
20737
31605
3197
17932
28982
19060
27512
18461
15372
29110
3878
8181
30433
3413
19377
14679
8157
12751
13729
21766
30176
8541
16132
24495
26345
5498
13416
28050
1042
32749
26958
25599
32408
21970
5344
31335
4675
2009
10356
28464
19625
24741
15887
3587
21178
21774
13704
25448
7261
739
19608
13113
12712
4473
3058
1969
9729
9519
20219
29971
12804
27978
25487
2554
17450
28469
9775
7387
32161
10820
7071
13790
12285
25649
9985
26503
6908
10358
30664
32627
20015
5698
29270
23510
21784
3338
19291
23470
9855
23077
22030
18550
25525
11216
16385
32327
28290
22825
18094
20052
32099
15604
22455
3033
18902
24898
28642
14847
24370
4205
19197
30938
27483
1566
27144
6377
4899
23932
13444
13796
13620
27750
16266
29169
11606
8608
17230
5110
11135
19490
9451
6764
22568
29973
32652
18728
20973
25407
29509
24218
8171
25530
14290
21939
28435
27170
22035
11536
15849
30476
31707
26755
8778
11840
12105
8918
19991
2774
23686
29625
4309
23877
8444
13115
30034
2812
8333
2583
14497
28681
322
7614
32179
30738
4006
29104
2830
8579
3208
19968
13781
18963
4909
3631
29704
26800
26722
18336
5210
4981
15254
10039
15389
16182
27384
22608
20
11953
27902
29142
25386
7373
14288
20546
7568
9320
213
13917
9992
25564
26985
6366
6924
18556
13443
32497
12554
19302
20527
19726
5534
6368
28090
20552
28437
8222
11686
20218
21751
31926
3958
18038
8164
3449
29478
7873
29934
17454
14602
25344
6581
8824
10061
3819
413
7964
173
1625
13369
23685
6173
7921
14486
10004
2804
3234
6910
22704
15881
11080
31541
29598
14040
10675
27408
11031
1681
3418
2573
948
18476
7742
11384
30430
17764
32551
26707
24903
1634
15751
28669
16647
14957
28827
29233
27758
1315
15771
8790
25597
17263
8933
12670
10653
11986
7188
14793
27880
10675
1968
29191
14804
17845
14790
942
8212
31419
4117
19536
11593
21107
4760
4529
27105
6240
22728
17522
19344
14836
6259
673
31417
31886
31974
9745
13834
11429
29180
12282
13368
7242
7170
31557
26425
22903
13179
30370
29787
24678
30730
27917
11079
20739
5109
8506
30216
8384
31854
3429
29877
27635
15835
17821
26888
16116
2347
23074
11366
15571
17602
31195
3881
5721
20326
19892
13883
19514
27305
9887
19320
4526
30712
29455
28798
10319
2969
3069
25553
9430
12434
18376
807
207
2355
12295
9564
30327
3172
4055
8335
473
247
11818
31057
3868
25172
19048
11873
2251
4128
23358
2382
225
2086
5509
5452
20936
2812
4769
5414
28628
28208
11860
4474
31854
23474
436
2550
27243
7594
4590
12284
30479
938
12204
31549
6739
16843
12747
27043
13063
6055
1509
1425
21926
29261
7377
4823
27523
2945
14434
24093
18118
19978
13194
9539
22629
12565
30294
15175
21389
3139
29736
4981
15917
17512
3879
22684
27523
23479
2520
30053
17577
20289
12488
22283
27677
16824
14577
5036
3182
19040
11829
17287
17199
8490
16407
14827
12851
6381
19170
9483
19754
21583
32048
19557
27574
25462
1629
8333
23664
31788
2719
11110
16490
16656
5911
14878
30251
1626
25271
26530
22122
17715
30293
14970
16250
7495
31238
5880
12100
18819
4457
9214
20757
26865
22807
30384
14121
22155
879
31494
31417
25506
10728
16330
10915
22947
18577
32158
11821
18525
13881
21964
3042
2690
9289
6017
20779
16139
29697
2958
16545
27830
13803
20139
17503
394
2081
15165
32710
8137
2036
24876
4119
20348
1791
4812
604
7535
22464
15838
32575
3053
3457
23889
10399
22593
4451
6393
2567
22099
11666
31245
180
2538
224
9070
8284
21856
3119
9481
30317
18198
26323
23453
12571
10034
2613
22280
21110
7239
29800
613
22081
27447
22720
20500
4954
18737
31538
27263
22906
21537
17201
11268
25971
21127
18283
14107
29054
12823
5370
22860
25249
1990
26746
15933
22581
1908
11036
28895
22334
13783
30574
21343
9705
32087
2421
29903
17151
1625
7425
15232
24764
7045
25248
25185
9302
21262
137
23162
25007
6410
10853
8806
3558
5898
9067
13612
12493
5285
6172
27140
30390
11694
13527
32284
29244
11237
22016
3514
564
10413
3941
548
1109
17179
30605
16511
1283
4798
22489
26236
4710
19542
11125
23667
7609
25615
28237
27230
26038
17507
4480
23623
31268
19404
1091
8092
26681
7421
2726
4991
11135
16835
18603
16499
10887
5736
31852
26980
14745
11963
1373
29145
23611
1982
11929
26423
24596
1860
18580
15311
1665
12296
24453
5551
13217
19660
23413
22294
7387
13615
8872
26475
13829
31516
28938
20019
31182
16473
2076
30276
14483
13526
26354
1366
22985
11509
30872
25620
23983
9832
20045
7596
22204
23902
4545
14132
11957
1154
14379
17781
27667
21018
2396
23435
3010
4302
446
19810
26923
9259
29722
15216
22937
27817
1820
12842
21634
26468
7159
5226
10998
26621
21424
11551
31721
32682
10742
3314
10213
23923
12097
10138
15317
32137
1460
4915
1764
13392
12071
31394
2864
10838
28894
25068
22458
13564
2589
18334
26202
371
616
9501
20622
26880
19931
28995
12711
6875
11820
16937
6460
9168
12948
20699
6420
3239
6315
29927
2729
21472
12401
21226
2540
12904
2203
5086
25021
23706
4302
25016
25228
17120
26415
22638
15865
28158
30018
3681
20419
1120
3819
18334
25796
18234
8555
13231
11266
25582
12293
17849
26530
21623
6345
27391
3906
10701
21568
28209
24914
30309
1077
4628
6805
5170
17606
19859
25618
32284
9073
10307
10308
19102
12773
23263
29691
10283
23188
13917
6118
26627
13705
5363
17002
32767
23154
17334
19155
2210
23065
30869
26965
26956
24219
9592
23947
20233
2503
16835
29315
29068
19934
7329
14370
31224
17990
4010
25195
28744
4204
9511
26409
12098
2075
9449
13378
10914
19027
5358
16450
501
10372
27511
25038
29870
27828
24672
1743
1115
25440
21967
4997
9128
14940
24613
30079
10990
30217
10011
20549
6951
20771
12153
737
29343
1410
20981
1612
15149
15405
8860
7127
16595
8968
21479
23323
22942
24420
27563
21036
31991
31515
15559
7227
4507
32344
16699
29743
18945
29600
14463
25724
24441
19555
24989
8598
2309
31705
5468
9404
24381
27800
16834
23580
4668
6842
2817
8545
20089
648
694
13207
5499
23567
25289
8198
10138
11992
20619
6243
13614
2974
18622
15786
27734
4914
24546
11584
22462
9285
2242
11286
12880
13217
32680
25555
19586
7603
15579
31496
13444
26928
3357
14720
31886
5950
25378
25178
32039
27507
75
2934
11713
4979
584
31623
5111
13309
23251
6516
4422
14124
25934
21027
3870
3842
7998
17432
23382
30751
20544
5844
23715
24589
19417
25198
14062
9135
24453
7239
30711
10554
17658
30499
21198
16186
12739
13178
5266
13163
7617
2873
15127
21879
14721
9369
20324
29265
10618
16915
7223
29057
30713
21504
10123
12495
10476
5237
13618
4604
30832
15420
31598
8609
9914
12024
22042
30657
16260
26511
26444
20120
17787
24479
407
5489
5734
1608
13779
14249
11950
5541
3344
9405
11512
9518
25087
27970
30486
19463
15323
6266
12569
20792
30930
19781
25443
21528
25058
6886
26533
12150
6631
16427
21988
24115
24125
1108
19154
11534
12520
28928
24177
12543
10013
21880
13013
2447
6207
21362
8121
18404
22675
11378
11074
16947
17049
20023
823
30363
21158
9194
25244
26279
9001
12917
16219
5211
2214
27038
3697
13634
6290
2703
5225
7600
15780
7808
25373
14276
2119
30184
12347
15166
12125
7532
5842
17155
19853
7360
532
32060
23231
4282
17663
25805
3959
26401
23415
24841
22348
25328
21192
11555
22947
3574
23455
7001
8607
20960
14146
31125
19278
12963
5910
15238
13128
12467
24187
18131
2948
4676
1836
19381
22336
14384
6948
21253
10769
25365
20986
6018
11592
12889
19687
23082
14239
27503
2333
25386
5516
381
15394
25182
11902
12054
9404
24034
27164
30063
6396
26580
5933
31475
19316
29597
30080
3121
12844
12090
28245
5444
30044
3387
24073
29400
27616
12386
7519
1475
17611
31449
2465
18629
22642
16463
18896
13965
19041
24624
30083
7796
3211
19669
29732
6387
15444
16173
3573
6420
24625
14583
30948
11776
30368
8672
24741
6825
9840
2917
32489
16875
5214
20158
32152
24502
18630
24458
32242
6754
24718
24454
24925
6490
9485
21646
28616
28096
27552
31886
20157
32550
25079
24542
28188
32521
21453
6546
27379
