17939
3574
349
24324
9932
18768
12033
15694
19949
3161
16642
23221
19399
14372
1322
5198
13822
5924
30516
11353
17729
32669
2276
17442
24257
31781
12899
11531
5831
5384
13047
28273
27733
19044
7220
19611
355
1233
10716
24345
15854
180
26889
20673
24575
26459
12249
32187
1702
19626
30991
29271
16872
32134
8521
1386
16453
27735
26643
1868
14691
29918
14192
4983
17005
28844
5138
18769
30104
4405
4992
27866
6641
28241
12264
26323
13463
10725
27957
14826
2923
12693
14252
26287
12362
10119
29270
1124
31601
24595
20365
3411
12287
15872
1492
6509
1097
14643
18133
11978
27376
6677
22612
3990
3710
10459
28886
29098
3727
8544
1170
11794
26282
20452
8708
21681
20554
30695
28778
22291
8468
27280
5874
19311
17188
19
20781
17950
23227
2353
7863
16840
13667
20660
19840
5995
24924
23805
20304
18821
8084
27494
6285
32004
13755
30425
25198
11775
26961
32081
12416
30413
25826
23543
8208
2804
9624
19237
7784
28396
17227
6834
20885
11007
19971
13796
29944
10158
4455
7796
18029
1382
32479
29501
18127
16934
23511
18015
26687
30501
28228
25087
22800
2665
11991
27697
23648
5259
19375
22409
7585
12011
12393
7582
26931
28759
22873
4995
16951
26899
12445
23190
3293
14311
12736
30004
28785
14907
329
14445
25900
11648
7264
28511
2150
19666
7290
29479
8434
29907
22439
11159
31637
5928
9078
29203
30761
22025
20654
18406
30394
681
2855
19480
31268
27967
13446
9046
31389
25308
29385
23642
29006
25685
22639
24351
27067
18354
4817
4757
17884
10770
28090
42
13727
7887
10989
29387
16132
3619
217
9085
26836
7905
15671
22311
1093
14447
6663
23138
14470
23481
30952
24669
14097
2600
17002
8470
10181
30641
19034
14933
2566
11799
22171
32482
22707
19065
18802
9288
3720
22839
18121
23693
14900
15347
27709
73
18546
3838
10046
23989
6987
20662
7701
5499
32405
25239
15270
25591
29857
12095
13998
440
10535
24515
17466
2384
29413
22653
8419
10211
28545
5158
22382
11469
19410
7232
4057
7733
2837
26156
559
21240
8455
624
13003
6027
3678
22802
25675
4821
22487
27449
29538
17973
26521
26516
14501
3252
6974
8175
17656
21214
32482
25202
26410
8424
29303
13607
19838
12482
23791
22199
25221
15360
4233
28042
14829
3425
5050
18240
16709
29810
27128
17717
18802
9887
21531
31375
6842
17712
32088
28468
30308
12991
20298
6356
6442
10953
11045
31655
18024
12332
2343
7611
8896
16481
21472
14188
18500
27110
23739
30385
30017
29247
878
4642
30494
1576
1548
15487
2762
28513
23304
11660
16468
31478
23614
21197
12519
14938
15436
9062
31046
12204
20561
18668
4529
20626
18186
20700
18041
3350
32432
27965
22405
14668
22545
24146
1568
13310
20909
19013
19994
5440
17593
4355
1267
18293
17461
17362
17883
6600
2784
6966
18767
15004
4110
14620
20205
32608
3237
15997
5403
8389
9860
32569
13003
14521
24662
7762
30641
13068
15798
14180
2807
23736
1201
29056
6529
25807
16517
20529
23668
20685
23040
24802
6387
21835
23144
11550
6285
2903
10548
7219
16569
14918
6012
31762
27471
22452
15958
395
24915
23109
20691
10597
11457
2490
4067
7928
3836
29215
22405
22665
1338
26131
8641
2212
17504
12626
27547
24289
5287
29316
3064
2162
24768
1599
2039
18323
12346
26625
1035
25845
7739
16349
28632
18130
31434
8921
10823
9299
27352
23344
790
19306
32195
16843
22213
18743
21774
20504
8403
10252
24090
9184
11868
16248
1605
22755
7838
24059
3015
19201
12513
14731
3137
18002
28469
7728
21515
3204
18882
2158
28328
27419
9088
2695
27668
7144
18657
23390
17558
1172
13233
20185
29914
24476
12039
18403
13439
18719
30501
271
27578
18527
28353
12111
11145
26483
1398
24419
20249
24563
4807
6995
7995
26819
24849
25430
29722
23460
30655
3236
11511
5024
27313
17824
16130
7162
31028
2204
32281
24384
28698
18526
10077
2771
13564
26250
22454
9736
26772
10281
29532
5978
28717
26092
27846
4110
31606
3857
6574
5048
19707
2662
28485
6454
31846
24066
25073
7951
28285
10918
31272
29051
9233
1029
22196
25092
8380
13054
874
31759
29968
11066
3939
11713
22253
19936
11300
17762
13640
29367
26832
3055
21526
16857
11470
11631
17795
31988
27822
27127
13657
24878
15527
1650
22233
1648
1913
3736
24163
10113
26794
15552
439
2223
2710
21000
21081
3825
11236
16358
23833
8241
14697
28598
10470
1987
1302
26761
4960
17884
28396
21579
10343
22548
17822
10801
5491
1170
19326
28211
27297
29751
2938
21351
12597
16982
29661
31191
8529
20613
21994
24193
21534
12707
8332
3297
15245
25373
27200
22808
6253
11174
30117
17567
4557
20396
1792
25946
32146
17503
2371
30766
25208
21813
11391
7377
20114
14677
30383
4056
27111
16706
749
23632
3858
20182
3304
30750
14915
13880
32443
26594
30873
28744
7240
20168
4064
29573
23464
4252
25264
20411
27862
1301
14179
21335
9621
16799
30865
11037
470
31647
28102
15248
839
23015
21655
30104
7476
3462
6165
6659
32491
23213
6924
4166
24395
20731
17237
20982
2808
17146
2856
23851
15751
28805
4725
26102
4447
29276
21251
14829
13443
15897
19198
8171
27328
2874
19916
1070
11386
32442
8126
4187
13435
2129
4480
1843
11154
780
31534
8625
11327
29596
30452
10134
18374
13988
24600
13587
32642
11498
20945
11863
12780
29219
25177
24779
20893
10349
30522
12990
25958
16991
16124
30565
27037
31278
6091
6641
18288
16717
29229
26665
11232
17537
11965
24286
20338
3614
18208
13679
31232
7887
32755
29110
25412
27796
31367
13540
3247
31341
25704
2884
22519
1571
15717
23178
17505
25058
26933
6778
31553
4015
17507
32542
26599
24828
24936
20330
28275
28163
7638
28719
9000
12479
9825
7531
13354
11940
3854
12627
9258
8140
26850
10878
31540
26836
15561
28754
23451
20672
14311
27915
1048
11444
23657
30138
28277
1386
23601
23066
989
15470
15260
16636
23627
3567
27603
3695
338
17705
952
6872
821
31023
11385
25666
26357
12388
16356
29115
27457
5784
28898
28194
16519
6940
14634
13838
7981
19842
1538
32504
19437
14726
8477
10132
6056
19870
3840
6811
7055
10825
9242
2176
9778
28497
12254
30656
2470
10495
13497
31243
6808
27686
28335
20084
9722
28120
12215
27897
5379
2978
3327
3346
14643
13296
1233
5349
27027
14600
23717
18456
29343
14388
10647
6668
29016
29029
2291
11037
28677
14989
19417
3206
7831
3277
27227
16488
26845
23055
31194
7471
10939
14835
20808
4964
2869
20774
23167
15072
20724
30204
20698
28202
12801
19673
20584
10004
31108
32211
22982
8807
32362
23757
26336
13583
26281
20128
3412
6232
9318
32762
23645
28988
18425
1122
22603
16034
13483
19231
357
21694
28520
32422
1295
2099
18892
7778
14761
21337
2955
2753
467
17729
30733
5979
31088
10591
30632
30795
28650
11406
1046
5717
29554
2481
20284
21223
9444
24113
22880
30323
11795
28341
11769
16739
2481
222
12391
12402
21857
19758
26074
395
28187
10399
15512
1139
23410
7180
23990
27495
26777
30601
28925
19540
24434
15402
30501
7876
1323
8350
7230
19217
12516
2507
2203
29140
8148
5551
7465
30320
2625
22539
378
7892
10269
26066
6954
2663
11311
6592
9219
17396
1800
21359
9510
28326
29355
15522
10529
9942
22762
12541
20242
10957
16541
7721
12987
6630
24551
9134
6957
16212
5074
13877
26510
16866
29896
8864
5069
17166
18315
16502
19318
3335
27923
21073
12046
11096
25023
17625
19408
4953
6099
2722
9430
1116
29691
3242
23821
7777
24286
20508
4932
20551
10762
24786
12330
3888
5337
3432
8405
3376
7297
23215
2441
13966
22467
31907
31947
14043
4474
21028
18662
32492
31213
25751
4257
7321
23583
11281
28654
6613
31662
17073
30135
19347
5932
9149
5685
16319
22248
23751
20036
26116
17337
5251
2093
23914
2818
5101
6917
10684
18370
23096
11492
2382
17263
15703
25273
26240
16024
2857
25172
31974
23395
31065
28532
19891
27532
1253
32641
2016
31205
13069
13003
30271
14232
15448
28662
19733
27486
20267
1229
8547
27757
31859
710
30064
4181
11490
28608
8037
14244
11725
6753
19364
7940
24888
15807
16784
4058
32549
4150
9071
5696
31912
14987
1409
29772
12256
31107
13800
25418
30121
21996
20028
31929
14130
32675
13253
24460
30858
29270
24343
23949
2705
26529
14106
9976
32185
10120
30597
25255
27136
3397
3114
29736
16129
285
30702
18648
20000
12822
26778
25408
32720
29072
11176
30758
3061
8058
16029
2808
4662
19749
5301
18716
7083
27564
31476
4476
26134
3264
24055
22072
19886
32333
5764
4418
8527
18602
31273
9995
14043
28137
8682
7026
16559
6992
30473
23583
17335
7475
31713
8648
24813
21368
20305
15502
27675
2586
8608
9960
15900
22554
15778
16477
13294
25810
6806
21202
410
4762
15427
25647
27950
999
11647
2501
8639
25564
4472
1734
10689
17604
10875
16492
9815
2765
19709
30117
16253
2402
5508
175
29883
1953
18276
25616
1815
26392
10998
29971
13058
25211
7728
7321
28172
23816
29071
10427
18784
24068
24909
26176
25714
2029
23374
6049
3057
26198
2615
5094
19552
17317
2242
26431
30435
32431
12406
14373
26081
22032
5585
23432
3001
15497
26399
19053
8223
13852
27017
31132
31414
16449
27013
3750
14840
782
28830
31963
30591
18181
32255
8513
16126
25936
15787
14093
9708
28179
9444
12711
4218
18449
32552
28628
19313
8339
29209
23965
29786
19849
18455
21290
5630
6170
4828
15033
11246
5079
21663
11807
19593
25727
6306
22249
11141
26663
24851
18186
1993
24223
22940
12631
3380
29648
20996
31918
30512
818
17845
19085
19725
16230
14144
29910
14709
31553
13692
16648
19845
17050
19251
15375
28700
26046
8427
32541
26822
26837
22032
157
14357
13285
25550
1469
3051
2911
22094
2804
10961
1713
30889
28162
14110
19568
5562
23772
1808
19477
25982
4023
18751
28742
3126
5679
27520
6663
27475
31116
20688
5592
19100
28887
15999
20554
1326
18662
8135
15960
22475
8851
29248
9488
24057
19870
23593
7011
15539
12937
1802
26238
31517
5604
32241
15403
31010
13732
1198
13265
25854
17980
14793
13496
6835
30063
23064
30675
24377
20176
13361
21038
29176
26458
4455
8649
21846
12038
19033
27538
31991
9270
8098
14527
7002
19788
1404
15636
30686
19894
4380
4366
4786
4013
29508
19927
12638
25733
7919
23483
4112
30546
32534
17858
31919
21268
32366
26885
5644
5420
25026
31261
21348
2131
30468
28793
7800
26952
16308
26828
28155
8370
10003
16145
30223
19753
24080
7551
4794
3356
21683
22465
21024
19423
1856
14019
25290
32718
26865
11820
15423
3764
30249
12675
17035
25951
22281
14120
13451
27808
17201
23097
26856
26652
24865
32465
24878
15258
6110
29466
5797
23127
8756
3513
6260
8267
5621
5666
17184
672
19602
29173
28669
200
2087
8885
30334
2968
560
32091
12793
3834
19250
11799
21609
30742
16530
20959
26712
11476
27323
20082
10897
10476
22255
8450
7684
19894
255
19133
24375
31602
30558
32710
29109
10555
3182
21505
32670
22032
8535
13123
19142
16737
2421
25079
28712
21987
3084
5048
25862
23818
32238
6769
30486
20442
1799
25553
13389
5807
4445
10641
19444
31691
9413
9188
18905
11153
18775
14026
4127
8178
28567
7366
13152
26281
24873
5375
6480
14441
15937
18427
17229
29923
10330
31181
26563
18417
10131
15046
2087
27746
13534
22060
28865
30373
23049
8241
12490
23102
24904
11685
16468
26221
9688
4173
3127
2390
8871
26315
23536
12990
21804
9122
23578
14597
28421
18770
11479
16187
12150
773
25760
2603
27585
7424
22861
17351
32335
6793
1884
9772
11853
31509
20006
8095
7412
11136
30389
13609
23698
15792
7872
5558
24018
7600
15214
22570
28053
5836
110
929
13525
30777
14962
4676
20494
21090
10842
15495
27551
10108
29046
26310
12951
24932
29572
6568
28990
21731
27760
4534
24964
12140
8303
28689
878
17205
15327
7102
4855
27308
29809
15527
31128
31008
478
507
22700
17096
1906
29751
11293
30078
31940
19177
12159
15512
14981
11206
3398
18862
29997
30065
32733
14648
17084
735
29956
11387
18659
26066
32703
19552
8300
14988
6866
20946
22111
28556
5657
18072
27112
23903
19393
8369
5515
3158
26160
11503
9394
19213
21343
4543
25891
16504
23146
12224
20380
20074
30961
7863
22482
15204
27929
10960
4045
2738
31239
2185
10906
9167
120
30667
1272
23400
32366
16521
9806
9936
16856
5768
6652
26201
11874
2709
10874
26569
23327
731
18003
25314
17623
31483
10454
8679
13463
6923
22892
2451
18544
22501
30054
9324
25412
31953
14660
11256
17997
20726
18433
14238
27163
9973
8365
10223
11040
14039
29244
10000
29646
27968
13230
585
13676
1664
298
6171
2570
6214
21030
30497
15498
10697
22511
6545
3240
10222
1763
11785
19789
16371
13333
6745
9440
8845
11756
22124
22374
2134
11794
5378
15409
19763
15475
15514
29427
5107
4281
28281
30206
3697
31596
29288
15900
19666
671
4809
4740
2648
3116
21839
10513
10491
10745
3478
18734
25054
28003
25421
12504
7070
11696
32664
30584
2387
5288
8984
8545
24174
23512
30612
3966
17612
4616
24771
26798
23192
13434
23909
18355
19182
23796
18887
32705
10470
8033
2499
25735
32621
6528
32457
6645
2459
24488
26847
31664
22907
11817
15182
11767
7945
7827
15302
28530
2044
19345
16330
27561
11320
31338
30161
27949
6805
19857
17588
29505
19529
21427
16120
13281
1279
2815
26184
15799
5848
14835
10727
8860
25284
22508
16459
30266
21852
3973
11355
25856
23148
9191
6938
28431
6469
2996
10969
1204
20331
31334
13436
3347
26380
28054
19484
7113
22190
16392
14894
8104
13526
23750
4751
5831
11005
26223
31467
25575
25831
25897
10924
22636
4525
29991
22052
27484
8498
1335
14767
11684
21368
19333
21205
6260
19252
21405
16738
31952
23749
3540
989
3847
10851
25215
10802
17152
28758
17778
31919
20397
12167
9592
31139
19175
16003
9000
4228
31252
26365
14008
8483
18373
266
26881
9316
11728
16559
29655
27074
8059
6360
1128
17248
17776
17197
8523
19828
18961
29756
23878
7257
4472
17118
21998
5486
28723
7364
25264
27162
24011
24078
10821
11164
3518
32195
2191
13328
28213
12289
1253
176
21135
31538
2166
28407
31858
25981
17853
6889
20274
14071
31510
18256
26387
9564
4633
28848
185
10431
25638
17190
13539
22832
23694
23082
21200
2643
11552
29522
1608
23442
24960
5111
17950
438
4527
31912
13913
10783
9883
13688
1943
998
11095
21600
86
5265
5805
26456
25249
10456
23704
28487
26687
30509
10103
14065
28126
26195
4569
24412
16998
2494
32358
21360
546
25321
10610
13781
23349
2748
22587
22470
18141
26013
22494
14969
23567
12207
21982
15574
10485
1136
13267
18207
10691
17116
22298
26348
3243
17378
26872
5497
12101
13663
5604
6652
18454
16742
32737
29191
26452
31041
30604
23608
17085
8338
17956
5540
24708
9839
1040
11388
25145
21657
23344
2605
15103
14575
26659
9074
29632
20838
28460
26299
9015
9579
25367
19657
28762
1831
9216
10489
18445
24215
28376
23526
26461
13371
15957
21290
16549
13220
20776
3024
22319
26915
7778
8690
30325
11102
4111
28721
2997
28143
31262
15062
23964
980
5051
11660
9946
12571
9554
16947
31257
2423
12559
25588
26243
20273
24432
22223
11345
17054
15686
24267
11216
11287
27749
24045
20967
5008
14261
25243
6316
2095
24905
304
15239
10486
2551
22985
20981
4267
17332
26960
23742
8257
4058
2020
25909
8559
10828
17669
9105
29808
24183
23682
28985
11412
2206
16741
16505
22640
23418
848
28807
18605
19943
27768
21551
32631
16984
27942
14746
26246
9181
3527
32635
7179
29910
8986
31287
31318
2627
16784
23767
6339
18898
31681
10007
14092
31174
24343
20147
25683
13236
8153
15831
7031
4594
25817
27917
30718
5777
2046
28597
25707
26364
22585
28748
21412
26635
8161
20292
26079
15709
25521
31550
29186
30591
14215
14097
11035
15046
24246
18262
24272
1771
18719
16675
23780
5594
26873
887
15250
20304
23415
13561
5954
13580
10278
24172
30361
20396
23607
20145
18662
12024
16280
22985
8704
23283
4318
4705
6370
22076
21511
30268
16520
15248
18377
27375
237
3565
28357
1100
20680
13846
2709
13110
1527
8449
21450
19540
22846
491
9286
19658
28211
10737
16019
21721
8316
18017
15524
3292
28343
14055
6540
17028
16663
20451
25649
20435
29273
18226
31891
18996
6814
12867
13994
25910
27729
19183
7227
12779
17183
28975
13313
10526
17769
30878
11204
21371
11844
32012
18666
25604
10346
19857
10740
9917
17599
19380
30826
24177
11297
25151
7073
7804
24725
29838
23191
22094
30340
16135
21119
10512
23414
29612
28912
15281
5213
24936
29695
14122
17015
7856
1930
18100
22336
24152
9765
30469
5009
11742
10794
9344
12299
6685
10112
11341
28346
26936
25358
20484
8509
18515
19903
25065
8238
9830
24902
32623
9177
29017
7106
2024
4081
4175
23929
32428
11072
12376
29135
23641
18652
15062
25982
26490
1642
29269
15028
9807
11660
9318
22405
23203
19884
15424
27355
32430
3654
21755
1198
2344
23508
14604
11785
31033
7451
28486
15062
26607
16456
18294
28930
15692
7130
22804
26872
16517
24332
3225
31543
9203
25366
18104
25219
8300
987
31002
27079
18975
12300
3339
11573
22916
32684
28530
2806
31385
23733
13250
18404
24918
22633
17658
4336
1610
18943
7592
31504
4316
32315
21169
12051
19065
18262
8604
5801
22141
27306
13755
15338
9696
25756
21145
5313
13179
31417
5800
8697
14813
1805
27298
27709
31079
28057
6774
19787
17981
30480
6151
32709
14667
4802
11226
17601
18375
21032
27199
24034
16983
6931
28549
1884
8947
16503
16761
1549
6274
25907
6869
31045
12740
14468
11920
16376
11233
29422
2931
26327
14196
10442
22216
28369
17095
31131
26905
29854
4576
5788
29532
2847
20228
7114
2304
32456
25472
11336
30636
9105
13976
1871
29079
15759
17021
12644
13440
17931
19625
12679
23638
6551
8766
30282
27134
2422
14436
16990
21545
5341
26907
16119
10525
1568
18830
21538
29691
23917
6392
15729
9218
32559
8745
2138
9615
21099
1847
12559
27742
23203
28722
441
9934
11571
27605
5514
21983
31281
8375
14103
10130
3756
18393
26141
18054
17080
25118
16594
4028
11121
8207
628
11260
2957
25537
17659
28002
2293
29812
833
11591
31509
11172
15072
25244
20324
27461
3063
17437
6732
19440
68
11396
9457
4627
17272
25569
10349
4296
30515
26682
18317
12442
32162
24901
11269
18938
20182
15588
12975
22356
6404
660
20226
16702
31540
13482
29872
28341
23422
10551
26208
25302
10126
21156
14453
5379
30318
24055
12531
1907
9033
5285
28217
23724
2033
13214
20929
2917
21824
20730
19439
13431
12592
16060
24769
7630
30712
7903
9460
13459
20104
16766
11036
19590
28924
1771
16681
26704
25735
18742
11580
1434
24771
32589
1923
18201
18249
19448
6022
31173
19207
9197
566
30861
3492
7381
19951
31204
8930
28609
13355
27234
3083
27580
25997
11910
20157
29076
12494
27515
15626
24770
12452
22727
28200
6860
14328
19814
20762
13846
17305
29631
3020
7340
16540
2378
185
4097
8391
251
13831
32041
21127
7433
28266
15829
20490
24483
24442
27690
6029
24675
15385
23241
16991
4528
21442
20821
4003
28579
6367
18483
16814
19385
21836
31092
31331
10914
32034
11076
8082
25426
2667
2935
23095
18330
12800
30526
10825
24784
19241
23352
29870
22634
5054
1426
8064
24679
19970
24758
8629
20006
25592
32519
8598
25518
27211
21682
18145
4446
14401
11638
6650
21196
22976
9587
2541
12839
20834
1348
27225
10251
14960
32502
19258
2460
8355
10089
27568
30715
10407
9331
17928
11902
9519
22719
21033
91
10599
28748
2280
14931
30033
32370
29383
22399
7619
23222
25051
3395
6532
26005
27187
31999
6941
16452
15896
6067
19118
28434
31287
32171
10517
3543
5831
549
17228
5853
24191
31162
27400
19758
8923
58
20519
21302
26084
316
27292
4927
13344
7173
26453
17910
15463
32615
13035
29786
14965
18019
10410
4214
3259
222
2230
23465
26702
30213
9943
11558
18335
32380
12982
18642
13208
19743
15499
27739
24459
24191
15268
10336
11089
18130
30121
24606
11919
18193
11054
30847
19465
24692
8176
18204
1317
12009
28831
1135
8279
31642
4316
14183
28032
16949
8307
30060
16331
22300
2371
15640
7412
7814
28339
17756
11480
28497
32256
19522
5165
26163
10628
25402
24712
22419
20971
12945
521
15222
29163
5670
30862
728
20286
27569
25923
2861
8529
32572
8409
2765
1836
25062
28950
18473
8435
6462
3569
6671
3520
21655
14314
14083
5400
22892
2571
20063
30578
10365
13730
5003
26173
20976
19369
17861
14242
30293
24181
3747
7271
30463
32233
13733
279
9197
20747
31329
10250
7425
2637
23335
30153
365
26981
12561
7972
2204
778
4059
25483
20163
21346
22239
22824
26415
7872
7704
23655
19436
16474
16731
16824
13157
14581
11855
10260
25968
3224
7859
32168
20294
9936
32038
1911
28502
15380
22370
2503
26588
8713
32310
31698
26879
6213
10352
3535
824
4004
903
12510
26414
2233
12466
866
14487
9841
11772
3051
27172
14140
29716
27244
7163
12569
11889
21633
16921
13391
6274
19757
8826
29842
4561
1118
1
17697
5884
7023
15212
10073
7628
20174
4312
21080
7424
24862
4181
8229
14758
7618
28080
31193
10488
23751
25464
11561
22031
2779
21022
14193
25287
30031
26959
28956
23787
20417
5044
30340
16183
21028
31529
14892
10723
2061
27181
24986
10246
23725
31293
1014
20858
19206
13295
24661
24404
18168
27472
18308
3224
29030
23779
30958
2775
6076
8927
1822
5690
18377
2539
31713
17321
31714
10428
24739
12402
9651
31961
9176
5462
22342
8722
12415
28658
24566
29221
17569
30736
15009
29159
17287
29686
4086
3870
991
32057
26062
4561
17919
11859
12192
31440
21117
31812
1178
14685
19483
21061
4218
10251
6190
25825
11424
23294
29888
28353
22294
25278
28421
9136
5014
26799
15259
25464
22971
23092
4527
29708
865
2258
5963
11718
6488
20172
8289
5435
21001
32421
8130
13831
8653
255
25664
10415
29681
18406
5436
29735
19811
30727
28393
25851
13028
8128
16666
10923
25379
1845
30157
4235
7332
2478
6731
15878
15867
27899
12426
13770
9749
1487
15751
15140
27182
18127
3938
15270
9343
23121
23610
26789
4029
30079
22664
29096
18663
19732
16950
6608
12237
22820
19103
29856
10989
14583
19777
16773
16064
16648
7010
31407
4594
12103
4963
11907
17915
21675
7907
20443
20613
24637
17651
31876
31803
12347
8684
32527
18302
21660
24424
25857
17408
21684
22600
7525
3458
8979
951
23792
24531
17021
11707
19495
9173
27642
31267
4022
31041
13524
27751
9652
15910
25687
15120
17056
8949
6087
5043
29698
5773
24670
6788
103
4443
4583
5799
23617
4357
12290
28096
21359
23855
22272
5713
6693
26136
29748
29811
1126
4671
6741
17066
30753
11951
32455
12760
7145
29738
31011
20311
3359
16374
22477
20173
19965
4830
27429
10682
11602
31358
32665
6017
3654
985
14263
11220
28127
30941
27897
3226
2209
3468
25262
16284
16902
22714
11985
17583
23558
15155
16428
5513
21200
13510
251
23540
21569
12330
23428
20765
8313
19657
20679
2755
14169
6868
6738
22724
9211
12517
17262
8717
6404
14769
14388
25672
29976
13055
9487
10856
25048
17386
8381
12136
9224
10023
17134
7754
6742
17415
19126
11610
19571
20435
13658
14587
7768
27798
24429
23294
18788
31113
28009
17540
8667
30882
656
29441
22449
8844
2750
27175
10954
18005
20851
32506
7062
16429
28310
2806
32444
26374
22053
32294
11346
7487
2592
26657
8142
23328
3233
23080
4072
27351
20603
20001
9600
4042
574
4994
8567
9917
23909
15960
31313
20043
27434
14800
15714
10373
25659
16204
17435
1729
12391
1246
2324
21409
9837
3554
15687
3703
13796
19405
23841
15894
7033
13202
5440
12664
20995
7247
7306
28290
15844
26327
1445
24370
12678
6927
5000
4130
27133
2109
18804
20001
27833
18939
29107
17418
22830
8566
7988
14655
23720
22911
25320
27223
8084
11515
2316
11678
29699
17642
1700
13196
20119
5205
22848
16398
21908
27968
18023
10303
11540
18766
23624
27034
8828
25693
24065
9471
16426
9839
24093
31307
31116
31592
112
3707
14135
13414
12605
8454
11537
20367
1153
13974
27380
3946
6170
24129
25283
18927
30321
19745
5843
3915
14845
4357
19661
4877
12693
8178
8687
18389
28031
8289
19803
22157
29598
7335
572
26724
3844
15430
32263
21220
12376
31087
6374
15516
8755
10098
19435
225
6496
20458
4163
20691
5581
15705
22793
13450
2199
29520
19492
382
22385
31468
2089
23296
21740
27494
247
12466
30486
27698
29101
26086
9228
25026
9495
22478
19282
8705
14078
13195
14053
1371
29257
28178
24741
2208
21592
13577
32560
7865
14341
15003
21509
20631
22040
12394
17486
12992
18853
9503
25785
14859
21738
19836
17965
9304
11809
3560
9517
18526
30558
11726
376
14512
22720
8745
32659
10697
5688
6671
17467
1629
13876
4721
6508
11876
3900
17382
858
7534
17127
7788
4480
3989
15270
8856
22836
13367
2537
6975
14650
9067
4612
4070
11020
23341
12014
24996
18919
12080
8308
20512
26407
1927
4661
7130
25660
10397
13381
12205
16127
3346
28849
30330
1572
11595
8202
9774
4721
6744
31791
31173
10256
5148
10566
5855
9157
23816
21333
13485
24668
13053
21863
23935
3715
15800
1109
27126
5698
11844
27784
7271
30880
13065
23756
18036
17329
22727
28837
28664
18064
2811
26172
23238
29619
32303
24702
30568
27170
2377
23045
18543
18214
14339
24019
12859
14044
31270
9412
9833
14092
22932
18069
6280
15673
9446
8361
13793
8425
11555
3480
970
14644
12082
12632
9883
26121
16531
10121
31046
29290
7636
1343
4081
13294
9171
2971
4568
3617
25209
19703
30832
21309
6879
29662
19
17808
25805
22496
24030
20121
4255
29501
6940
23746
21769
30322
2397
31853
7849
30981
25134
2824
8313
13597
18368
245
11098
2441
1438
10276
19256
22200
9694
16232
23293
25225
18126
1470
30162
4059
22047
24202
13822
4497
6887
20392
6703
24406
28818
24987
23499
31784
23778
1511
11105
21885
11605
6486
26486
12542
21344
4308
8815
23715
2149
28423
11844
15070
13759
3720
19910
4555
2172
8323
20764
12222
1613
20082
1088
5845
16062
24381
19508
29474
22124
8196
21355
14524
7136
30596
12647
9185
27235
14286
11895
28191
3335
9581
21225
14624
9276
8544
23467
23310
1395
28880
28370
5267
30081
15809
4510
20323
1979
1676
23702
30111
11906
20701
11486
29739
10622
4762
24249
27086
27445
9059
18502
25742
12708
26737
620
4918
13630
9354
29813
18
1175
28326
24293
32424
16948
9296
20132
11722
4732
6684
22636
6111
6262
18731
26141
5299
11895
18435
5265
13424
376
11376
8988
12008
951
20897
21080
22994
24139
27392
16976
21441
32588
22849
31323
16379
11425
6493
27958
26250
11529
29993
28546
27270
31266
20633
29088
3411
16026
23101
3424
15083
6432
15473
6892
32673
20004
31616
20162
10392
30452
26295
11864
11239
6262
27348
2542
20362
12956
6652
14274
13803
9194
30427
11682
11982
27220
8286
18343
8746
18184
31607
28066
4165
3230
11725
13248
27854
10084
26276
22976
2431
19103
30338
11111
20573
4229
18598
20511
31887
29404
30086
28125
11668
13399
30693
16859
11394
32234
16056
12527
5045
30968
24828
22922
17737
88
14049
26585
6161
22058
29933
7265
19349
1886
5000
4704
32
22031
29343
15093
28761
20580
26601
11
30709
446
12872
4892
28266
32102
10089
19946
300
3172
10339
31319
22213
28771
11116
17314
31211
29655
19867
25759
20078
11976
27001
19639
15681
19171
19164
3937
24217
9264
9766
20706
5843
9095
1447
28335
5394
2795
20742
2686
32672
11803
18070
11584
20953
25726
27706
26151
4935
5121
23674
20404
17048
344
29693
15041
9646
26049
21896
30268
13127
4271
22623
10114
23369
9383
3956
1014
2492
20898
975
7232
26747
25326
26693
144
29524
27603
28867
7829
29619
15059
18614
12881
16927
14955
29446
1411
15806
26634
20096
29378
9682
13946
16707
5949
14160
3392
29365
13640
15454
25992
22013
2777
464
21291
6962
930
357
12706
22974
3488
27519
5920
5387
8928
10494
19247
9216
2302
19988
2746
4561
21120
3687
798
31709
18193
23251
31347
23058
12650
3830
8601
30345
12174
14522
32672
19163
7126
24180
11356
16569
13738
21858
24139
31951
26595
6343
2530
1882
14444
16069
31813
31703
6622
9742
12584
21009
14035
26367
20167
5694
14575
5371
12668
28175
32726
29382
20877
14269
15841
6815
24891
28871
1382
23041
3370
18666
3267
15458
17622
32121
30905
8317
11769
20773
27656
24914
18643
28836
21131
31822
24647
19606
23354
32546
12654
30111
27692
23316
1541
6938
23805
10075
10152
130
6197
1364
30519
4773
15496
22972
4810
29166
11741
27294
24432
29155
12497
10404
8762
8293
21409
24561
22141
12294
5232
20722
25414
11413
1196
27106
7155
18567
26611
19487
31821
4276
4090
23539
20019
31328
19001
6113
7365
18751
20358
28669
21783
8541
4103
16052
2360
5231
17586
9811
32286
22961
30235
24894
11753
15234
16835
7256
21439
6724
25680
23510
25318
5248
28409
27802
9996
6423
13292
1464
6965
14971
4180
24983
26634
29988
12789
16411
28851
5470
9398
16615
2226
24576
31181
482
14312
4674
3520
16546
25806
10895
10030
8183
9999
5480
15882
12352
28821
27514
120
18957
25421
25278
24953
11017
6269
10889
7662
12538
31972
61
10295
5932
10341
21609
26517
1899
31187
30650
22456
12932
32249
11178
24287
10350
17650
21273
1786
10457
27976
14624
3897
21729
7404
14084
8345
17646
24257
28338
2364
20880
9599
1741
30749
21557
2880
31121
22181
11716
22054
4198
6123
17608
12913
10313
22931
2331
27025
8895
11557
10873
5382
18674
19065
14813
24742
1185
12154
31265
17995
10973
11817
29360
20838
20563
8892
8611
8903
917
23956
1044
26876
479
29349
7443
19254
829
3456
31844
15964
18594
5797
14275
28148
17530
3067
29386
27776
25310
25515
21137
30701
23505
25641
11883
17885
3021
9014
15773
5106
31146
9781
5984
19457
25465
6529
24072
8705
18154
12269
25358
6880
32247
7980
25692
23552
28381
10621
12256
2178
23638
4880
6133
2212
3137
27626
29542
10037
2211
7135
20278
25063
20641
8934
5054
31287
32364
4077
2743
28442
32611
14422
8200
1334
31356
15405
10574
27982
1456
5620
651
20035
10225
19722
23570
2486
28898
17823
2203
1945
27188
27757
30510
2345
7101
28955
26042
25661
30946
29544
31951
10874
5235
9295
2421
18603
17374
29763
6875
18312
3893
2138
30430
8183
1386
22745
22781
3455
12755
18747
4392
13126
31659
903
22668
2230
11858
13019
16241
12313
6503
30946
11825
20382
12337
20618
2306
4979
9539
5556
18538
6418
27689
4450
19659
19212
8762
2457
2048
21973
2232
25641
7285
7782
27069
6865
15660
30124
32553
17577
8693
12599
8236
27551
16570
22895
8561
11543
29748
13793
14766
16682
19740
29316
10180
19678
25083
27788
9457
6984
19335
27126
18189
3107
28455
4358
9588
30293
14851
4808
1909
2570
18401
21105
31643
2853
23048
9968
2577
22567
22255
24892
20825
10320
9965
26217
7580
12519
31891
17503
4650
6327
18765
29956
14344
32605
26763
14571
27732
22922
1077
21146
5321
16045
27959
2441
12240
17800
10940
29829
22323
14754
26701
23351
12361
11329
25015
9493
8686
32479
1391
19866
30672
11986
12901
14245
17353
6409
21273
4029
25576
9541
14943
5780
756
14732
343
11463
16212
21484
23461
21866
21860
14590
23971
25693
21382
11553
14661
1578
20567
16354
14938
26216
25481
5259
7185
16560
6254
12122
25817
14458
11291
12714
23897
22745
22506
27419
30173
5163
2647
6263
1815
6042
3379
18479
5858
14729
15610
2492
13030
26229
29425
10081
27171
8363
27990
32267
31328
11813
17634
5727
23864
15970
1419
12734
12781
7396
29503
840
396
22218
16187
17551
12639
32365
29339
5244
710
4714
9426
25575
21167
3980
24867
21007
29821
10846
26026
29698
8180
18252
16838
27325
21576
29323
19738
27648
23794
28326
5096
1816
24337
5704
24217
22771
20810
12973
10765
6581
29180
2849
21692
14896
9722
18056
18459
198
19512
29169
12848
6543
12609
15021
232
29425
6720
29381
27797
23550
24380
31697
7756
23919
774
17935
24758
27511
29883
20680
26613
1105
17168
19410
17376
3039
4622
32008
28316
26693
27751
6629
31645
12367
15338
16472
5880
1077
10626
32497
32248
22271
32476
32548
24015
20419
3628
19358
21155
22645
6786
1843
29162
21454
28960
765
30140
32497
759
25043
29034
5195
28507
967
18528
23920
13013
28280
4178
3865
7416
21004
16451
14262
4266
7691
159
26356
27680
19356
1068
25542
10400
6957
9340
31559
27458
4566
6150
9132
2386
25536
15369
11426
11322
8786
13807
17935
4841
30659
14775
4389
15008
22161
4666
29142
22405
6587
26505
4275
27198
8711
3582
20403
13229
19987
10662
14698
14297
7164
23000
9041
18590
12747
29086
32663
6919
19175
254
28579
18605
3405
32510
27235
2179
11609
26537
5867
6713
30493
24537
2622
7958
11063
4137
31513
1973
28565
119
13096
536
22046
15947
11930
5035
1269
31532
22364
10985
1681
8492
29936
1649
6690
17665
20102
18740
15067
6389
3991
27290
28568
15932
28212
15229
29076
26675
20776
16733
17311
28620
28656
12741
903
935
25493
16218
19842
16192
29518
9882
19435
15085
278
12458
31165
9508
1184
21929
24610
27380
3384
30897
26372
5884
12356
12321
21889
10644
17063
17938
14532
31449
15782
19731
30051
10698
4840
11184
11773
26474
9728
25823
10382
20808
11140
10484
19540
18969
29618
15536
30082
31072
15743
14168
8854
6544
23678
8150
14441
19037
2707
28862
9666
8525
25429
31771
24078
31907
23858
4477
11842
9655
15552
15990
9192
1828
19605
28906
31335
15141
10824
1630
12165
4700
20446
31509
9479
20910
30219
30597
27679
28203
7982
16000
17778
32295
23270
21866
6466
306
12192
27989
10152
1459
7430
1774
4447
2098
25550
9923
7697
2772
25577
18575
18047
946
2806
20095
23434
3298
30289
29452
12682
30929
6928
24384
9924
15731
3372
1461
14274
29987
30659
5396
15842
23061
26289
2223
1444
2733
11025
29497
31911
18184
6421
6138
5968
14167
11059
623
21599
13269
20099
30965
20746
14462
15081
29952
2820
22184
27764
4809
13030
20109
31319
27744
18420
32089
11768
6213
9944
20006
11049
9608
18912
27601
4835
13874
27626
29488
7199
6062
0
28221
21583
10406
3561
27794
1435
13051
21522
25108
20599
11261
12647
359
6680
2633
19265
16796
19327
18409
1949
18892
28435
748
31886
16275
9233
20082
27009
26140
97
31553
13343
4629
17298
865
6755
15703
6977
3436
9466
27425
15804
1137
24595
18029
7865
7806
1184
10181
8976
18551
13777
14508
7735
7401
1028
26056
26066
142
23976
3000
4766
13687
5833
31110
19833
18818
23368
23727
8769
4595
8512
21217
28394
21589
5514
4857
19723
27873
10040
18113
16235
11982
1087
7572
19310
15430
29296
25994
29121
10746
19877
30413
24862
18255
21134
303
20674
31564
13857
3224
21213
24201
11230
29078
10886
32767
680
4762
22642
1337
19989
8095
9425
27809
29344
31206
746
29952
10367
10266
3944
8693
6025
29418
32434
2756
25714
1119
18433
15003
15930
26248
30623
21466
30842
29425
9403
6970
14686
20751
269
11385
9051
13579
7665
3924
25385
16580
21609
31085
27185
19067
22848
20945
16888
22358
31875
21718
8314
23264
26911
24618
11039
8361
14156
13202
21295
14616
31501
26433
18392
2888
23346
5185
9194
10016
1187
2939
14769
6832
3967
989
12107
8422
15960
27173
25490
948
9339
12490
6286
21448
32044
4863
7578
3537
1159
26577
24183
22454
7963
20526
20395
24557
16792
12770
16808
78
29128
15274
2192
13478
26563
5239
20759
2402
9842
23265
22702
11554
7816
23704
5959
6590
642
744
22504
5403
17856
19003
15053
17167
13484
19538
21218
19510
21378
4175
22513
22027
21502
9219
3872
9283
27136
7093
28395
1933
17512
1916
29593
23821
27711
31496
26460
27645
25198
2087
21025
8029
5935
9269
1316
13156
30273
30365
27722
22685
14156
10842
2511
20010
26440
24772
20965
28028
31301
28261
8879
20590
12121
23050
14333
16856
26942
6508
9007
30559
7777
12500
19461
8181
15981
3459
5251
493
8421
12393
29161
9667
32112
107
8326
991
3445
20488
16498
29370
6840
9156
9764
17708
10225
8073
27505
11220
25691
18394
1046
13485
21118
4681
28892
20139
17331
21383
4266
12021
21218
17895
24562
23009
5685
16663
23851
17781
91
22820
10523
6468
29775
15103
29091
10917
18892
20714
30554
27547
20326
19638
2941
17025
24129
17079
27972
2084
6624
12690
22789
25697
3895
9697
12831
2179
29693
10839
6259
133
13436
7327
19488
20099
8946
11358
11722
27004
29942
6578
31049
12827
25626
15526
29743
17777
25170
14684
16856
17317
19436
16889
18603
2773
28768
19722
10388
12515
15992
5081
21071
29003
29076
28383
16480
4098
15496
7330
8854
29589
29983
4999
19430
31942
18514
19950
17258
14463
1115
4260
24850
26965
12895
10401
17073
9481
3736
2898
16047
12741
22385
1607
8650
27611
15218
6434
8968
16175
30386
15778
16714
18661
24148
13549
4692
3644
23584
30750
8778
2746
20582
19117
32131
1458
10461
9524
3490
23835
18069
22026
8751
15097
16910
31393
26415
4342
17408
24531
9138
22034
9559
21517
24919
1049
13960
28291
25188
28393
30717
54
20023
6568
21560
30170
27509
20320
7041
30633
12672
31520
15776
17494
3529
25470
986
4763
20735
6450
23676
15899
4302
16712
13094
18143
7996
23054
16424
27464
9258
13292
31073
538
20399
24201
25751
15551
32523
4151
5405
574
32198
20207
3350
23317
628
29459
25776
15251
22559
18682
27409
558
22044
11360
30110
3226
63
2701
14846
23298
14448
3341
10047
21894
29404
28500
15485
21914
5248
5119
17056
14566
9965
10305
22034
29741
29939
14458
7878
27106
24201
13657
26874
32028
30375
16102
22567
20744
7345
7952
28301
13801
32218
24047
15993
7270
16152
26474
10357
9823
13847
789
12116
92
16908
8339
8285
26528
4715
21591
3017
578
2504
21449
31236
20922
10650
10416
8568
8629
10775
1720
2148
1167
31782
21648
27217
12308
6104
4687
20458
29832
26217
23789
10358
19656
14229
7544
13479
104
21636
12993
20536
4720
21080
8852
6912
5960
30561
23262
29336
7354
24835
5455
9590
30916
15431
1213
29569
2083
9870
19056
7241
14485
12749
23185
152
10199
18782
3524
19610
31765
16620
21422
25002
224
12288
20555
31434
20519
11951
2143
7685
20174
1407
7552
2403
10189
427
12314
30551
27471
21248
19743
19434
1138
3838
28195
632
2920
4333
17441
9321
24346
11985
10457
29279
22089
14042
29086
25595
30317
22898
2196
3098
13919
25299
23200
15293
21656
22480
24648
23549
20856
6035
16029
18979
3768
22095
20485
27591
23336
2297
21798
19372
16459
25752
3962
9840
18310
16247
7508
18067
26441
8894
8273
6838
18432
25727
19150
14902
13794
9682
5289
19898
25302
5279
11408
8522
5313
32117
8202
17675
2310
27135
3048
18495
27853
11208
20454
8321
14129
8357
9773
19550
8955
11646
15570
19334
16114
1885
29688
29693
12415
13554
30460
31566
17454
30069
7877
22282
24504
22911
15505
28469
1763
5466
640
6231
8992
22199
11166
22516
30035
24108
28666
9066
10982
29544
22093
7782
9288
126
26241
9941
11130
6424
22493
28199
4148
19984
28194
12909
4704
3838
382
21626
15746
3116
1312
29912
8294
30093
26908
24031
24593
25649
13393
29793
3990
16169
26622
19020
22920
13080
14142
20961
13333
16824
6829
24363
32271
20458
7430
8056
11207
12300
20072
12351
12582
6847
6095
24691
29048
14094
32590
31024
32554
18481
4582
24715
27945
23351
2378
27667
5451
26359
30681
6082
1569
9706
28055
18416
6363
25321
24751
9039
2759
4616
20526
18492
30055
29113
9431
11765
25079
5608
14089
20856
24290
20273
10304
31526
23473
25890
2959
6934
9857
29519
10657
22949
1784
117
12319
30441
27433
24558
23971
6544
22707
11052
28577
13263
6696
31406
4134
255
29321
19469
11700
18608
6924
11219
12824
3995
27399
13168
29619
28803
12781
22526
30702
3590
10765
12460
3362
27310
1372
31203
13630
30554
25363
12551
10157
1685
16046
9837
30907
15138
17580
3913
14950
12265
15526
24487
14735
18095
12235
23456
20877
25317
8137
6366
27991
2329
4550
11917
9765
2016
10919
5500
14187
14791
17454
10525
22178
12133
17140
9961
7497
4391
30061
32355
26881
8545
1745
16034
23707
18514
16216
26943
14154
31517
19021
22845
4315
20110
21703
17403
32030
19374
31134
1218
26698
1043
27714
25910
6119
15170
2484
5316
32249
12813
19119
2457
24395
30676
18638
14158
30174
25983
12660
16777
3278
28505
28008
4097
20216
25179
8672
24808
1659
13536
22057
12228
578
7904
26912
24003
26746
20212
30037
6375
9193
5402
24783
31162
30076
31019
5625
10703
24998
1729
11968
29233
19353
14981
9865
22560
4567
23508
29038
27424
26772
31575
28664
14919
6488
26794
6111
6521
2358
29338
14985
23731
19436
3863
17283
30970
14322
24311
15089
29898
11397
1816
9332
7478
22160
2439
27207
11964
27041
4768
28918
5268
32026
13707
28254
1887
22142
13130
21032
32345
13484
28642
8536
28944
7135
26079
8440
29806
972
11585
12761
26642
7310
31291
1518
18356
19678
28319
23663
12063
19832
26433
12046
19933
19545
24782
20340
972
21665
5950
26874
31391
28056
31561
8834
15033
13551
23821
12094
23783
2319
27432
22298
13170
620
18808
13272
4752
12798
29758
21498
3317
23298
6036
8205
14862
8578
13911
8918
27509
21004
18371
5318
8227
20591
18234
21347
14198
3858
29938
3156
32043
27702
5952
9468
18658
29995
31084
5990
3168
21752
25686
3534
26944
29727
16640
27630
8696
17422
26176
14678
4422
30054
28844
8300
14348
31819
12873
12447
3130
11877
30964
32280
12435
3390
26137
5865
31047
3713
6443
18607
7898
9610
26239
9244
12600
7074
23722
19448
20247
24166
18332
201
1399
4044
23414
5525
3973
17107
9107
10210
12148
15252
22037
15932
1182
2289
29971
8591
26569
1000
28635
15596
14142
19798
4557
27212
16481
24812
18816
20314
24270
26097
5274
14425
9210
7736
2838
16087
29604
9913
11212
23509
15660
5549
25609
4448
2661
672
16493
31998
15229
1927
4594
1762
17574
26575
31503
12249
20698
7935
28401
1045
11582
26301
20120
15392
26219
3693
30887
21928
22616
27890
14890
5889
23037
7976
26077
10265
5002
722
23133
7795
9649
674
7033
19700
18681
2692
18993
16979
19558
3321
18284
20893
13916
15256
475
8244
21427
15141
3537
4850
28118
6248
14075
27920
14748
28321
11843
8385
17575
22617
14964
19426
9783
4447
28479
15640
18868
7252
30907
17437
22902
20010
3481
13719
4574
25084
4924
8183
24108
8237
26935
28180
29063
9804
21845
32267
11174
11099
6209
8155
9089
14961
1277
4902
5255
30798
16597
15982
20586
18615
32325
28395
30978
19250
28682
19183
30161
15774
29691
32219
3807
9570
28413
1510
20372
24988
11036
6974
15634
931
18756
29384
14714
17208
32573
4482
15486
8775
26809
31515
12306
21521
5422
31471
7065
30401
15960
20581
13767
25572
4190
26683
14463
7139
10774
3267
13745
15952
32245
8119
7942
32666
4096
30840
26851
24031
25558
2676
21202
25973
3312
2495
13053
15578
29097
11375
32271
6977
5673
9751
5107
28473
19079
23115
25490
3714
765
27137
19851
8856
3620
18314
13938
7066
24361
24391
6728
24721
6830
2717
20698
22270
3686
27445
11551
17234
16505
14271
2310
1192
6305
5041
10817
1300
30639
360
12204
28885
31196
19103
762
30090
24162
4272
14320
14797
3623
11928
20010
5782
16652
28328
2667
949
32587
2792
26110
15976
25098
11916
14289
2035
31853
6036
1794
28585
8338
21690
30464
25106
6456
15532
14481
27793
16839
12824
25361
12369
2107
28996
19411
6868
26738
26353
2324
9279
29526
22117
28484
13580
21445
15280
4198
10855
25673
13441
7775
17397
28216
11182
24930
20835
25700
2380
28502
9885
11670
13267
19980
11970
29118
28406
10718
25538
7009
11297
20289
22232
23132
7735
14390
3936
14682
30924
20272
16489
1407
8912
23218
12472
10993
20195
15424
27729
18666
14320
18897
23476
18567
12615
6981
23923
4832
30580
28159
6421
14818
8764
32407
12023
25401
6498
26745
29079
32739
14436
25711
31355
3521
7915
6547
23117
13583
30119
25422
9218
21522
30050
729
2887
23773
14105
8149
22044
14822
7658
30927
19419
3268
18609
24686
19842
17644
12068
24794
10548
4390
3350
21249
1369
2734
3287
29263
14831
11026
13446
32103
12610
17951
9727
9605
10788
16125
6391
14125
29548
8766
30873
9317
11361
12775
19207
10483
25077
9241
10521
8127
24500
15238
1993
30013
11903
25951
691
21284
30168
2847
9999
26151
23193
4266
24008
23885
8916
27107
30119
17021
23163
16971
27005
27552
10464
9108
22447
31629
11740
4403
654
12925
14671
25446
14963
8575
15501
30099
12952
22458
21986
2903
882
30600
3386
4699
24786
8722
27044
14071
7623
26360
21494
20277
25934
12324
1805
7130
17536
29419
30091
14473
30329
16692
14911
18937
14356
13810
2451
14920
19409
7863
23280
20526
24087
29153
8823
29481
1615
32584
20299
3096
24010
10605
30001
11574
24871
5301
768
27815
4649
7339
27524
25210
30963
7637
2176
15839
12884
4084
19408
27408
5135
17768
3998
21148
20102
23694
12118
22186
22198
4936
2844
3127
31154
14707
15741
13984
2350
15580
32155
30670
15276
5950
28683
26684
22469
20502
25362
32296
29495
27273
32631
6013
27449
861
7846
11527
4272
10546
5335
31520
10426
27974
30353
15206
29175
30066
12162
14458
15484
1639
17387
5196
5033
7218
8299
7234
23534
32253
21301
7498
16704
14316
31460
24178
25894
485
16613
6957
10559
8801
4992
9978
24700
29947
6543
12618
24671
12928
32405
24518
15877
25791
9047
2559
8589
13344
14959
10907
16081
7644
17325
19374
15092
18224
18263
17803
23613
2496
31985
20218
10660
34
24712
10206
15918
2087
19529
18256
21926
3274
485
331
1420
1714
29941
161
30599
28414
326
20615
14840
18294
29773
21415
17265
25787
12357
27842
30709
4124
14076
19591
14286
24067
13757
16219
24993
25337
5758
5220
28261
19781
26587
27012
11423
27476
24949
13318
19243
2315
7784
9196
25626
21884
3704
29717
21511
11087
20582
1489
25079
8810
11996
18930
18606
17739
13834
21213
6445
31043
6451
20362
1525
6966
23542
2875
30184
29169
22112
24819
12376
12148
31866
5543
18535
10636
10873
19602
31891
18411
32208
17884
21442
9533
10789
24078
23436
6922
22053
13322
12274
7065
22390
26771
24394
13142
25324
11218
14554
28752
22903
11754
16441
9597
7161
20965
2013
13099
10765
17085
27056
11818
26809
26593
32648
20126
773
21474
19474
28311
22607
16222
18508
32347
21971
12143
26047
25250
3990
1990
21518
5759
13116
29379
25578
2193
3679
21000
28225
4373
21419
184
21758
16707
11025
21242
27586
8593
19608
10831
17721
7936
13623
3912
18986
17248
2653
27191
7274
21962
21791
25472
6916
31604
1317
12717
414
4984
7220
3285
32391
5739
22967
24754
30252
24895
5437
14816
32411
30854
2934
26931
30138
1893
13724
18898
20552
31919
25567
6585
18317
25951
29410
6155
18339
13203
17804
13816
20161
11514
7135
25931
4787
453
31070
25057
10215
20312
12068
10731
9635
19779
10761
10217
20259
18895
8670
1139
23015
17607
7046
8491
15626
13836
8181
667
10554
20984
7677
10509
7451
14667
20543
18307
6946
31433
14762
30632
14789
8557
6893
17231
10741
11669
14801
21561
9010
11678
23404
13961
12363
527
5896
29966
3144
6746
28153
13177
15475
8108
30011
31145
18128
1984
24903
3157
27034
7774
30717
12930
22593
8812
27148
14082
31605
4834
17043
16058
14629
1267
14435
4283
24390
5924
19775
10320
25623
1521
31727
7191
7521
12932
5789
4566
5389
10920
23566
22216
29341
19095
22061
25741
22420
20134
8685
27354
14505
12197
24121
18197
5012
20054
755
8435
24488
21378
15237
22254
466
1474
21368
2653
32043
26666
966
32552
24379
17781
24818
18932
23101
4614
22873
7774
19210
23603
22130
17489
14894
20091
17475
12490
30449
15860
7636
21162
27670
9671
21770
24079
3700
19374
15336
27053
19005
27049
15337
21004
31577
27602
11004
20888
8700
20761
6793
24477
24205
6070
27642
22158
14123
29416
26466
25338
9337
21828
1608
2680
29854
2719
11123
23879
21896
20167
3645
3673
28152
31116
9032
6820
24996
15486
32319
11059
71
27722
16836
25687
24078
27649
31582
15934
27733
30735
8370
17284
27799
4319
4930
27204
19087
24675
31342
22608
8373
19496
9996
13697
21031
23591
22576
7090
5610
1773
8050
4970
20096
11712
9422
21303
24592
25212
936
19933
28045
6372
19334
29057
5570
190
22718
21504
16576
27427
6175
15588
30023
6818
23058
18190
4525
8621
4187
17106
30946
1741
3574
7976
15959
30750
3076
23117
16505
2923
2427
10820
26637
4987
25317
14013
15725
20164
20652
17828
23797
30686
14054
6278
18169
26031
31336
30235
17840
11305
32324
26161
18929
10215
5760
4604
4619
32294
4148
20022
7761
5552
8934
1584
12161
21609
17191
14403
26864
19265
30364
8620
24413
8766
28415
21168
373
29699
31393
23960
18841
9263
30589
20575
23428
10305
14732
30461
30324
18128
31393
26695
12007
25671
28818
18152
24470
30672
20398
8426
22377
6754
21981
10905
16134
20103
12347
5780
22381
7311
9559
7399
1468
14085
16688
8525
10262
16190
7329
16331
28838
27944
14686
1560
4312
4771
6012
4486
13469
16869
20711
32257
22243
22542
28859
31084
10569
31956
18971
21349
26443
25339
25595
7258
30291
7706
29363
9741
13255
5053
661
14834
14126
25657
27707
3506
4184
3944
833
1842
1208
23834
8711
22192
12647
21106
16486
6747
4101
12592
28851
15213
25635
1046
10660
21841
10749
27802
1792
29801
13897
2537
21874
27063
32465
229
15013
11910
7016
28188
3074
22130
22137
21977
22369
4026
21683
14243
6005
2816
25144
15851
17285
3113
3578
31326
16090
18428
923
32407
16306
2183
16316
21127
11908
32204
26603
9936
28053
20152
16694
9394
30535
20588
23972
13936
10910
14906
29280
1964
673
17465
18518
28644
25887
23251
31785
13688
29246
20407
29127
8648
24966
23054
29972
1609
8993
11149
12996
12056
29412
8554
4518
11204
9739
