3204
24466
4214
9461
17768
15750
14776
26340
18087
1583
16724
18097
11441
13851
9501
6001
24884
18658
12909
5667
29016
26680
9447
16278
6073
12711
30252
1107
18927
22852
22643
29906
14604
31031
29742
30640
32724
30579
23465
23411
13725
29868
6653
22111
575
22779
11077
27663
6798
27295
9620
4745
9693
32146
9953
14086
29755
3318
21846
21189
29113
31034
15592
9553
24581
5587
20904
1336
19528
3756
27808
13583
13595
3081
24391
6235
9741
14521
29391
20073
18432
6430
12593
11109
9640
29068
648
3258
9797
13522
16992
27699
7979
25447
31113
15453
26071
2032
24831
27202
15702
18790
31052
27177
22541
20667
7416
13538
17110
23483
19529
9611
19352
4833
12245
14757
845
12015
3260
17178
6109
16270
16027
5648
27776
22451
11368
5734
765
14995
9164
1423
11005
31314
13423
24881
12478
24702
32473
4065
5045
9784
2514
12547
32555
14518
12437
2627
30993
178
13240
24965
23454
8154
6643
27112
21849
9375
12430
24911
22610
8085
24327
25052
25077
18645
27114
19534
8338
8064
6819
9493
18994
22153
24992
7344
1147
1376
27111
26945
3062
28673
26593
9209
11293
8447
32571
11213
11991
26689
5550
21125
13971
13644
19321
8892
30556
25921
24918
8128
9750
20972
28769
32676
3890
265
13923
31739
17370
5736
30589
9486
17120
15229
27092
16261
31125
9399
22390
22000
6243
6263
9611
20125
10660
30607
9403
9747
16461
24022
7036
24177
23858
32049
18811
12758
3357
12725
31213
21102
26573
18827
9674
7905
15391
16205
8121
30091
11704
14399
1515
28062
1763
13174
3181
28884
18982
32244
17939
26622
18804
26782
23899
13123
31953
12513
17388
9752
11468
26541
27762
16751
10780
20299
5672
7217
1777
22361
29546
16145
16524
23125
24516
26171
5270
26891
25080
25291
3819
12909
27040
1971
13610
1929
352
4897
19000
10722
24849
7074
31389
29519
31994
24018
30079
26535
5630
3197
30207
4935
7465
12777
10799
30049
12137
32386
18517
4635
21683
1866
1355
6209
10006
8515
13047
5426
13786
17652
12794
24854
23869
21414
15935
31019
6208
1489
16084
2729
23158
8645
26774
17364
8838
14574
1837
28208
16326
27085
29172
22079
15219
31863
6641
31376
13375
4716
19222
13915
15432
18594
15456
12949
30395
9890
26027
10364
10381
4165
1160
11736
7196
17028
14091
31464
14100
7020
23109
32477
29445
6405
19594
24143
32073
32312
12441
5808
1224
29029
8994
31785
19274
3690
30006
28603
17290
28342
26827
7023
11961
2058
13861
28521
22811
8243
31936
2923
4945
31649
15134
18540
23169
11977
318
2530
9891
18468
16681
28228
15082
14647
14564
15706
30467
26260
32735
16338
4918
27923
14584
18273
11521
11416
29834
4531
24009
1658
12686
800
29632
30383
2758
7475
719
6564
3878
19445
93
17719
25698
9576
13203
22659
1313
26575
21600
28127
7485
21633
2711
21968
25835
17936
14073
13208
6182
28819
15408
8530
27337
1523
31216
12493
11840
2646
31440
359
6161
25879
2926
10617
20623
27795
23375
26570
22314
27709
1537
31579
1572
9073
27142
25133
619
8436
14196
5272
1613
25128
29235
29411
17605
20777
21495
29179
12336
4468
31232
806
13362
18219
5082
27908
25819
32411
2279
6983
9926
295
10504
19042
5883
31495
9752
451
21794
26345
11312
22423
10118
25864
13499
1228
4496
18689
25298
26958
31238
19873
19780
12285
12862
17353
13913
22127
18015
18086
7592
21109
638
8054
15219
21406
17457
1636
23411
24807
25761
8265
28917
21731
11403
16370
17094
2547
16854
30650
4148
15447
6251
29294
2687
31881
4059
16105
2114
18374
31157
17744
10035
11315
29486
16179
25827
2701
9696
3946
17814
14732
14898
13136
30223
3915
6047
17458
16765
19894
28280
10547
16850
14398
17435
6121
146
32614
13485
23934
15227
17534
4798
29969
26834
17517
10629
16691
3772
21116
4689
17969
13509
19254
17457
14578
22130
5922
4591
7762
749
30035
11338
32195
8749
29153
25462
9736
558
6429
15536
12114
5932
1263
31477
2264
5970
22672
27182
29348
23212
28046
32716
11729
1752
14652
30226
27488
27644
11773
8370
1341
29407
4032
26787
22038
24550
1576
16731
15845
15481
10535
3021
590
4546
9629
14377
14063
12805
13984
24248
15502
13371
13088
8754
12859
14710
107
24620
2396
17331
28002
11965
6565
8554
25559
1586
16644
12434
23871
13718
4832
25103
11333
5158
30151
7240
27706
27857
7073
20952
21770
26486
19620
20853
3034
13225
15628
25987
23434
2931
17966
14673
6751
15980
15734
28190
24836
6761
14816
7775
6186
15714
29581
22243
30270
10617
29328
18806
15700
3642
724
30333
8234
27751
7700
32754
14405
11915
15292
15264
16201
8710
6156
18969
10148
13018
14529
20716
28742
24761
17796
29246
8151
28511
29173
883
1928
28392
9301
10382
8417
5577
2652
3066
20957
13023
18702
31024
23601
26931
4328
8925
9132
2738
12287
11138
29693
20578
14352
4074
11278
5676
19099
790
4363
102
16304
20050
7402
4448
10607
22176
9456
22285
28088
23518
24648
6455
8376
27107
32129
20955
31740
25139
8323
10443
22169
5690
23230
4867
29083
8446
14613
19220
24293
6586
17940
16401
18989
10914
24164
6091
2639
10340
8302
16966
21272
22342
30715
11689
19730
3659
11554
6041
11185
24984
2623
11282
24599
7017
5388
5972
13898
25427
22616
27743
28067
10157
23630
17719
9986
13833
30422
12708
13140
16738
17877
13516
15769
12152
10420
12224
2733
7402
23702
16810
29070
1230
11677
19144
2314
16652
32178
3596
9423
573
32629
1387
13139
24781
32240
29441
14804
24649
2045
15840
24411
16101
6931
31445
12677
4092
29158
4219
13321
3091
10972
618
16836
26951
8174
23986
31375
31844
20316
3971
27316
6106
199
28620
2530
17142
5235
16060
9348
11616
25627
14144
851
21140
6229
5065
32041
27999
7566
26805
30777
23680
8794
20667
25061
27832
18651
24287
3082
182
28992
6396
4324
6537
24679
11756
26431
11915
24220
32383
14565
23841
26836
9827
12086
5231
5731
13497
4126
13173
15573
32170
25221
3874
4458
13064
20986
7824
6541
11408
5399
2202
6932
5304
25873
3344
30270
21414
19047
11245
30884
17708
16705
24644
28544
6366
28076
23323
15131
11165
20836
30706
10512
23952
21998
14977
25403
8814
14420
31322
15930
13106
1033
32266
14280
24070
19063
14539
13335
2837
1594
6855
27362
25975
20208
2351
19185
9808
31134
19849
32667
3700
3509
20940
14152
26943
6827
28482
9615
32614
26576
8884
11099
20239
14449
7551
9181
1279
15506
2347
15028
29018
8373
25296
9078
23284
22782
4075
22634
17411
7678
26455
22466
6208
17186
15156
26728
25029
5121
9528
29284
601
30618
11175
29044
5090
4765
11340
887
6164
31408
27485
21506
13883
18194
26799
32512
10133
10228
17702
28181
14905
29648
23964
2571
29575
25735
3293
5744
20199
18702
6035
8050
16042
11019
3475
22229
27992
10630
24039
31230
16255
2549
4294
5886
23931
10370
19111
8527
1919
7401
2101
18778
16585
20616
5285
22978
30920
520
21093
25099
6599
1849
8651
18962
21551
20646
3245
19937
8442
7017
2035
20519
15465
1655
585
15525
14628
15613
23818
28758
32294
31864
21889
12681
8851
16409
25046
10364
10378
5002
23122
32587
31967
20517
26678
2380
16703
12701
22944
30262
24507
32194
23914
15319
28831
9670
17138
25510
29503
13014
11143
27825
26442
30349
29101
17129
2303
15892
30676
14594
6252
8795
19040
23931
30038
21727
6589
29567
17790
16016
30912
9565
19566
32235
14690
28178
6577
1220
8056
4936
16019
4099
23634
15038
12351
12987
24009
31583
5739
8229
17698
10813
24566
17861
17969
32604
9400
27434
21554
27560
28632
5831
22602
28799
194
22140
18429
16170
21901
29743
4956
18465
12701
26621
12391
17253
20370
21873
2359
26573
24940
6085
28275
3554
19055
15485
26409
10670
17966
19409
32659
27372
26612
21778
1947
20694
1908
32339
6414
21979
5270
13284
29133
16501
29735
6163
14343
17899
24564
18464
21622
19077
9520
21731
19776
27839
14790
23063
8493
18279
29491
6068
29401
10960
29777
29748
22440
8387
9322
30844
29902
27380
3387
2561
5282
22121
14477
21089
16166
23825
18780
18502
12465
17008
12483
18243
16555
14356
29275
4114
16737
14241
9556
31745
23822
17377
28729
5226
5253
21586
16023
24155
10798
3521
3225
23315
20020
11458
20052
26374
16390
31864
3989
15210
32058
7867
2942
4014
24304
32400
8743
3105
13097
592
23481
11135
2874
26721
20298
26424
4946
29736
8766
8814
15391
2278
20276
6519
9672
13595
25176
22903
25912
13576
24315
1892
18861
1477
16080
11330
8247
1582
16083
9053
21300
28993
20171
31982
1605
2477
29708
12674
20903
4929
21999
6416
19901
8281
31764
15082
609
4116
4189
20157
20982
27743
7320
31813
28078
5046
29255
12175
15690
22843
7150
15326
11835
16173
278
19459
17800
25176
14567
6731
1820
6337
27799
13079
26170
17060
17396
95
31230
20053
2240
26512
10210
19958
12892
7442
29574
3796
17602
16967
1664
6289
1368
6037
22623
25221
32114
15709
3229
4018
24662
22557
13800
13476
20078
31371
29580
27175
21217
696
11255
9420
16574
20480
12489
23442
28179
1476
29414
15497
16254
32551
25256
29835
18821
25876
18066
30051
205
20015
29063
19563
21098
4712
10793
20534
16098
24762
4393
21564
28288
16957
4378
2616
20464
7521
19792
10431
13307
16588
25616
14797
20435
2757
13611
26207
17062
5279
32530
10476
30938
7099
28973
24681
32265
20774
25121
23958
30968
6205
12306
24314
39
6376
18848
3717
22240
13870
9596
13368
4825
5656
1657
13599
359
6837
30603
25023
22228
3359
25214
9786
6803
26133
22373
19119
28650
16342
1376
11188
8140
16259
31463
13674
10517
32129
29440
6917
6364
989
26731
13428
7439
19605
11259
2819
12708
6601
10801
6395
6996
25262
8109
16619
27664
10549
11205
19464
22308
28931
23626
23813
29342
23500
25672
7809
29567
17925
14833
2312
13657
10330
15831
16819
5620
27466
18173
24595
14057
20999
30328
18806
29280
28048
32167
2369
19998
20372
27144
17502
5263
13447
5832
2133
859
24050
21229
12850
11350
13843
28246
30597
23692
21196
23670
975
14321
951
17733
13229
19911
24796
17341
14840
19850
23132
11665
30730
6768
31055
18102
17489
28798
28662
6284
9983
9858
1403
29222
163
28906
30126
14776
12397
6773
14039
3058
19849
16946
28229
15516
6905
31896
3606
9603
25783
32534
5881
13967
8785
29121
12541
5241
27582
27897
28419
30134
20293
9552
8487
9780
30150
22198
27281
25853
8859
13788
3939
16859
21971
31628
19062
27331
1879
26574
9460
14281
7012
2885
4071
18422
31995
15585
19057
32303
5161
4281
29930
11047
31662
26988
10826
10162
2737
32247
6188
28338
29679
11127
29190
9456
16080
14879
16003
23805
27613
23407
17409
4311
26773
28515
11100
28911
3093
15628
11461
15722
3411
28013
20803
24092
2139
6460
25685
1926
12620
1681
7963
10327
7605
19820
25438
20355
30766
27848
2075
28565
23383
20634
25470
8386
1135
21236
21288
26280
6955
26196
17784
26011
29600
13700
21639
28211
24739
16770
1203
32244
29037
79
20024
14705
26432
31226
14195
25688
24377
11501
27312
7688
15353
7912
15847
17081
3704
23991
23932
8639
2268
2353
26781
1350
31205
8959
6836
8484
16551
12181
17156
24791
24015
7483
8247
1417
2472
17358
11152
5609
18621
22952
20436
26859
31577
24997
31498
32660
6944
22647
32601
3574
21150
1594
6040
13469
27946
2340
28448
23970
27360
10595
2251
24793
10660
8344
28806
28928
3948
21852
22716
13564
15245
30736
8861
8331
20591
8277
24325
1785
17447
32328
15649
4407
6727
14634
28493
6625
22876
21912
27437
25851
10594
26986
13345
17785
4861
31053
22650
591
6957
29114
18730
22517
19205
1373
10496
4614
20069
30586
24009
25496
24606
24591
9503
14604
16191
11739
10679
30574
3277
29496
1617
3194
29080
25156
31724
29196
17186
23041
3221
12407
27654
177
13258
23923
15256
9131
15499
15528
26280
7573
19040
10875
13347
32084
24321
1557
31960
5414
11746
8039
29707
29255
17895
18640
23500
22140
21186
9849
20314
13579
15798
16664
29107
16681
10490
32230
8355
29819
28410
3886
12038
2406
15510
9116
8091
21690
2327
13087
16415
21820
12655
12329
25978
17735
12501
11079
99
8900
28539
18248
29221
27442
3419
14642
29878
4234
31458
15951
24963
29475
14189
11270
29059
22218
10261
29858
11100
19685
14841
4495
20563
5795
4903
9945
29072
16900
8340
22223
11301
7313
11563
21497
1424
22803
9324
22665
13544
29319
5535
18665
24517
1221
5768
30613
502
489
15028
9273
6044
23322
30714
25398
18181
10910
3983
7020
153
28549
911
17288
11961
17437
22688
18453
2384
22891
31247
31238
28281
2734
15197
11898
14831
13364
9294
1111
10994
10189
17141
8935
29600
22030
29256
3604
25358
4687
31825
422
16531
18873
19801
23096
10521
9642
1069
13944
19376
1854
805
9746
22653
125
20632
4593
29848
29562
27599
19873
19218
22893
10121
22793
19465
8642
20157
20740
2684
29524
14752
2236
9628
22211
18508
24850
23432
16375
10053
28440
11298
26907
13849
30136
10143
1754
9191
28876
29391
6494
27916
25385
20475
17603
13559
25405
30317
1478
20713
31211
10611
30819
16426
11887
6825
19816
177
31727
21617
17921
3076
7720
25976
612
23360
28465
23891
28405
4720
19755
2366
18634
20962
11426
6721
9384
2719
12140
19990
22248
9907
4526
14559
703
26495
13816
29971
25076
22055
19760
1991
2295
24409
11901
1766
3651
4391
18477
25213
29514
29253
2877
23916
30001
25623
6480
10692
18526
2027
22675
3463
9514
31572
21255
5386
10616
23993
9366
19722
3711
25474
31404
4856
4256
28321
11466
10847
4821
3062
12942
31472
24828
9920
996
32718
6683
6629
7994
3477
12682
19768
19423
4516
6529
15688
23451
9067
30562
26740
5725
9811
4350
29225
29787
26858
32562
14814
18472
29520
31457
4825
23037
10464
1352
24575
26376
22141
6222
3638
23722
12613
6824
11391
2080
26349
14522
31347
15232
24930
9230
14940
3735
3259
4829
29128
3869
32103
19367
17061
20973
19198
26452
28462
32297
8189
30762
21884
5069
1410
32667
21322
22041
5715
4411
9888
19970
21325
20086
25
16863
29188
11414
24214
26565
31621
26065
15801
25986
16120
1143
13888
32591
17153
19754
13775
26207
1749
13844
18250
19920
18503
4169
28541
18000
11055
12808
16753
254
14582
8695
23043
27528
27475
15619
17035
2225
12795
19512
4778
22301
31790
29755
11035
14001
2362
21531
20092
1763
30237
11895
22444
30791
27154
10471
25029
25125
9728
23071
12263
28576
1068
16360
7299
32112
23236
20360
30871
24670
8576
2152
14650
12810
1873
1279
4505
6444
25506
32268
31044
5017
32239
16483
2914
2764
22771
788
2187
12294
13308
21638
21291
20541
17164
31550
28548
11188
7488
4271
19893
19614
13227
17730
32215
22307
22643
10008
29585
5438
10583
6374
25200
4575
10939
25662
22969
21506
24597
24050
5225
21249
13282
20885
30693
22385
652
27156
21793
11264
11340
13171
22227
15177
18482
6435
6103
8168
8131
9391
28895
1622
12783
24838
13933
4623
7152
11706
23754
29234
23014
26718
23995
16098
28294
6053
18625
534
299
8087
29339
11496
382
10634
21473
20432
26688
32129
24307
10298
8551
19815
300
15816
2981
21163
1539
26189
7348
8805
14709
25767
14252
22911
17046
28995
14899
7804
27917
12553
32097
9828
11675
21057
31080
23649
3321
11170
727
12
9606
13845
24224
25681
18683
23560
7806
2522
22246
26463
9417
3926
17708
937
24461
18508
1238
10740
27640
8653
10754
5395
8186
6181
18073
20474
24360
6837
870
10741
29067
22345
1819
8462
1700
7916
17304
3969
10105
2228
14176
16254
30755
17228
11343
9483
13986
14381
10268
25506
11493
4889
30305
14645
25550
9390
28787
10442
20908
22504
14389
30782
10436
7741
19007
17857
22642
12442
7331
24126
27403
267
22322
22263
13325
7912
29452
5450
20435
10126
31987
1675
26173
13995
3126
17136
23263
13579
2774
14794
3694
7769
19327
19183
767
2643
27352
8571
21987
8434
31045
692
14998
19238
31068
1369
1916
10731
12004
12291
32218
16257
31173
1023
20058
17779
25014
18131
12292
17945
7786
6265
29730
16843
17221
28248
9758
22713
13355
9427
2352
15141
6495
26008
1223
18873
19334
11108
7269
12134
23899
23987
15441
1050
13298
730
11735
27018
14290
10941
5700
22473
1540
25025
14355
12743
17852
1803
20956
18419
19599
1316
25364
8307
11463
24516
23221
531
907
13424
27304
24963
999
13098
2976
28400
24654
10916
17820
4743
3244
31436
6144
17102
12974
19849
25621
5622
11937
4712
3502
29519
31450
523
932
30053
2939
2410
24459
16820
2432
6086
16449
19549
11934
24666
29060
12070
27444
10885
32464
21973
26956
28699
26198
21703
29072
26870
2344
810
18616
14694
10821
30569
8129
1717
16622
21502
24977
11212
19299
13347
9767
22382
21255
4009
3055
19627
31584
5819
11253
3178
17792
27771
9623
23080
5711
23883
29760
4098
541
12404
6055
3636
3272
30729
31669
3669
16398
32189
19679
31389
17589
23357
22378
20447
1506
27031
4583
21394
514
24054
1298
7201
9895
1364
587
24872
16322
30560
2564
21811
11492
11852
2046
8705
16290
25144
20147
19155
29372
18736
9398
31201
3905
15572
19113
29047
22132
16386
7419
17568
20392
9572
24556
32089
574
23238
10376
18182
21691
21178
2918
14159
21070
28505
7434
2778
18199
6458
3634
18564
30845
13464
15984
27582
18024
15802
24126
25316
15381
5678
16484
11791
12745
12952
28590
23590
19429
20545
23548
27456
28216
16305
15446
31456
31763
13563
18667
5645
15846
11822
2768
6477
2902
28649
18494
28761
30064
14176
10628
8281
25906
65
13064
5505
19191
8093
24873
6220
156
6497
27490
17643
14428
29260
8515
10870
18885
5827
16410
30245
13950
19874
32442
2304
27208
9726
15966
4843
9837
23118
9252
2630
20640
12686
29563
27965
25181
19701
4450
4948
30430
3574
9768
12713
22576
11657
8481
24213
15271
1313
20769
5085
16646
21646
10435
31223
10203
12443
14699
8638
18956
18110
25881
20639
12767
2304
25644
11902
31237
2959
27152
6678
6650
10647
11346
15060
31934
8001
30980
2190
27596
24935
21935
24850
12308
10401
23976
3046
15705
7199
12832
32320
12275
12602
881
21447
27009
18257
8653
30549
6146
29995
16814
23088
17903
12061
19392
8943
28665
26909
31462
26396
23671
29739
14822
3293
26998
15014
9284
27633
280
12124
22798
31038
19993
21460
31579
22517
22599
1046
26893
19739
29179
4741
26632
15640
4856
17278
9585
14630
12879
4850
32169
5278
31124
2706
22823
29303
20142
11714
17557
25209
14947
3848
13537
18468
31497
17993
15620
20050
27295
32308
26578
17399
60
14898
27807
30710
2511
22194
21253
29218
8352
13157
7323
27118
32266
12353
20227
1731
26701
18167
1311
3008
26608
24189
15640
10684
6981
4590
11312
18242
11614
27424
15655
30827
1476
10069
6935
22693
28333
20678
7638
13971
2375
22732
29471
31194
23414
14265
23519
6911
22409
6231
6964
301
18623
16349
30529
27067
16145
29297
22103
8531
29114
13599
27054
12748
23304
25500
10392
27288
299
18574
13933
27879
24553
14952
12441
10675
21558
32042
7296
5162
17889
27267
337
23090
18694
12864
24993
30627
11335
23147
24993
22790
9484
23
10930
956
9092
18634
27575
3422
26953
8922
17459
28032
30977
24118
21842
13213
14300
27395
25765
3476
17316
6712
1115
13630
22179
8726
24802
3835
8460
1112
4919
7194
9640
20975
15869
22518
866
17320
21668
25649
17920
27629
22396
24499
21836
2687
8443
27039
2379
25256
18282
27548
17343
10920
31969
25787
16593
14054
8819
751
18063
1849
29752
31811
13539
22085
15212
1991
14489
10922
19023
21840
7246
12980
5133
25685
18267
15812
8840
11144
17196
18985
6600
28067
11124
18102
3572
25907
17142
740
3950
551
14928
26509
2654
19631
1866
8737
22899
6803
16760
27747
23927
27261
1702
20799
31071
1261
1979
18714
21225
4343
6187
12623
24229
23550
3622
20949
778
31286
16174
4545
10822
7981
2516
6111
3541
29516
28483
21577
21061
367
22625
32226
13635
16402
27024
2423
8151
285
10357
15181
21470
30821
5849
18554
12029
29500
6503
14861
1618
8508
12442
30663
22658
1484
14607
30698
364
4771
640
7191
21372
19209
18416
10527
24594
24418
24581
766
21883
19162
27025
28961
4146
264
5589
9338
15650
16179
20234
11725
6210
30687
20172
30705
7844
32196
12549
2570
8166
13372
2497
7880
9796
28671
31704
5026
20851
1944
21734
32490
22951
14770
25754
755
850
28133
12809
27090
6257
30309
27244
16468
18698
24869
3460
13110
19559
32629
24074
16544
23144
9963
28039
23135
30755
29800
1605
20122
2503
6384
32212
23403
24132
28636
434
7815
30162
3633
29077
26856
4157
17921
12343
17143
23093
21952
12960
10694
32438
3753
6910
6958
1813
18507
29928
30608
3179
16197
4007
23772
14165
24245
10139
32330
17611
30657
15495
17080
28418
8298
24536
21656
16835
24022
16805
19322
8046
30783
5604
9442
26986
18435
17590
7392
4302
4828
26143
6116
18499
22474
1071
26388
5972
31670
31680
26133
28889
23682
11513
3117
13718
12709
20550
25707
32715
6339
17514
236
5173
10695
31900
5002
22633
3498
22897
1131
18389
27435
31990
23235
26092
2176
15491
659
31397
8651
2539
12251
28038
14771
28414
27041
3317
28647
21341
5653
32370
3951
5909
20770
9345
3712
26879
20956
27181
27931
19797
4907
22322
14002
13828
9149
5585
28986
1196
19639
12019
32114
2488
18997
29205
21719
23558
9087
11352
3371
4409
9602
29421
7954
25481
8111
31495
1675
28607
3199
1178
9605
27742
16766
21886
1356
11366
30930
21024
9826
7137
15776
16322
5973
1018
23007
8329
23436
19030
21578
31286
2229
7349
1106
10883
2446
31146
19199
24553
31195
7068
24720
19261
28504
14171
27281
32717
14634
25233
6002
19076
29961
21931
18472
5358
25796
12519
4846
30792
1427
28348
6105
8175
20298
7939
32243
8548
31880
7267
5637
32447
28925
8695
12708
21104
21427
23048
18435
14566
27108
31380
32753
12300
16651
20035
16889
32208
13457
1386
18925
29119
11087
23669
21530
23131
8386
22349
26572
13878
2757
2927
5115
29833
22272
10435
8777
8637
31549
20880
17580
9385
32481
13313
10920
21931
14205
29312
15660
25986
17807
20761
11496
14677
3133
469
1255
18546
28131
11980
30796
17696
23319
24713
25596
5926
17329
21603
2821
16088
3002
3837
7533
22031
32115
12977
3085
2100
1854
9975
31426
24193
16137
15809
25108
5140
14283
2898
6070
15967
13894
9344
24674
17520
18539
2724
27901
622
25435
7696
22912
10589
8218
2357
4666
29398
14201
588
16998
14981
20084
20495
15071
10922
10258
19603
15349
6480
8286
26210
32445
22317
12679
10132
28920
12058
19451
21809
2914
9381
17928
5095
30224
27109
30478
22044
29553
24295
28213
11413
18282
29835
16776
4711
22062
17176
3680
30924
19016
28570
25131
22687
22515
18312
26984
27032
28585
22951
466
10352
27144
29873
21058
22332
31227
9493
11214
16032
7234
26201
32480
26453
18274
4926
7594
23126
18650
29757
31743
9615
11215
21099
9648
3727
3612
28772
28994
30671
18264
2818
9775
1132
3477
1825
3252
8119
21639
21363
16198
5277
30670
24394
10785
30499
22655
8845
11333
2596
31471
24688
4446
24881
6558
4186
8610
2620
4994
15617
31265
29318
13112
11165
31904
22259
27049
28062
68
18512
7254
20318
12193
2544
12087
8660
16089
25690
22840
7008
30977
7652
27679
12786
266
13628
17688
22539
12194
4855
4303
7105
16930
25073
10474
19791
277
1547
14629
9181
22352
32156
27750
11298
14453
26571
20214
5963
20789
22288
4157
19864
25664
2165
30443
19017
19470
12418
6912
2788
32063
13634
4983
15831
3932
14960
26347
27437
14896
20471
31380
13903
11594
28041
16312
13004
10392
4705
11924
1501
12866
12239
29227
22614
21501
4240
25165
29389
10657
22792
27154
16506
1079
8002
18478
3256
4940
5973
10594
15647
1821
5483
14531
31679
16115
4673
23575
8715
12575
16110
13706
26515
27137
163
15305
18985
11359
27819
9812
13718
15373
21010
19676
32389
11705
26780
10118
3472
28947
6256
9688
27428
5003
21052
10443
29256
31820
12653
22451
7709
2433
10007
9470
11342
5398
31309
12704
16089
28839
29029
23940
4005
31298
17381
26266
21186
17019
3297
12565
808
1604
19001
12478
2610
32311
6147
3705
11104
5297
21539
2969
13823
3239
27538
938
11186
17689
26690
23861
26315
10950
23446
11667
28976
25119
24933
5948
8110
28156
16427
28332
8862
6749
27652
21974
28677
6382
24058
19972
23594
8544
2934
8076
30892
5025
26549
9849
15047
6506
30444
12290
22549
22963
14291
16141
22204
4940
8300
26137
9026
8209
23605
32530
7780
10742
16476
29489
21768
11094
22815
9456
26376
6001
13662
10232
5379
29263
21576
28180
17932
11335
32041
16656
15796
11281
26253
15775
7248
21399
16870
1092
19625
4816
4189
13759
24594
32334
13027
26489
16543
23648
2743
27341
30191
26743
20329
16727
22705
19191
311
14210
809
19193
17652
29935
14779
30064
30387
28805
6080
32285
8110
4024
1018
16995
17734
11567
17154
29316
11693
30688
25572
12615
31900
20753
24967
3571
31105
10602
2926
25259
3042
27953
11617
28012
1249
9091
23431
6452
23102
23634
8399
8897
3604
25
8880
31907
25952
22036
20347
3549
28116
8127
26771
4197
11457
2797
22516
22845
31234
12723
22749
18109
25608
15806
20037
13775
417
16466
10307
9692
15443
17492
28483
23649
9637
25158
22256
18280
6972
10636
4877
4591
17520
10128
28425
30679
31641
4934
26092
13319
18170
16068
9075
18335
8255
10874
3178
18671
27029
31454
13769
28523
30332
22127
1167
25476
26015
3953
16030
11398
23036
18182
15559
15357
419
23941
13097
16537
18871
27662
5179
2694
2032
17483
27196
2290
9659
27731
9188
4071
25514
25518
27593
26583
3514
1615
6557
19278
20274
11129
18691
2798
3293
5863
7560
30277
16298
1304
12114
6499
1528
28489
23807
10308
30780
19445
7542
30563
31968
9559
21526
15577
4902
14249
12243
22694
22706
25949
1432
21237
7043
25939
31971
6639
11699
636
31392
14834
6695
17387
16236
5077
11918
18329
23498
2602
7320
30868
17684
4017
11895
17154
2742
13367
15458
7611
30020
2385
7359
346
18033
6303
9726
27012
12100
19976
18111
27167
24640
26058
19843
19778
4705
23260
13439
11752
27533
20030
25758
19114
24020
14719
32293
25729
5166
10719
2147
23885
14055
25365
12671
19428
4840
28380
6889
31949
31886
12890
8831
3431
26760
23643
1999
19196
22887
5622
28995
4818
29562
2298
30514
22386
19123
15456
1026
21789
23165
16770
14454
28092
18851
26087
26520
27790
29424
7869
10903
14625
23516
16289
26216
13434
23192
25359
28285
25463
5236
10300
13831
12536
12988
32069
12672
9728
4972
39
10986
11695
21948
16752
8501
25456
11070
27499
5911
13419
6343
19904
18495
25101
22850
15292
4616
4922
28427
1359
9280
7332
18114
19167
22385
22655
26451
22954
8456
28947
13812
21774
20610
9790
16400
3014
1505
11857
29715
7425
23529
31697
19188
5865
31429
1406
15389
5174
4792
16972
10929
18828
32750
16002
13300
11512
825
21648
9454
21734
27931
21152
19593
3446
1086
26591
31163
22038
2343
6869
19531
6196
6549
7426
1851
31188
13400
8077
6397
18897
26890
7901
27376
3798
14382
11201
27148
9167
23809
20984
32515
21871
7487
18518
29707
24142
19566
17489
13548
31255
14974
27204
11850
15436
6482
30363
3302
21540
1889
27971
31323
11432
1344
16823
15383
12026
14005
9554
7538
24852
24468
3643
7740
32272
24588
27668
10698
1992
27283
4749
3353
19460
24414
22224
6860
29310
4153
25341
10200
10307
26612
5249
23798
22773
12740
8529
13655
14869
27441
11342
22821
10991
15229
1834
24070
20747
6019
22251
2208
24306
25570
4944
30024
18792
14041
31686
355
32091
20393
9850
30773
22485
2807
6683
30176
5460
11065
13917
22876
18476
1631
5023
12492
4788
26913
9337
7813
23575
3473
32607
2117
3823
2413
6300
17712
4723
15072
6259
18906
17310
7911
10840
15497
17262
17137
23673
920
15121
25036
25630
6012
23865
15211
8769
12077
5824
977
4906
4166
23326
21378
11282
19582
18687
20093
22565
11215
26957
28730
31974
5763
23560
27969
6158
2709
8467
13654
19914
31028
2401
31768
16881
12428
30141
12835
13502
28004
30752
24392
27887
3225
7887
13950
6995
26981
10408
10426
27017
8486
21485
14485
26832
10976
21783
21088
30604
8898
392
8887
32691
18799
4849
9529
27434
14248
13963
16314
7585
1190
6830
478
17935
27911
23598
6803
12900
25362
21197
5538
688
6072
16058
28007
25426
16354
24127
4232
14195
9135
20457
20507
26029
6662
29017
14814
18282
23186
11306
10619
21363
20844
1330
27188
12540
27025
9193
25447
7790
18502
21672
21648
23499
11831
7094
6969
21762
31670
10670
30919
20849
15571
29792
7085
20312
12777
22033
23297
18187
5714
731
27445
27091
16269
20019
18384
22393
24914
1422
6597
26875
18670
881
27869
9834
24134
27318
18747
24219
21045
24201
4392
2282
18961
28622
12205
21302
6485
32416
7280
21357
21471
425
31659
30627
27450
21858
5919
15841
9970
19661
2524
24820
8575
295
22754
11336
3769
9479
6936
7089
1189
16658
26994
4008
1318
21772
20794
5201
31512
18025
24945
15539
1393
14903
26475
5915
23875
15395
28110
9350
30092
443
3458
3903
31232
29549
17602
12027
4090
24218
8337
16250
27159
31074
9526
13847
21460
12624
13002
15660
710
10306
22480
1738
13471
13850
1337
12189
28904
21902
28629
7101
13009
13292
1568
30580
6516
32018
16828
2269
31026
2046
18927
22584
16923
3912
4226
2104
18650
18256
29580
12038
32194
15669
26034
25208
16248
19911
3949
13199
11482
14704
25179
6983
11322
23786
2557
25082
25827
19256
24940
15440
18430
24972
153
31314
13498
18429
12711
26087
11299
19786
1697
19152
30931
22336
5801
14049
4755
28785
3412
7660
3337
23857
25550
30044
15035
21742
16661
14809
29207
30367
27643
27455
8733
19169
17995
28794
26667
16974
4761
31816
22378
7237
23374
147
31347
5684
21490
30552
3221
27876
25893
19088
30369
24682
5763
28187
29394
21130
7875
12224
2618
19795
12107
11992
27370
19692
29792
23271
6132
32142
279
9862
17013
12829
24374
146
17375
18575
7900
27274
26638
6600
5819
6076
4496
7531
19715
24032
19624
7071
29015
13335
24961
16187
5419
2736
25048
4313
11346
19363
9555
15998
28865
10005
27773
18451
23591
16859
13817
7584
14355
21434
6239
13663
16771
6762
17764
18371
16500
2720
26734
11010
8187
31316
20108
19323
10535
10333
4993
27378
5765
22421
17594
20451
12933
9693
263
5782
25014
30100
29485
22918
15879
21686
10286
7696
13790
18768
5000
11076
727
14169
12936
25066
7802
12950
7599
30857
13021
2421
21731
15246
13806
3088
4674
15782
4203
15692
6583
4382
11504
4097
14329
5446
17449
24596
2434
2911
626
12487
27015
26557
10145
14966
13322
566
226
5411
6032
30386
14559
28588
21393
20661
9245
30609
21020
1312
31574
464
29579
19270
10452
12049
9687
6058
17016
31470
18051
26431
11502
5397
10540
8124
31953
8314
17352
12900
1448
13635
16889
25546
3196
16547
32346
10415
11880
12308
32264
28483
29630
28126
2082
6964
21545
14537
28659
22588
25561
14095
21103
10559
18963
19921
16733
27640
15157
32476
17538
25971
19157
31574
3696
21334
22192
5145
17985
28108
32217
24051
5895
27040
4786
13832
23279
2551
17374
25012
8646
9112
1811
1516
10546
25425
20336
32697
31122
25643
24747
21739
11520
3314
7456
27443
4148
24891
8029
10788
32377
3618
20048
20141
21579
7086
8066
25142
2030
9537
16433
25644
5614
6132
11852
26488
10581
27731
19828
25404
7562
25677
3465
15995
9147
21988
7914
1752
20343
9333
20208
18983
18311
28438
20003
30056
5408
31875
2810
10374
21263
1313
28148
30621
30878
11
18858
26792
27295
26218
22129
11272
6051
15248
31859
14453
25667
620
24663
14022
20686
24535
14613
9361
18138
20868
6129
20152
3790
641
32578
30432
27698
28782
16479
6777
9796
12323
11138
13786
213
28888
27474
15284
6040
2969
14772
8725
18467
5263
27719
9513
28989
96
13526
11323
30940
27199
13422
7832
30641
959
21533
17947
13631
12906
12344
9079
15315
26896
18379
3401
17502
11095
26172
21620
10157
18345
18423
18681
14119
27647
28712
9048
27382
26564
15213
20008
1055
10019
2223
31441
2553
25590
30808
11949
28104
29811
8062
113
16264
15194
22508
7775
1197
28598
12132
9856
27971
8333
24782
22983
16524
26199
25597
18247
30748
15415
22312
19066
16306
3479
29722
10612
28269
1692
11303
13529
11388
766
15729
520
17790
12817
28664
10828
25450
30322
13480
20456
19724
2355
28349
1338
8287
2680
25807
12202
22006
14940
25386
14918
31700
5014
16688
30423
12636
2817
4291
1628
24491
12370
30350
4096
30928
15212
17427
11597
25554
4101
13605
10489
10071
11932
28589
25538
10258
15648
8906
3917
17106
12214
19862
16311
23766
30332
28426
2551
30671
11201
22137
9877
6232
27378
29373
14490
2146
23450
17028
1647
15585
3592
22733
16434
16947
22685
28209
12482
22134
32018
26350
10233
8109
2807
30427
16000
31960
28853
778
17040
3929
10570
2438
12565
9375
27311
7755
3199
9777
16439
2826
5403
4287
14860
5046
16390
31582
252
21982
29025
7414
21798
2059
827
24056
1611
5952
24147
23544
1885
24717
15704
22429
16408
1897
23270
16886
32171
1461
19549
19602
28800
313
30745
17997
20017
17154
25926
28688
26261
563
20746
24859
14146
5759
13143
26503
31901
28821
30492
32459
14566
11964
3137
17587
27386
22856
28916
9226
5575
2070
18618
7396
6134
19582
22905
31916
17936
17277
14320
25603
15909
14915
16215
13997
1429
1020
112
24699
224
12867
9672
19028
11476
16657
19724
29334
19609
288
14573
23639
10313
30760
24570
3381
1552
23205
2273
12057
31498
8202
15964
20248
28326
28843
1844
23423
6934
8067
12671
19725
27428
3462
115
15169
8626
27275
25453
29065
1460
24233
21353
7643
1087
5352
29509
17097
18882
5927
11857
11645
5776
10407
26875
32565
14628
7722
991
926
32158
28737
11708
19475
1406
5161
10824
12233
5544
189
9469
27056
3392
27426
7966
23673
18830
19166
6659
14559
3100
32217
4389
21750
3829
28802
16051
30896
3841
2967
4128
15844
10853
8624
27205
7441
3331
4974
7222
3489
939
12320
160
10786
16030
32166
21161
28611
13951
7247
26921
27467
9288
32411
7917
3762
819
8672
18991
11925
29108
23747
31546
5820
15611
16939
7313
32056
27469
27389
8494
8246
12835
17984
26909
1943
16864
27598
8938
22546
16202
27021
32677
19830
26946
29126
9861
17009
5892
890
393
17147
15263
26492
13179
27160
479
27445
24029
11452
20826
9692
29833
18081
7469
27512
27586
25405
24964
4272
6893
4054
19609
3335
8142
23312
10975
28312
3394
16178
1175
2606
17903
14707
28339
28953
14436
17306
6659
6222
15170
29277
17980
2416
21288
16336
15528
8726
27449
18596
19424
8358
22418
19197
20718
9134
31157
18950
21987
19994
18619
9583
21302
9215
12538
4733
7190
6634
28486
7917
14231
31988
13770
24707
1230
17852
2444
25196
3333
31795
2623
32132
2446
13027
24729
18355
15835
11598
2640
7359
25
14167
6760
15439
30273
301
21468
4612
8669
29007
6876
23932
20040
8507
12819
27029
13930
27792
21792
4191
2079
22913
32434
5122
8200
18192
29301
2568
16030
23605
19474
32284
15204
29552
21614
16206
14940
23529
21231
1917
9671
10109
23987
9414
27829
29448
12864
14440
27108
13629
13263
21069
31819
10892
10273
15866
17219
16065
11859
158
4075
11702
5281
9274
2879
17506
6632
1442
19568
322
3715
1585
5996
25818
12664
24705
1587
5448
17084
3046
12194
6368
31094
3643
14060
22553
28823
671
17450
31440
4312
650
6614
32119
25644
194
24847
29131
15346
4261
7506
22096
9112
6823
1251
24597
26442
22500
30099
19843
7038
31106
4504
16772
13631
18417
17507
20670
31752
23706
23206
22568
13419
19527
32522
1441
32455
20534
10654
27530
32473
7243
32292
14526
11013
31442
25188
222
15399
26815
32204
10145
17297
14973
11207
28459
18824
5905
16025
23493
25542
9161
5949
11168
29293
12343
17534
14012
21364
5255
11659
18115
6164
31685
3716
19883
4933
16235
31029
23346
24763
31273
3390
31184
27654
21477
2306
13651
29141
7304
23231
18446
17660
13320
24663
9411
29937
14854
11909
6864
8190
234
5537
24186
877
11236
30867
22814
23632
4830
17321
19311
372
25839
18467
20724
455
9479
30626
25288
199
6125
8946
28786
25217
9311
7568
8224
32314
13000
31634
8521
24648
17129
21966
29219
32505
14169
7190
22614
23493
18351
22112
14488
26357
26480
27668
1999
1024
32185
20616
23374
16258
24874
5950
679
30077
13499
1938
23507
4578
9709
17532
7773
18221
12158
2571
16577
17522
264
27255
12148
10764
21500
16969
25716
13236
26533
26184
5615
20032
23606
30412
15279
638
28807
4595
11492
18067
8499
433
235
13243
466
29286
26190
8158
807
19610
4445
30018
26323
5539
7945
11560
5448
28409
1775
13055
9606
12221
6437
23164
17244
15907
18135
11307
31959
12024
32601
17435
7398
22323
2411
24533
17533
6828
18634
19943
483
28166
20904
16034
19193
21904
29957
18330
4967
26675
28447
5200
29989
26053
19702
11736
26068
10747
20830
19212
26243
19256
3367
11096
6816
15571
5956
20163
6931
7321
30521
25434
31715
6015
16023
19519
16624
24249
8473
16745
17903
25051
6845
25517
11455
16329
21230
30772
32060
10161
11727
14696
10491
21488
14272
17383
31637
23337
24311
7804
22640
18598
15842
20057
19539
20079
121
20341
25701
23009
12142
23330
17789
13249
16833
17186
30488
26526
23261
9575
17923
17253
23346
15124
24391
11508
28098
30068
17537
1251
11384
18128
9728
14286
31599
18349
32635
26003
2672
15536
27773
3484
6572
28483
27073
12551
31608
26739
24316
1550
16766
27903
7078
830
1984
24650
23528
21385
9520
16493
8431
12626
2303
8969
1937
12081
30318
19385
10612
13547
25465
27554
18741
32265
7976
26687
32538
13389
7188
1190
16954
1834
21081
8877
16214
28075
24771
25935
6416
27200
30628
20099
1801
10307
20160
11635
23430
18966
29714
839
29140
2443
6701
8367
1751
14061
20126
15371
31607
21494
10080
4477
28624
1892
16203
32097
25113
31450
21146
21280
4322
18413
14077
4727
3848
27786
24818
32278
9041
24268
12911
22733
29707
24723
4244
26402
954
26971
31350
29539
10952
1097
24243
23039
23370
24781
29715
18078
176
22914
26799
26188
6279
25807
9225
24660
3689
9388
1930
10509
27229
18327
30295
12476
4217
28438
24592
21096
23612
23728
22117
32147
13907
1778
17385
10861
19645
25085
13415
13514
14171
28222
3244
13205
26057
4172
24806
26339
8771
12564
1968
2405
5332
32247
22816
26834
15191
28653
5589
21825
16237
26286
12466
6850
25462
18935
9500
10917
14480
19076
10807
32182
26117
18811
2934
626
1748
16028
23397
17475
2305
22263
27838
23837
14687
7940
24417
6708
9959
23341
3769
28471
14166
7078
8253
26808
13263
178
29990
29841
21307
19309
5645
18834
15015
14701
6888
28854
7502
24174
9358
9366
11686
32514
14011
9968
23545
20090
29850
126
13689
32700
1078
29614
15396
9070
12986
8364
7073
20237
26190
22414
27058
5343
18636
14060
9824
11064
11764
12476
30260
19001
22844
3186
30957
3169
9922
6075
19221
1430
15363
15691
27222
16280
10896
30840
20540
10
8405
4478
27700
23128
23021
14095
27497
11517
27480
29265
25387
27598
29765
26055
24212
28749
7317
30071
13733
31176
31780
23362
8871
24274
17948
4099
20712
22072
8435
7268
253
30247
4586
8727
18966
26535
736
17918
10645
22415
20193
20173
16071
1945
14462
9922
26832
7175
24414
21293
10968
12248
15668
22326
12165
1824
10162
32282
23234
31611
9209
24006
15371
23001
3145
28286
19949
28654
13086
18717
11373
29239
14237
30137
30894
14200
14397
26598
30758
24218
1757
4744
19078
232
10987
8026
24378
6882
24893
8708
1051
16208
2124
22342
30835
27964
5579
1798
962
3942
22743
29293
7567
27356
20471
26129
29894
26046
1401
20513
6199
7344
22408
7672
13015
11859
11713
30746
3710
24237
29733
25824
14080
31495
14329
29430
13540
20687
19174
21363
22317
22125
8638
29411
17447
21756
4539
14792
13142
20739
17711
1737
15066
262
32247
15266
2744
9286
8027
24887
6679
19819
1616
8103
19611
30467
17614
22424
20631
28602
17606
29377
28843
21328
1248
30479
28664
13881
21728
32723
11098
3927
7727
8740
14839
17804
9807
29392
10332
20001
4405
14754
17282
1378
23993
21091
17042
1548
15124
1697
5835
25039
14051
85
23299
27020
17311
16544
17387
19587
31830
13199
30419
14906
15216
23004
14732
7930
19294
29779
20481
16544
26631
24267
31623
18864
28047
11545
24780
16620
24929
112
18280
21879
1660
19026
21233
2048
26116
23490
23306
1625
1592
27549
29713
30906
14385
23577
30686
13535
15840
29555
17587
30941
17005
19373
9506
25889
18426
7830
23419
18884
8872
7992
32336
21617
21753
18325
26840
18140
22549
6726
29337
16966
276
18838
8667
5246
5406
5459
2783
25415
882
17607
22418
28526
873
4619
27073
24349
9325
23485
31175
25476
9891
30263
27856
337
5900
29924
24711
21160
26671
27169
15378
25267
8571
4957
8089
30548
21070
26645
4700
14831
11084
1358
30659
12100
15287
2145
22422
6634
18826
10216
2958
30545
7979
6411
17897
4594
674
1984
4956
5450
26588
9952
3549
25661
26430
25042
21227
10024
9667
10877
21644
18865
28594
2477
1039
24385
12075
21241
12566
7846
13492
28856
15943
28027
23722
2497
8660
26047
16594
19452
29685
21691
23455
1847
3619
28195
24712
13502
30049
3433
9715
23372
3687
11888
29692
13380
30226
21951
8178
21664
28031
23100
62
16588
21239
26227
22561
7881
16221
11007
7347
29088
2234
31910
13014
25088
28781
3328
26514
9994
21606
19187
10689
14988
24215
3033
9822
5685
25012
9898
2635
16361
16510
30048
30818
29092
29081
15697
24531
18333
20803
1729
22631
11035
17319
4094
25802
21762
26044
16681
28129
16657
14512
23419
29588
18885
9800
20461
20288
6803
11815
30400
31421
19266
24757
26466
3236
5262
29801
31035
32395
756
19102
3005
4483
22462
1043
12848
30730
25816
5598
23621
27046
18605
31202
725
8834
13168
24865
18939
27142
14971
6410
21725
2721
8970
26966
24594
18385
277
9400
23076
12068
17954
20010
3789
23303
29061
17624
16780
29353
25356
8652
20525
26992
25433
1469
32209
32025
29014
22510
29523
18856
30356
29107
12738
5333
12958
5623
2747
13964
8942
18755
7273
18845
28462
7519
4755
5007
23544
26179
13153
16423
3889
18904
4946
1412
14346
22826
749
472
28463
20470
1863
16142
28092
8396
505
19842
10344
11392
22929
27156
21882
4480
9236
24023
32013
6860
27539
30228
14649
23102
5983
12912
28373
24912
10049
5227
4543
27648
5702
28215
268
29791
3333
19054
4482
23600
368
3067
10430
5646
18190
18370
11418
10909
10125
24606
23256
998
19234
3936
23506
22635
16134
5811
23239
22835
17936
12374
5298
114
22082
6888
18410
23591
9107
3637
26903
25211
31293
28557
6795
13114
29556
10134
15274
8988
9247
11481
13652
15398
10301
19625
20852
26683
2781
19682
17279
12450
24572
7737
23371
15896
7073
32578
28483
32479
14341
70
3181
18480
1804
15229
32033
1878
25657
21547
25803
15622
4784
28768
5818
32090
1028
24448
27025
14108
19470
9642
11164
26848
11457
8193
22210
3417
4474
5467
32321
29785
24208
10104
28939
7593
30517
29971
19558
14112
31820
22658
21824
16682
20722
9298
3700
30719
22086
31430
23199
31355
4861
19126
21083
8830
6178
17608
20988
19565
27084
18511
19233
10290
22428
28933
24892
23956
25771
28036
24181
13354
3950
17442
15051
18200
903
4460
4219
24195
13910
17290
30134
7682
24117
12979
20101
9414
10112
9838
26017
22721
11954
19922
19612
17397
9251
592
11843
11306
28034
26726
9642
27956
18958
26925
7181
12559
6958
17878
2784
26442
4640
6617
29630
27842
31197
27680
16760
25813
30052
29167
22804
12606
18510
5133
25302
16500
10098
29846
31760
31904
29229
870
20827
13158
13413
17937
31214
12939
27097
32644
20584
24032
22134
29629
25877
11767
23957
24715
11801
29623
13387
24018
26265
4762
6597
6817
4065
31553
765
26288
1632
26540
3500
20400
19020
6251
29754
29237
27133
8276
31269
11644
8485
4112
27779
60
16030
3442
10749
31430
20135
13110
5772
13608
12798
5383
12561
15313
13813
26314
9921
4483
3191
14224
27543
31803
18773
8355
5804
31904
30762
7211
12188
20090
25799
11508
25099
13338
796
29941
19646
30355
14445
5075
28390
28978
23207
18031
21123
27751
10147
24048
31641
8549
19287
4779
3717
9866
3933
5478
5974
26546
21945
26676
18575
18687
14055
6624
3871
18197
12606
1568
5979
12150
20518
5959
24999
20584
29773
14045
25248
26421
8400
30090
9713
12489
22389
10472
21393
15058
32682
22133
24469
31426
1452
20230
26769
22525
2449
20802
32435
18880
3248
717
11353
22062
13445
25032
3647
32520
27101
20770
23030
12752
3905
10508
7930
22579
8736
17244
15966
10371
21755
658
9826
20182
9579
1009
26853
18505
31675
17764
8055
2458
1983
10613
2822
17199
14157
7696
24832
26911
30530
22817
17484
12258
3292
10793
13914
29401
20373
11366
26526
27160
26254
4376
4001
19080
18524
24311
4289
7405
4647
17677
1610
9250
18968
19185
11343
15870
21823
11654
14237
17030
25691
28680
16344
13015
635
12304
14667
14228
12426
10983
9548
3208
8076
30122
31094
32074
12499
5479
24046
30733
16833
5176
2334
22489
20128
4882
24032
10915
32487
5250
4801
5243
12935
15686
14700
22010
32103
30439
7150
14883
31855
6313
1825
19233
22958
15143
25733
31590
25630
27904
8463
16726
17513
20430
31970
1291
14374
18501
23025
12734
26754
2832
10252
13101
7870
8182
11763
7029
12937
12281
15300
13704
5770
19530
27248
6670
30774
16565
28218
47
14232
4112
14310
13193
27864
31487
24301
16753
15007
21424
22280
19997
25709
12237
3498
6969
3987
6111
11592
8690
14415
3774
24098
5512
31563
27425
21292
12502
28910
7259
8265
29129
7309
1366
4274
6287
10389
9654
16919
11467
14375
30321
2412
32173
14965
29622
18443
8896
22476
3060
23257
17301
27850
15849
12775
5564
2081
18049
13573
28563
13078
21094
6612
12155
26250
11813
5223
15791
17677
23445
23200
7255
1059
10392
4199
31396
4041
21151
11504
22514
27953
27399
27813
9560
29553
20876
4856
23918
8390
9550
29067
5986
5643
19774
15408
581
30537
18315
1338
9795
18848
3352
5301
29042
30153
10517
27851
22492
23609
32535
27299
15920
28890
12631
20421
22811
9903
9819
13082
8863
18359
6563
11256
22043
11672
4273
14235
4018
10466
20572
30817
2303
3168
29347
6254
6774
21579
28012
21922
10727
32532
26182
16040
6024
2744
27408
3628
32696
12450
9136
14088
11841
23905
20880
9956
1136
9246
21090
19781
17045
10076
17713
4877
26276
11058
1721
11768
7914
24837
2606
20050
22005
9067
19498
8378
30676
10118
28670
314
29487
20920
32239
6436
7573
13505
22167
13995
7582
14437
23149
19222
15710
18067
19677
2678
9793
21297
9621
8180
8791
16637
25750
3703
12837
11534
11699
15234
19102
25352
1426
8132
12505
16505
15715
12490
28747
20421
13549
26821
2444
12548
31732
21732
25126
29858
16995
11474
5343
19621
28049
25230
17688
250
6779
7751
29347
15503
6493
32247
21080
23200
20608
21415
1688
11311
11185
24512
16932
9651
18185
7217
15056
30533
6266
29051
9578
12106
3826
2468
32374
10002
3550
12796
6587
974
24750
16306
4463
2999
2809
15579
15863
7135
18413
11337
29215
23862
10546
12531
11570
23028
32365
8226
31479
17614
29485
25054
16624
31162
19869
13762
8324
10892
3698
23578
8920
17932
24609
2010
14189
1401
25524
5062
15105
5867
29923
21107
1097
17068
12400
14294
15389
27384
11794
30012
11194
25777
28552
30424
7394
12920
25181
12527
19842
21137
15291
4167
27774
12196
9322
20930
24261
30328
30362
26023
16887
26602
7176
28572
6658
20567
24084
31608
26527
13123
13819
28883
3534
4224
6034
7739
9745
13110
8252
3575
6642
30908
11611
8011
14687
17926
30806
29075
23433
31135
25834
15177
12416
26164
4936
2569
22208
26187
21468
12614
18241
18699
4860
23243
7236
27999
11930
8283
5753
27705
13646
23688
8133
16005
27899
29728
10025
10378
19495
21155
4319
26170
17822
21698
904
10944
19891
17435
5965
9487
16221
27504
9192
14128
30587
13720
626
17454
29756
21244
1543
8334
5058
27320
2339
3785
23403
4622
12731
14337
8066
20179
2325
8967
18204
27629
19265
21094
19762
4087
10335
81
6449
9225
19985
14213
19150
29977
11146
30542
28856
11385
1035
10839
7706
29257
5416
19466
28776
10502
25864
32101
14355
23931
31642
4400
7039
14669
22224
31493
26005
26153
23057
12466
30321
939
15719
16429
30778
26004
4386
22358
3078
29467
30989
9804
6929
14299
13107
3989
12827
21158
5400
6492
8407
18328
23127
4915
24221
25810
373
26897
4847
5879
5388
20217
29360
26758
11921
5375
10872
8597
25228
7308
23766
7447
18101
1003
5109
25379
110
1520
28502
8353
20182
29772
7892
26423
23280
10383
30103
2682
10170
9869
4110
32685
4741
8764
29545
14967
13563
10356
32011
6524
27201
19222
28226
18018
21416
32313
22900
2917
13102
5315
28764
27164
2013
18724
476
23009
22260
32306
23382
8082
8436
27120
23428
7863
25996
21042
24450
21483
9853
14272
5811
14068
30444
8831
2843
3313
23055
9091
23035
474
22771
32174
29120
7298
29440
13295
23216
8848
18033
9338
20961
25950
22458
8846
320
14371
22734
20889
20893
7889
19301
22991
21358
6739
28833
17913
16688
19872
29466
21451
20371
3367
22339
7080
27358
28575
28504
2895
21707
24163
14482
31271
2959
23232
19901
26739
5227
30055
4798
25624
28120
12397
4937
56
16638
323
15531
28148
7269
6672
9348
8159
28655
5700
30808
9869
31272
17380
2164
6990
25828
3411
10327
23481
19564
3475
12630
17019
23844
12405
14555
26205
25135
22764
13182
26063
28993
8206
26016
3619
30367
5012
13897
7063
12615
19444
27704
20921
16265
3122
24972
5473
15938
13167
3335
3152
25327
12380
15430
12301
27602
6927
21272
6595
10195
24318
19310
2170
830
8153
8200
29647
11586
9084
18047
9567
26300
24472
7925
14272
20563
27965
17199
22974
32368
23630
17398
22162
22014
333
19051
28457
20718
32065
31476
28422
30081
7968
25501
12666
7437
16726
30808
4237
2150
1813
1535
3379
2215
25417
12191
6126
9168
22417
2013
14839
18673
10071
25130
28823
13692
26400
22132
25373
31308
18249
19315
22830
31177
12144
15136
1468
5676
16666
1208
2751
24788
24033
7332
20975
174
12822
20389
24604
3037
25812
3960
11411
30471
3892
21551
16558
31132
24052
26599
8255
6728
26651
4580
15350
8618
15799
26975
26447
12850
11556
18504
30250
16297
28532
29611
6643
23335
10744
23027
24646
7882
4991
22848
21351
18095
11975
2473
16348
18511
24224
29429
4214
6231
21400
5731
22411
28114
3309
14639
15103
10519
3497
11974
8808
10927
1128
13144
27485
2150
6286
8838
11011
14730
32702
16748
28523
18815
9142
24479
32634
29070
28634
30032
30590
6771
5725
25329
18135
5841
8804
20963
32606
12752
27752
23649
27201
15049
20020
5936
1287
23143
15855
16973
8850
23543
25811
985
8944
17065
27489
13853
13336
31779
25528
23599
24328
22559
6596
28683
31786
9633
8737
938
31279
19272
30257
31244
14156
21307
816
21370
26587
23827
29336
8424
13588
20894
11814
13697
13216
4445
21297
22741
22628
11423
923
20958
32450
28574
3595
6941
7934
15720
21513
20496
3162
12310
2724
32254
29610
23338
26580
266
3772
13823
19135
26016
8083
32761
24504
2750
26598
15370
23536
10676
9804
5013
22379
22101
19105
12557
19747
13867
26584
12497
19022
22884
20241
32764
10387
8305
32531
30798
18144
12483
14262
32639
8212
28638
24662
3052
32623
11775
11100
557
21837
1005
19466
25286
7543
28495
20258
26586
5905
30916
29192
24594
21002
3572
17416
11008
4504
27685
10261
14137
17495
23344
12519
17467
29784
10135
7909
20394
22129
11108
23745
18808
1881
16300
23996
32332
30900
19829
28304
1274
15755
10586
6563
17320
8234
6506
1117
21123
30392
9521
29922
9641
12621
16206
25942
5517
43
27116
21910
20942
3476
27888
9153
18671
16708
17055
11872
21976
4448
14637
9425
17184
30523
16894
26474
6814
25499
26521
31352
15058
827
12726
29930
14464
4151
22349
12203
15531
22634
31650
18878
31405
7223
5558
21062
9370
13831
28673
23081
10135
5642
1820
661
19392
8768
16446
6098
4341
15957
3423
18692
30890
28449
16782
11098
13794
10675
21349
26575
27434
1256
30381
6363
26004
5275
21497
24941
18556
23247
27024
21653
14785
17414
6727
28982
5586
25360
1604
7122
6744
8961
23795
23607
13266
2452
26017
14858
10102
15384
6133
10740
24862
31688
30339
25764
27600
21005
22820
18023
27046
1441
20860
8858
24159
22135
2088
29313
17241
14603
25331
11231
25774
11575
7494
22645
5684
10533
26722
22231
4131
28569
4732
27877
25171
24298
24806
21013
28214
11195
983
13670
5830
31952
23799
29670
21737
20376
26298
17502
15348
31244
1897
32342
28148
22543
13891
31735
9007
11223
24843
28190
2986
22902
1696
2330
5765
228
11565
14187
508
1551
31540
25836
7912
21380
21485
8524
15817
15522
24775
19799
13959
13894
15264
13890
14779
17191
11515
27117
29198
14120
26295
16659
25404
30224
17025
30288
14056
696
30029
16974
31111
17313
20274
32272
29686
5966
7949
19163
28539
8692
7453
23569
3613
17553
30665
18547
11355
21483
873
6014
9497
11170
3027
23469
16878
7106
9060
17921
8137
27945
29062
11073
4511
11944
20937
5358
27337
25580
3674
19725
7496
29479
11373
23781
17949
1589
1043
18169
1614
10780
13481
13729
15166
28278
24072
13888
14557
17701
22158
31862
7022
11108
24860
9226
17087
18404
12734
1732
18264
5244
31362
30710
12248
24663
1637
31634
6870
26804
10791
16103
256
32690
18290
28741
24027
5882
27561
16446
12136
27942
27401
14713
6865
6126
1105
15277
29680
19977
16581
6026
375
663
15228
1054
3575
5379
20357
18449
26539
6541
7935
18625
27349
16082
2756
1602
5598
8471
14993
28236
27145
12659
7931
205
9051
8976
11381
3780
28068
21002
15812
20605
26818
27385
7227
5839
23971
17357
9319
27581
3635
24461
23454
3562
979
19455
29457
28157
1359
9044
11848
7542
8712
30635
27730
19688
26227
8810
17050
7936
17192
6119
8291
28603
7618
12752
835
10590
13431
7707
12884
11872
25875
27143
4439
3477
20602
21972
7654
27539
12561
24516
31854
32628
9720
15040
20421
21555
8623
28074
26728
8298
17002
22465
7208
7608
6831
19686
28597
5884
23964
4477
9751
20439
11478
26681
1917
8530
29568
11589
16243
17190
28055
31717
11556
326
20248
6883
28576
7933
2856
11065
17068
25468
12659
25361
10714
4548
22680
5152
17568
18460
25604
13974
30952
19295
28991
22001
5188
10661
20729
27722
18493
27248
12588
9701
10768
15065
11437
26478
13176
10515
30704
288
19481
8681
9436
31027
8134
2642
25440
840
31593
3885
22280
21588
427
15873
28768
22959
1783
27793
17587
14534
3452
26691
30085
257
7471
25707
30769
13083
8052
5451
9665
31397
20420
4161
31653
3985
25644
3090
25973
10356
10603
15098
18184
199
12290
28742
26373
25218
29852
12909
24657
26050
5463
17294
6644
27886
22155
2833
3368
26621
22914
5327
8974
29741
15081
25723
26465
22555
12635
9204
14507
4477
10199
12662
19359
6892
131
3690
3669
4590
31696
26067
27507
27901
24339
2906
14397
10422
24191
22079
15448
31463
3504
13383
8077
3831
17816
21901
1354
28924
21873
14091
24143
9478
29977
26362
22281
23389
14757
6548
11239
11435
15092
27377
25019
31496
17366
2104
12969
16215
24857
18562
8656
30349
18203
4777
4081
30814
14565
5917
4809
17791
5524
30191
4894
19304
11277
27726
9248
17787
7384
25920
13094
31266
17868
7237
25043
10214
22208
15999
330
27496
24786
25253
29364
30872
16722
17690
13477
10039
28566
17545
32442
27827
11988
24776
20726
27294
17103
25944
5930
29625
23254
5555
25296
1843
7964
14206
25225
29302
11720
30187
27262
2125
3613
3642
23831
20855
8503
32762
11016
7458
30486
11581
14993
24383
30905
1878
16066
6797
16461
508
19759
1553
16679
24489
3866
17696
8901
32411
30674
5879
32439
14401
10202
4403
29534
16345
28319
12496
22325
14415
13893
28956
30591
6719
8525
14636
11192
24974
21013
8838
26208
11213
32315
17820
23927
20392
13918
8682
23211
11126
3399
22321
11083
962
18304
8245
17031
29856
14363
18880
18107
13362
7295
31955
2775
25253
21201
4948
24720
14095
14328
19183
24485
234
26945
29124
6567
5605
15226
19297
14055
24123
21820
4172
23795
22717
3047
2769
13285
27031
6352
30012
9342
13667
31133
4606
5290
30806
13630
14666
11690
9674
21384
16170
24971
1331
29994
30911
15186
26519
17240
12772
5650
20595
12885
4715
13392
29524
8549
9896
18297
21331
14970
10443
1250
26395
18958
6797
28547
9523
21296
7983
7812
14363
3553
6097
22765
14112
25820
23429
28125
7181
10047
31121
18720
22533
31525
27287
27612
5249
16608
25460
14362
20857
25715
26764
26367
13174
5205
24034
29649
25675
29935
22174
30632
32097
16178
859
22730
15559
8062
14361
7176
19634
25782
5282
7636
16683
29285
21996
18359
24919
32629
11495
25958
18977
28052
7269
21436
9514
10719
18917
13288
27470
298
20180
19535
14739
17379
28209
4031
25761
21024
21668
11232
18476
11064
3099
5940
14223
17831
25922
18122
2750
5857
26663
13784
1364
17065
3299
21365
22632
5904
6319
9190
21286
29965
13466
6000
2774
19297
10822
15907
17384
23786
15379
11615
12652
12346
21467
3854
5480
18468
8328
20307
3924
25129
2147
30449
25219
2037
19284
7163
10312
30390
12617
17157
28178
2940
27789
13227
14901
10103
7898
28477
26256
30060
18962
11063
17304
19839
32419
14976
12399
5717
13631
7478
12853
12866
8122
11202
25
30645
13533
28020
9757
5995
1907
5364
19029
12374
19530
28251
30620
8201
6113
18986
12201
13085
13124
13245
30581
16209
2959
4420
1415
21988
25888
15582
32464
2017
4133
2033
22123
31875
24396
7870
29880
1234
532
634
11821
31112
23663
13691
21598
18814
19380
23995
14908
11276
29196
18278
26435
32674
10335
2155
12339
25163
3294
21515
27689
185
1514
29067
30785
30559
409
27271
28286
712
24843
5483
22755
31199
32720
29255
19606
10982
20549
28076
26221
5433
6294
28807
27402
1611
9920
19898
17840
11948
22672
16500
18043
2923
16739
7285
21119
19299
30478
1583
5202
28019
27464
1967
7719
8728
28529
13254
32638
20700
1985
56
16064
12981
25075
15451
31051
25974
14204
26232
22988
29315
31623
22982
27582
2483
1668
21673
11273
7030
31433
19703
12046
9765
8066
14114
23806
24409
31944
621
2577
7956
8664
19852
27120
21479
7010
7916
23015
5259
7630
3293
27679
14134
23633
31651
24981
4331
16034
2874
5481
31639
25209
17006
8964
18499
13767
11373
4576
10748
5827
8638
28590
14289
26798
28159
17015
9147
31050
11529
22438
6881
30267
27221
10525
16659
27755
23539
23749
165
24145
16432
5948
8981
23682
13935
5168
8854
11544
32750
19329
22802
3160
3820
19757
11798
11075
14521
30969
12239
9883
6683
6053
26499
12625
7187
6539
32191
28932
9499
5705
7080
8678
15247
10740
3088
947
8630
11010
7419
13401
27814
10848
2708
23123
25903
23785
9530
29200
1795
1509
10861
18011
8677
25494
10589
19945
17167
4919
10767
1864
413
21977
30009
3994
1268
10756
3304
18044
2691
30575
26412
8729
28450
2791
1654
18010
8305
21191
9721
17719
30365
15487
24338
9956
20703
11712
25962
30524
29474
5488
4004
18849
6642
24133
24235
22543
13541
7687
19614
4569
11899
26546
31749
2233
28919
32401
881
31846
18778
21985
13195
28183
21438
30780
4357
14860
9407
21808
32416
32087
20736
30275
26628
32152
27719
32353
24613
2900
13737
16401
5186
23853
31118
9227
31052
11999
26587
25095
2755
5964
36
26879
1809
18390
16268
16380
20562
20344
5341
28617
27784
17763
25666
6875
28388
21188
19553
7248
1828
8455
27516
2381
19254
1160
29792
5832
7118
28028
19717
10449
85
8382
5075
14999
9283
4759
31871
26605
11566
8016
22792
26935
31647
5625
19140
21274
4955
10762
8467
7446
2919
23414
30238
21617
28759
10736
20343
27846
7613
7847
28521
2799
10501
1516
10319
15133
12586
9249
25410
9563
20131
26835
24829
28546
31411
10181
11250
13105
7395
11938
26570
12154
31368
30356
18170
10761
26939
20160
21426
6632
21424
1088
18984
28391
1380
22466
17106
29675
16200
16831
9802
9227
1129
10781
20349
27840
13576
14203
11121
194
4535
31563
11648
20893
19054
19263
4802
14045
1401
4598
22350
25096
3522
22291
14023
1951
21487
2811
17517
21314
4283
22763
16416
2205
23819
27963
18679
13615
4897
22396
23394
28640
24460
16842
32150
26390
5512
12653
32701
23665
15509
7441
10668
30875
9639
15891
23254
6165
25197
26559
14987
1601
10362
15473
11232
24432
12886
21952
25059
801
12845
21506
7527
462
9440
9834
6801
17424
18708
14173
32181
22526
5946
1699
7926
20915
19751
32624
9993
544
11642
24841
30122
14901
24756
7331
9663
20938
11967
26598
13539
2254
5489
681
800
6861
28406
5309
958
2936
20887
30910
20171
23550
25039
13289
25525
17432
5518
13505
24333
30350
27402
30080
681
20022
13378
1618
11538
3680
9865
16121
27356
13583
5165
14511
17408
13978
10371
13795
19491
21844
29336
11077
14120
9018
4237
13922
19913
20430
9204
8540
2023
3880
5545
23352
20654
8979
11893
27239
9955
31686
7478
15086
19143
20648
4969
1395
11397
1433
1157
9212
4436
24590
25785
23403
10836
7725
11288
22832
22646
19236
15115
4040
13967
817
9366
4851
672
10449
5996
5864
2635
14157
10612
515
1824
3879
29523
30252
27886
14426
32102
18331
17486
1586
4756
19704
17701
13993
30806
19435
8238
20250
23608
3586
19883
30403
19207
6966
7641
21979
17059
1819
7001
18633
6294
7798
8292
11659
9040
2575
4026
29756
23978
8095
23925
23126
25151
11381
13376
3844
30674
11065
23389
26066
22517
21881
346
13574
11374
25423
810
21103
11153
25454
17294
17255
3199
4259
27014
27647
4988
25360
2549
30307
30611
24313
6660
1678
12365
2430
29654
17474
5893
25169
21364
1489
13557
22608
12622
30676
15511
23390
10439
32269
25819
773
25383
2840
23056
23911
18927
180
9442
29735
19897
9550
20464
16012
5958
8551
15034
25078
10709
5252
17389
32391
6519
12102
26696
18545
27712
32400
21221
13076
6382
17488
913
26737
4031
27821
13475
558
26359
19635
32017
30240
21669
14532
12839
4979
25399
29741
17635
190
15519
12526
11126
13233
10694
32155
18485
30583
28695
24372
3484
23313
13591
9541
1211
20848
2155
15843
23557
30711
11545
28503
7619
22828
27046
2005
27286
10214
344
21641
19012
13417
22215
18402
808
5419
19725
5696
19039
28256
2066
16337
11393
14063
20751
28552
417
6230
27935
30460
27371
27705
4876
29834
15450
3784
15958
10423
21394
9728
16036
18470
12780
24427
12156
7852
21050
1767
11828
4881
740
27499
16274
11188
27583
29313
7317
21317
7846
25690
25810
8356
9335
19879
11116
7092
5050
10340
20639
3962
3130
2113
17034
16600
13545
12368
10388
13723
8375
14172
27193
9951
4619
22289
26506
3632
3630
22873
2110
12295
4362
1702
9718
31205
27699
16738
32761
28223
28976
16685
11685
10897
11773
20359
22929
14487
25780
25262
29822
10995
7811
28006
14756
3060
818
22168
6917
25907
13469
6804
9157
16369
11961
25244
21935
9304
888
19329
24777
3301
32106
17443
31987
20171
8839
15500
23894
13197
23738
16880
15611
22770
8098
28980
24348
25744
12190
10485
23609
25684
6665
16500
2516
18324
11099
8557
499
20975
6021
17920
9008
29711
25699
16051
7328
26250
14733
17838
2360
28857
12452
4205
11055
11983
9354
30948
26286
9402
30464
30317
22353
1779
19948
15695
19510
21519
6854
30432
26676
20100
29581
6153
22891
10011
2590
11613
8183
27457
20575
13636
16694
15343
4930
10953
20245
19152
15625
2414
18438
9719
11481
3712
4650
5353
9822
7212
27022
24367
1080
29408
11685
879
453
5448
5612
22683
17090
21787
9329
28203
12753
10368
3804
13716
7387
20800
2792
5101
6503
26550
31092
2227
13452
2625
25546
2836
22771
31726
3773
16397
19538
6584
9852
4549
16811
10081
22358
16793
22005
1890
23601
2830
19548
25377
7295
4083
29999
30254
25547
8264
9387
16230
4052
23439
19859
23025
6305
4774
16621
16975
10951
12672
12658
17397
26597
24258
26056
16453
1384
23196
22822
8207
5693
18100
8919
7259
21960
13250
2982
20915
27043
11530
3795
3945
3238
19756
31705
21858
13053
1793
12306
17089
26891
880
29335
9957
10580
24373
8620
22811
25389
18427
3615
2013
7924
23911
14587
22930
14750
27200
28213
14771
25060
12476
11403
21761
12294
9386
14301
10225
31564
19271
30680
3378
14361
9718
26803
20657
20181
29537
26286
31042
1154
1109
6706
8263
24540
5371
26298
5332
24151
1923
1504
25817
7726
27594
19094
11592
13946
23839
1148
12831
23268
13514
12270
16785
7513
6670
18629
12664
2955
13482
3970
24999
29042
30526
10787
9719
24895
3304
6452
30765
24562
22404
28982
23577
27312
31683
25761
3056
12855
2481
21002
5359
30590
3252
18249
9403
4429
4638
25075
29725
18828
8480
32247
23600
696
4114
22650
28702
28100
2000
32405
30995
4061
9572
1944
28703
7109
1157
8001
26640
4963
1462
23593
30066
15402
75
23255
22189
29232
31848
19815
20495
6420
20053
14619
27042
24488
17857
21100
9492
15185
20552
28121
31879
32369
5650
32659
22400
14860
28738
9471
28839
27450
19826
5752
21125
11643
2879
16582
4209
28073
21254
24073
18384
13483
23946
10535
8103
8700
26946
8030
8353
15622
12306
17010
29915
29335
30342
4167
3963
24266
4972
15514
11730
18791
19207
31512
28415
994
14088
19549
21497
4402
21844
5879
6643
32436
12667
4213
10415
17629
28086
20869
604
21703
18885
11843
219
26474
17468
24429
26604
32524
32360
21011
18883
17278
22709
21129
28469
7411
26485
6311
30337
9022
7632
20943
23422
22701
16092
24271
11099
7850
10284
8967
21839
30378
32358
21145
16772
18526
7209
20490
5820
23232
5885
23835
18108
19021
4053
3895
5017
10577
14900
6317
31693
13142
28266
5537
31371
29719
5632
29384
20864
18557
22644
12942
5882
19002
19173
5579
4963
25832
32763
32540
4125
3580
20649
21254
12420
74
29056
1881
26412
26924
1600
29213
32499
8639
32717
12183
17362
23649
1886
24949
6311
223
12569
24869
17486
23290
3788
11590
32183
7
21201
31035
15673
16678
14867
1734
25030
27004
21066
15759
30054
6102
11448
32573
22621
13352
9724
12453
3154
8493
6667
22066
26734
5718
15857
8306
20010
7959
4926
1930
12967
21174
8501
7380
30503
13777
28084
21184
10219
20335
26778
4881
8900
26640
14107
9554
16674
12487
19358
5361
19474
10665
4254
26544
19379
22716
15021
45
4669
21860
13108
26222
21600
19420
11873
11746
4354
22525
15860
25239
8246
5829
1361
28756
27528
8157
1362
20937
18793
6827
19102
1380
10007
12609
20734
30135
2089
25186
24324
27304
16381
12176
11288
3750
11380
6352
13663
5594
30273
14421
3246
26903
2739
23117
23413
8400
17545
21201
11094
7075
15149
12388
14193
110
9913
13319
6552
29047
30596
27778
24911
6351
32323
12960
19093
19332
23250
5137
27236
23557
7133
2407
12526
22146
17877
26680
4260
6844
24437
18391
5300
21498
11687
23663
24845
20141
15361
8615
29325
4801
24425
21104
4116
31232
19519
17649
22005
27970
1872
11207
19465
298
20037
9274
8848
932
27757
14630
11483
24087
26489
29170
7550
23649
17091
10938
19623
13083
7649
30056
5815
25286
13072
26462
14698
4027
30494
17094
22856
24704
8099
18431
7805
9471
17834
6419
29732
26582
16226
5665
21902
26447
32712
25447
468
19907
29077
25930
25515
28876
1798
14152
19905
1666
6994
21591
28657
21584
10613
25101
27356
20097
15332
3114
6243
24318
2272
5759
19641
26083
11891
997
14811
28175
10263
20727
15241
28801
4921
28078
27004
30158
32259
9438
29812
27512
1831
26203
21090
7711
3017
22066
18229
862
9713
8526
8085
10637
3020
18972
26469
17579
4471
1217
23916
898
7526
25051
14192
6739
17193
13266
5225
17799
4512
20934
12395
10329
19648
7796
30340
23734
21287
22965
15504
30128
25263
11003
26734
29922
12144
10165
9242
27055
27880
19213
5265
31670
24715
27302
12742
16580
12687
27604
8551
2652
28051
7449
23239
21122
1889
18105
28348
19698
6761
18436
25226
5971
24726
5732
15649
20526
15506
29408
13310
5670
15045
10686
21307
7788
13830
15239
242
3948
20851
11131
27437
22911
27881
8612
5202
29937
18290
6548
4989
5869
31963
30545
29433
16887
7436
21
5776
20558
21199
15912
5100
2212
7219
21559
5256
15773
29834
14098
7717
16394
12360
24812
22592
6013
27872
12184
8900
6076
26492
11564
16951
28640
8423
6191
20649
14419
22669
21105
1482
7595
5275
26464
19926
2637
9263
8160
24683
26288
32544
32255
15047
2831
1141
23120
27959
30355
9427
14246
8459
17998
6116
25613
13145
21834
24103
17346
26950
11981
23548
23859
26501
19788
24428
1417
4365
30270
27504
27908
12801
28960
5723
27735
3983
21754
25674
16618
9259
5370
29879
11962
2202
14965
17286
30329
21825
1906
28471
12264
28615
25525
18764
486
29070
11875
3597
23633
6604
26077
23670
20696
30079
24223
14110
6554
25195
16077
24072
29937
20889
1625
28159
3589
29868
4812
2430
9443
12727
32688
7780
15321
27997
24316
27701
25556
10863
30976
3587
375
11150
2094
13955
11638
2089
17751
4959
10315
17892
14924
12219
29024
19577
29896
25220
15351
2765
29797
5525
17291
28808
27846
9660
27759
26672
4836
3898
3651
17307
19459
17499
27394
27998
23813
2822
14593
5499
16014
3204
4667
15806
5093
14859
22975
23602
10950
27720
482
26786
15049
29518
6556
28969
6874
18781
4762
19743
12291
20368
2396
6554
15149
13969
17036
29824
6250
30211
31384
27399
13239
138
21383
28616
23173
26508
12380
12505
25698
23324
25009
21866
28754
1312
14453
12811
22836
5440
3843
29073
8978
32435
24099
27147
11559
25595
3841
5031
22074
25161
7020
27812
7650
2816
23034
23265
12093
30973
8973
3778
9188
32405
6659
6694
29106
28650
1419
25325
5507
19839
12717
2288
18140
6260
22496
2674
21151
31783
21034
1970
17273
15756
19584
17509
10134
27247
20705
6318
32658
12758
24738
31448
804
2313
12558
22017
22576
23458
2143
8828
14194
25788
15988
26759
12522
8726
15388
27147
22175
18432
5711
17905
30779
25825
212
14420
27932
20150
17687
18021
13297
14982
16314
30411
6850
1793
22841
25011
27745
32598
13441
19226
19218
18661
22705
1844
31875
1156
19476
9780
22795
21491
1027
25556
28097
28031
6763
4474
19209
2932
11317
23410
12251
9811
29820
31932
21446
16608
24248
4982
8405
3867
2157
25742
406
21919
28280
19285
12152
20075
25888
25255
7337
8361
15981
3972
27455
7464
6266
3407
26645
20184
18987
16648
31253
14202
8400
14224
15456
572
1281
32731
26212
11206
28718
11069
12080
4762
9841
16348
21335
29832
23128
3595
30547
16774
17024
28505
17382
25618
30030
11966
30218
2530
21157
28321
29342
1234
4522
28190
12034
23056
31158
13897
12271
19001
27641
2485
57
1136
32294
17096
21140
4722
8596
25655
8324
31512
29016
19684
10224
668
28264
22382
8336
30169
9646
31765
10890
17256
22937
2675
13294
29647
3416
9945
28734
11471
23876
7376
1759
20015
21670
10247
29956
11721
5050
25152
18778
23930
16582
21197
18347
21220
30147
18120
21152
7789
8358
18814
29493
16638
11335
28362
18911
20847
467
31478
23625
26484
9824
16441
28211
23353
25473
4476
26289
26586
13081
21938
23164
15652
8619
22977
27852
4426
27619
32504
28020
24137
31767
26301
13226
4974
22918
5618
31887
22711
18769
10731
21636
5184
2865
3807
17544
5011
8408
3057
29495
29060
6867
31171
24435
12580
4523
10159
32059
20582
25649
28072
18557
27109
6639
15352
1468
15482
5813
13663
23001
23573
13427
15571
18287
29126
18705
19038
31324
4562
9082
31218
5917
9979
18457
25394
6888
25546
16861
14757
26382
31620
10180
536
23422
25493
16357
10589
5105
2680
29802
24044
32020
19982
7005
17350
20279
13258
28265
30983
880
17343
12185
26127
6702
10581
5910
26876
28928
21602
1919
32294
17815
1357
14426
16110
18393
29330
7854
5147
12268
3790
27970
185
17789
3402
23466
116
26892
31737
1049
21677
10595
16074
2180
28442
11729
9554
29795
1043
29025
6490
373
4041
17045
9470
10970
16639
10515
4690
5043
18575
29929
4632
32630
28921
17810
29836
13288
25018
30215
5427
17529
1555
20449
2870
22160
13637
20420
6671
26104
10560
23233
16542
22722
31857
32255
15774
24105
4839
17050
26062
22586
4285
31491
22383
27014
9241
7246
17916
25550
12492
29865
6571
30504
3822
30971
23922
16748
31597
20760
27452
10013
24328
18866
11826
1810
3252
16688
10516
4471
26001
25435
14797
10929
30380
9237
11085
29620
29308
23794
25480
8478
32375
31499
9456
25050
24915
20460
2138
8818
9271
11826
18157
17039
2116
11531
29287
3041
25728
2703
3740
14596
10099
7732
15376
14719
19591
7332
4592
19607
7259
17623
14076
7446
28616
23377
29822
26886
11136
13515
15134
23
28721
31760
32734
31478
3243
19074
9141
1234
716
10091
20694
11648
768
1156
9919
17722
4681
5726
10476
16887
5463
6443
581
27521
2761
21073
18098
19319
31946
2875
5304
14396
31807
11684
13992
27988
16501
7047
7157
17045
31534
26449
3713
10776
1936
11368
8528
28099
18612
23960
28489
30456
18001
12913
7109
10275
8970
19221
25085
21056
19775
27094
24752
6926
22672
10014
4288
26727
22025
1564
8906
3067
14946
9808
17632
3710
13186
23506
14022
8696
4976
19739
15715
18329
3458
16358
2707
14815
6198
14155
18548
11213
18491
25286
14404
6948
24204
15160
24032
24284
30756
4773
16929
16464
26470
823
19282
29471
19407
17829
20585
2394
18703
25430
20553
20329
22122
2283
3966
20053
27721
20782
17615
1124
31566
7314
6969
27973
22307
6749
13920
16326
22088
11928
5659
26148
23653
25965
9029
10678
22589
16393
26290
29675
29356
26450
18954
3399
16551
16158
25241
23843
5471
6667
11666
7660
1037
10356
10942
11606
15560
3855
17819
23414
27037
20737
8946
3914
10599
10639
2247
24204
9936
17950
9210
14642
22453
13236
27450
19724
16719
27597
10349
1249
29151
8708
2499
10342
19930
16923
20396
12075
16141
11062
32176
1838
16319
22361
26774
28947
3206
26331
4541
1130
16457
8399
1290
8358
30900
29861
5723
11694
6951
16882
21772
31233
31704
25969
16829
26788
21116
24018
24251
559
31925
2001
19652
4307
2553
1382
12828
5236
25212
3412
2808
6930
2072
21258
21093
24587
29479
7458
30454
5432
27374
1871
18149
8566
20849
5045
5177
31737
10999
6049
976
17323
20946
15328
9070
7591
788
29842
26045
5387
5880
32410
29682
25396
22842
23421
368
497
1278
24057
21311
21297
31370
23668
2652
154
19087
15998
4767
3432
10639
21619
14071
2786
25439
32230
2347
21491
19836
16542
4136
6957
4947
23660
24261
15670
25980
28327
25019
28514
19448
8241
26687
29737
1318
20697
13485
11443
21389
7142
9804
22317
30973
5769
29602
17391
28333
17460
32613
19177
11692
24567
25934
27862
1419
25269
21838
27655
6671
26781
5446
16507
26763
20712
12724
22529
12482
27051
7384
4606
26747
31780
23762
29860
16996
9330
28782
31200
10263
14126
7111
22551
13028
23706
7667
31680
9041
31708
15715
6744
22488
15682
17114
20923
8574
18132
15615
4664
13996
4257
