1485
4450
19981
30846
9488
9118
27625
9874
5153
18371
26523
30593
20590
26319
26481
13406
8539
17568
20406
13979
11568
10865
14240
27650
981
26767
5684
20951
12522
23548
1143
2781
18849
3507
25568
23569
22190
12453
10168
13112
28850
20405
4933
828
26655
5835
30183
24693
9388
29031
24801
13550
22795
13740
8310
1419
12207
1245
29078
30593
25039
30776
18684
21109
15490
23634
1126
17205
6099
10510
22168
8620
26825
24004
28420
28094
5023
4826
28476
6643
32427
21666
25924
818
11042
27654
24527
16827
11877
26739
10146
3141
8192
23829
24689
20709
14268
8919
20993
15192
20047
16801
3233
26105
25894
23388
11911
17818
11377
28973
7081
29021
16323
18201
29108
2637
29511
23149
23973
17319
11534
2794
10988
15529
23357
8159
18291
7674
30154
19353
2643
20572
8599
15840
3485
21530
29588
1741
16712
27702
14566
21764
6482
12322
10275
7258
13701
32637
24912
22195
9181
30548
22776
9684
14165
24167
8644
22386
29145
2967
10662
25224
26331
10395
6501
16836
6295
14031
16480
32665
15297
2806
14068
4938
12092
22078
6020
2969
26564
10548
5307
15138
1168
1273
15620
23855
9805
3057
29457
16254
21556
5047
31262
32317
9984
29970
15495
2556
16917
11494
13327
24833
577
32363
3691
8254
2514
17738
17780
24070
13650
24046
24551
27154
21776
19790
21057
5342
18219
6470
32644
25765
11411
1219
31874
11932
25553
16749
10281
8190
18658
24275
6008
10425
30373
27015
2958
20219
2397
1973
15030
13875
1811
4781
32623
2125
30065
21094
16426
16932
10851
4672
15485
21646
14148
18413
8591
13370
31684
13830
28652
944
18080
12860
18016
23381
29373
30136
16566
6365
14249
28198
17310
4399
12677
5844
14305
28858
22860
4575
12396
6886
8891
32287
15393
21821
3640
6109
13652
25395
17973
6624
15067
21397
3356
7728
11225
15992
13935
18989
1511
106
27149
1956
31289
11568
6635
3648
23497
20325
26744
24443
23442
17811
4338
3438
15143
32657
14393
5312
11176
18129
9112
28485
3316
10977
2172
8960
23538
19805
7780
24775
28219
30446
22363
7118
31615
26721
22063
16122
1629
6738
7541
26658
6871
28355
9625
8778
19325
32203
22582
15667
22272
15448
7673
3408
10336
24008
25579
9122
18418
32510
11102
3940
13283
909
24005
7927
10416
1229
5520
22147
10051
12151
28880
3336
30974
19854
17888
1228
12889
19420
14927
14485
27447
26829
7458
13643
22290
14525
32528
22126
20510
13746
9921
2629
7186
5665
1943
5690
29148
27328
2416
17331
9371
18356
17753
20589
5311
168
5557
21917
7836
32555
2994
32261
17657
20776
2820
6473
24685
5738
26779
25763
13400
3028
6233
7055
19337
11200
8909
14848
8290
18098
19557
2926
11624
30575
539
24864
26169
3326
24248
22896
23056
16611
3049
22233
31726
14232
14015
17744
22781
12671
10903
29896
5915
27253
15137
16556
13210
22291
417
1102
7510
13906
18790
9752
6322
13618
29282
26884
6420
20429
2168
9892
10043
18935
14186
7410
19353
12455
17367
25164
10646
15417
20345
5561
29338
26161
563
26994
10780
4556
3373
6359
24857
26759
17546
3411
21888
22514
16915
6441
19339
2316
7102
27378
6918
8239
16979
14506
30875
2521
14569
17531
5390
23782
29637
8003
28581
12880
12379
565
27348
21662
19729
26356
488
9082
32510
30284
15367
3149
30296
6217
14911
16861
24487
25525
23500
9894
20562
1445
17994
28021
19506
14719
13607
9885
23111
32539
17821
5554
4102
1311
15746
26113
6694
29327
31500
18372
17680
15128
20150
24485
8965
3567
31864
14816
28222
18061
23056
19364
14525
7684
8478
9280
18455
30776
21072
855
10951
23984
5889
25800
27258
1925
21655
4596
3473
30289
2823
5743
17881
13585
21857
15726
16728
1568
28414
30617
24493
11786
765
13093
23090
29115
14216
21755
28534
11735
1275
18862
29012
1168
29698
7629
27592
30172
1023
26127
6877
9172
5106
17163
2827
27361
2526
18702
11592
24195
4729
8725
32076
19838
793
10727
15948
13556
21210
7089
30727
25091
21845
14341
26435
28147
20935
5612
6151
6001
1969
2285
30456
14320
15988
30734
2862
31455
11874
21064
20743
30472
7623
2762
15528
30207
9449
8482
23147
10348
5011
12841
30671
7653
26483
30990
10639
8752
14193
20769
2546
28190
1704
16725
997
6930
18657
66
25779
28265
7119
31447
11869
9808
1205
25031
7813
7206
22789
22608
17755
19188
19588
30833
5151
31585
29433
28270
30720
32338
15941
2799
6525
19094
3636
15802
19257
5485
10449
31259
17696
26511
8791
27046
31969
23095
3342
29656
24259
15565
5994
5961
6457
25189
23652
23832
31011
30783
13399
23500
9694
15766
12419
6440
8336
16242
5520
16393
31500
5411
16614
19107
23164
17083
23380
5396
30959
4251
2299
7024
20865
31565
12581
30493
25286
20114
9474
29425
23804
22200
5826
12709
10896
7106
14880
4749
27701
31134
1466
27299
2900
15231
14984
19647
23297
27080
19177
20289
18605
13950
28040
1117
13971
24006
13917
4778
24704
29747
22278
11773
17860
17615
26147
31711
26042
30185
3320
29408
32362
10044
22670
27950
15829
6542
22769
32264
3973
18554
29093
18095
24401
11721
10196
12694
23279
24500
9183
1995
12030
10752
21465
2338
8778
18235
20527
16800
12472
21972
6682
19939
4275
28334
27715
13772
14969
32352
1198
25949
197
27679
11061
19620
3270
28380
22071
15439
2062
20944
26720
26061
29417
26731
11248
7630
28969
20766
4608
8559
9606
20221
27642
14894
14788
27189
11773
318
615
8634
23056
3968
10200
1344
2683
21185
8746
26675
23247
28160
32162
25307
723
7632
2625
17785
31776
13178
4936
18505
30544
5655
3225
14540
19288
11187
8676
7669
9691
12901
7859
21325
9368
6793
9683
15553
5487
20521
10009
11963
771
30345
6327
1687
32243
29781
2870
23731
14428
26828
29086
8355
22932
16788
12988
29104
6791
22213
10290
30404
8315
23285
5617
17286
21421
24199
1388
18200
30371
13398
26596
22200
15997
4831
21391
18140
32332
20187
11761
19682
23819
4273
2465
4870
10749
5325
8631
26883
15811
8051
904
12749
6261
24668
12461
15296
32589
980
27020
22344
25337
27002
18209
9119
28648
4832
3158
6905
1262
27784
24259
31869
225
27130
7493
23007
23698
31109
7990
8903
29942
13919
30253
32651
1762
14098
29532
26204
29387
20183
26975
32401
2701
11641
30006
26659
28339
30658
9740
22838
11780
5148
17383
26899
24867
28368
2826
18342
12000
7819
17456
18262
28793
8888
25410
8187
12573
32311
26787
26206
17573
9844
1365
20744
16255
30073
10774
29407
7851
8937
30574
9899
27578
10217
23677
19552
6516
13692
18319
24503
7547
7194
27195
31670
11525
24038
21502
7649
17474
17578
15974
32420
3302
19809
29340
23826
15071
3610
31998
11878
4436
6083
29871
2861
26385
14719
12584
32169
23981
3706
25414
23354
9436
30171
22901
4363
29787
19302
23167
32111
5354
2532
14373
2922
4823
4263
32356
12671
28572
1575
16018
6298
31232
15982
18916
24533
13277
15626
19458
9544
5948
23587
29652
5448
2509
22218
13573
3547
14586
29284
14376
26059
885
24272
24349
394
8589
28461
30522
26273
28439
25803
576
23764
15217
10479
21519
31799
21195
19427
23689
29241
6383
4552
22921
16298
13153
12161
24137
17935
1553
28882
2701
3224
26381
31171
18561
12943
12153
16015
24800
5756
9980
7638
25770
31049
29690
11888
13990
6924
22456
26140
17755
22235
23914
3666
7546
32311
11398
7268
14553
32228
32151
25368
22216
6284
2499
21622
28130
22604
9826
19871
18524
16270
16536
15043
12625
28856
29008
1502
6049
29562
9820
20500
22800
9004
8741
30430
21413
20718
5658
21612
19448
20403
22196
9515
11570
21216
5894
24317
1652
9730
16042
26491
31349
10885
13922
19517
25962
7274
21896
13552
21593
26949
15100
2402
22419
18973
24774
21940
23175
28201
7877
31308
3948
16079
16879
23573
20487
6042
29068
5198
19871
67
17410
6691
18372
21118
14804
19796
3625
4160
16437
17475
20582
15193
10587
16688
31728
12122
28433
17282
29155
17376
5794
24706
18806
31416
19630
17168
32596
7749
30558
18487
9343
13
24687
17434
7275
18657
6050
25401
27652
2678
16836
3451
20541
9255
22814
20153
20072
6861
9786
14024
7747
21766
16000
27218
1696
312
25026
2919
32378
18476
32065
16573
6097
15612
10296
8154
18167
31504
8892
10239
30505
15592
10630
3281
22742
31512
18791
22103
9502
29781
2783
21084
30491
28466
15163
14444
29136
1009
22387
7090
6218
15225
15940
29492
1373
6865
26314
9487
32126
30349
20930
30128
5528
17874
25708
30292
17029
25012
27806
7546
5485
31037
21833
3182
2141
1694
12990
23523
29396
7
24716
21189
8718
9325
12219
4221
362
26595
18292
15157
13086
21401
20796
26030
22233
27664
15209
8363
29555
994
10012
2836
9248
12321
18824
27078
19199
20772
22534
25634
14622
5023
18218
3182
30674
12203
10241
17135
25190
5751
8746
7724
13548
21076
31701
1610
12151
1365
32308
4913
27029
18374
28358
17476
634
19505
14980
10012
8937
16276
4780
31825
29974
22757
26956
12986
28201
5959
14898
10495
32083
12314
9434
21575
13370
7111
30781
24136
1226
27814
18947
2791
13569
19181
8158
23442
16502
7849
30215
20644
8778
28536
30068
11225
21812
12686
2949
8415
24465
3603
31978
7108
30325
4294
23884
27580
16431
17115
23383
4587
8372
25091
22418
10165
29103
13566
14965
28660
28461
17831
28140
31776
7291
31405
30760
25011
28515
29218
31582
1872
12449
31486
3455
27616
17846
15606
22428
1305
3989
27365
21096
11047
16812
5767
8474
14373
19377
24677
27537
15708
21109
31169
16392
31985
31697
6041
32638
21328
31368
5327
25865
12423
30114
21867
18923
4657
32380
23780
24806
19025
30534
14388
18493
10938
29540
2484
5228
14276
17670
13513
18156
19816
24905
21137
1805
10467
31462
1423
17485
457
5412
27446
6886
2032
17529
31363
13246
32353
10821
7834
17916
4112
25762
3344
4026
4422
26938
6093
26312
32007
7748
1554
5602
28145
128
25188
14030
9363
3236
9986
7744
32235
5631
29636
4790
12468
15690
10953
24263
3723
10064
25422
3672
16073
22320
7316
28080
9359
9238
24631
26752
203
27039
7202
10642
25701
10498
21596
30262
15191
28070
11288
25915
26554
3108
3470
9044
15841
10863
19681
2961
17504
6546
25080
21022
856
3488
13
11741
9848
8005
27090
16551
2199
22159
17925
26710
32313
11044
19518
26858
21732
16879
4996
27997
20682
6046
21912
27470
6845
32440
703
25449
25466
26370
17817
3072
17889
8896
26704
26628
10138
10657
25221
19221
15315
1998
440
32409
20779
23496
5378
16709
15039
6596
28276
7676
13096
25781
23257
21992
24822
11396
2547
2316
2470
25181
1595
21316
13919
22359
24666
14278
19060
23421
24821
32049
18999
29836
23962
23458
11337
23198
18974
24123
15062
5245
26100
5881
8016
26715
18462
31096
6333
16899
15807
24894
20677
14385
13051
14705
471
3245
5732
23709
9114
1997
5586
12355
27533
10810
17159
6502
29346
20628
10045
24922
24876
4531
16522
3495
3418
29486
27201
8268
19282
28275
32750
29745
24672
4927
1845
17684
14955
22496
8374
25604
1716
28276
9045
9961
27644
1013
15983
7143
20147
8557
32439
7284
14510
6547
21884
7458
24838
21468
30181
16645
23913
8126
22219
4966
19385
2328
11105
9905
10161
22530
22244
555
12854
17116
22046
10216
25106
23703
1909
5563
390
7091
27999
21699
5101
30669
28564
252
21474
19163
26851
23679
24899
29168
5525
16843
27953
4034
26902
29587
27424
5389
4901
5626
26171
16164
16138
31356
24642
10173
9746
32044
7394
4354
21002
20101
14791
23978
3097
31840
25807
10576
30878
20567
19888
24007
26378
15327
13378
6506
14810
22162
23546
25353
5631
26785
9627
7830
11377
16067
85
7939
218
29285
16370
31169
14638
5408
25677
19378
4776
21499
8433
18
3984
10669
11268
14260
29099
25863
17398
11334
10786
8848
12550
32556
28420
4578
31293
11958
13220
11791
23346
7533
13521
21470
1003
31363
979
2364
32211
12746
30161
24944
30073
720
4320
32498
22277
1240
26691
9472
18451
17138
3665
4745
20260
22440
22093
13667
25238
13271
23563
9977
15749
23053
6784
1013
12526
22149
27607
2419
25576
30936
15072
15802
8296
3363
10800
20066
8558
4107
25027
28973
5283
23536
576
24334
27516
26731
28050
17103
23634
21388
30995
11842
22604
25649
29022
9861
26286
12605
5069
30578
2510
6873
2954
4848
12659
555
7208
32550
8596
29881
21759
8416
5206
27615
21450
11833
8832
31270
9293
9266
16688
5219
5221
26100
12479
167
29350
3433
19840
25938
21733
7519
3009
8186
7352
19563
24608
15207
23434
29402
19727
2698
17328
10901
14126
13674
17396
23765
20305
29641
4908
20
32234
22056
18055
23950
24518
25391
23848
20070
30526
30018
3672
5849
12144
11043
24171
13792
30993
22084
2941
26381
17182
8285
17735
31883
14904
11270
6022
32551
21340
8063
17442
665
27277
6472
16839
24654
2984
32202
19555
17275
22986
21629
15163
20553
4980
26699
8200
29524
19182
24535
31383
9436
24074
13592
6176
27402
14362
26070
2688
9903
27513
16778
26922
25531
2324
20147
29647
22644
31279
25196
17287
28622
24087
8055
14732
1292
27947
32307
13847
15873
27463
16371
6877
12099
14950
31510
6107
13684
7097
12956
26909
7257
2521
3642
2751
3625
19127
166
27181
110
15056
6701
424
1244
11123
2023
24155
10172
1590
10365
16314
8084
7514
12295
32097
10812
15533
7800
30444
32487
30458
1142
497
21095
27035
28811
22429
27333
6344
14834
8365
12613
10968
19063
29314
236
17367
2991
20064
32183
26254
18135
10241
26279
23925
8929
27758
24237
12035
14309
5982
15742
11518
17479
187
9743
3251
16675
553
413
6431
6848
13148
22542
31564
19234
14461
8743
10076
29422
9010
22157
23713
295
14927
9917
24711
3231
15135
1187
11502
2731
18420
7947
18474
8054
6624
17147
26703
27127
4825
21177
30361
21569
7491
26129
9348
6378
26986
1527
15160
20631
20682
31981
4997
11013
27878
24551
8098
26387
17109
9890
14794
23914
16316
15545
29932
25411
27456
21590
30615
27607
9669
11483
645
8899
4307
28053
1717
26186
17772
12295
21170
16552
8318
13266
20226
22303
9857
26109
22382
15193
31742
16073
14745
3605
28753
5107
29331
9992
8669
23189
28489
15080
6865
28322
27201
29548
14649
30081
27501
14462
20770
16017
30131
7820
4475
17986
27065
5720
14167
20538
22817
3175
26144
166
30945
12023
24770
27831
30733
23506
4337
22998
12123
31103
1140
25384
4905
4481
10922
8825
12926
16727
28174
25818
3122
9088
1868
1380
16538
30434
13947
19304
7800
17346
30419
15233
4346
31209
19045
21189
10289
19433
3341
11828
28912
18899
12782
11928
16969
1071
20850
27548
23929
3043
18703
414
6395
17514
31376
27740
5947
4483
23528
16359
31971
22232
28508
3333
28580
24108
12894
31360
20191
1755
3732
30292
3062
7634
2657
21052
17213
26776
25730
21097
10154
26816
18259
11757
19977
31973
15019
31559
17012
3951
15310
11083
23725
21264
23132
3483
30175
5475
3929
9087
20739
7708
10624
29894
1577
19517
12269
10815
24094
29207
2085
1651
27556
27343
8100
22992
22481
27615
15692
9537
31304
9034
24203
32704
7162
2628
9268
6254
12283
32482
6284
32263
13480
17230
22539
23609
16248
18375
31368
3738
2924
30370
20817
6208
5230
19218
1063
30893
29686
8175
18964
6277
18962
1955
8195
28555
9197
32417
16675
29885
440
15356
16540
15205
11081
25782
31983
23859
12729
28416
21876
7454
7801
6664
19762
1061
27687
15222
14523
16703
15631
30486
21237
30186
8121
58
22701
27849
13423
21223
29201
379
6486
12286
5621
11032
11882
31151
14465
1637
13372
27014
28452
23998
30948
8089
25193
21989
29905
14205
8401
19269
26447
6932
30825
6442
25863
14942
15128
27612
28937
21017
18965
22882
20182
9874
24027
2690
27314
22887
25578
6089
28051
3148
11620
18980
30239
16407
15989
16056
12761
13730
5143
9072
20294
6007
22064
21219
16508
24358
4744
31160
32095
26899
20035
11745
17184
19140
5312
21639
13660
25807
21460
22852
10618
15771
17012
11888
7399
32723
5513
13252
20754
17105
5472
8955
13578
27775
3421
8520
6395
30326
21221
18725
13750
23642
23715
2047
18457
14721
22293
28483
6601
396
14519
19431
17049
3897
12935
29640
20987
4335
29475
19401
19428
24952
21274
25367
27002
5070
19780
21700
7348
15533
24119
5378
9363
6707
19691
1123
14125
4457
14520
17900
958
25492
13862
4034
5989
1232
21705
24476
14035
31655
32646
10062
3510
214
7434
5276
16087
2132
5539
28181
25113
6560
22905
28046
29298
2970
1923
6101
31317
571
2423
27843
16275
22189
31394
23141
20551
6216
3107
21138
24784
21366
8991
19503
8405
31178
10887
7292
18290
29158
9059
8633
15084
1113
7834
12810
16506
937
17650
18812
27600
28623
17454
30502
9453
4869
6100
3123
23028
12913
28444
2899
16803
3049
27761
22013
110
4417
2381
10858
18136
29191
3531
716
31708
27039
28428
18015
3590
23184
31236
12062
20252
10048
24987
6910
17855
8610
11543
22715
27214
19625
13797
2041
24883
4241
3805
19739
12038
3680
14913
23328
32700
10890
17464
16823
28148
4420
11607
3808
13909
23671
17772
32688
18175
21155
21734
2616
6588
17799
12567
29855
27192
7612
14318
8520
22655
32183
2184
24752
15425
27578
18826
14929
12840
20631
6846
13087
18877
1997
32212
32629
21702
7794
25688
22828
6698
98
18705
27044
8471
23249
26568
3191
30751
11171
2716
24226
11994
14221
27258
25187
27231
649
31815
14925
22614
7778
8504
485
5748
32613
27387
21299
32543
19032
30485
8359
13792
23320
7667
28859
1680
24452
8360
18540
12049
563
81
14961
17368
20076
2705
5999
17625
24235
31458
3737
8973
20808
1140
24456
9173
30412
13694
16576
20890
15825
18511
16223
17864
30611
3294
18006
8812
12226
22118
5560
3984
5125
25089
1481
7199
9853
17166
18224
17233
13086
29237
19241
29931
28319
16058
32222
22150
8328
12467
28007
29616
10463
24466
23773
18652
18397
2922
21492
9982
918
14152
18218
6407
30473
21101
24245
12624
9501
20834
18272
16084
8378
192
9974
23071
14131
30945
27874
23086
23328
9588
23736
30644
5432
31354
28968
5227
24909
3719
452
2685
4837
29395
31213
9743
11422
4027
12618
30433
6505
26212
10236
12922
16783
29873
26001
29984
8340
22207
985
1440
29772
26288
31524
25523
17312
15934
27935
20653
11252
29357
17250
15428
30105
21634
31619
27774
1339
23066
18996
821
7533
19130
32216
25989
27086
2937
2871
13060
32127
20704
84
28426
4218
8823
8350
13203
19316
18981
21784
3887
26255
28599
27533
23734
2331
4142
12086
4368
1060
8784
18154
5181
13229
4825
8013
12410
23566
23175
18385
9958
1282
24412
9982
12639
216
1561
12583
3489
3257
15073
18369
5126
29171
29270
24821
21557
20598
7004
5965
9393
14582
25207
14218
18734
22205
29675
9353
21737
15863
19369
4190
18667
243
20485
26434
14004
31507
27355
18533
7316
25767
32452
22460
10410
12858
1387
9643
23023
8243
25441
10768
3855
10476
31531
31683
5662
22329
9898
15679
3055
3230
7361
24795
12488
15467
31421
14061
8150
18355
30578
31413
23670
12097
10363
10578
31488
2023
23043
14334
12460
10004
15153
22346
9859
25943
22096
26024
26099
23188
22149
3345
2372
1322
21115
27341
952
6320
18994
9681
27961
31559
21642
5732
22722
24645
2978
21989
22752
22522
24287
5097
16349
11066
3062
14890
8647
28096
31690
22086
12992
9460
7205
25252
20956
5341
20572
29040
22462
11369
18636
308
13837
9555
28085
5602
27606
1814
475
12945
424
20504
24935
15116
13855
2639
31575
9089
8874
23784
17751
20280
8073
10669
32399
25639
8757
20714
31785
32088
20246
26376
3188
3822
13648
29462
10104
31456
27633
8880
8860
14606
30032
25404
15673
14286
2114
8383
14764
4382
4189
18371
10491
3690
31119
7087
32416
27891
9684
22410
21779
32182
24574
23292
5852
26908
27657
5432
19936
2343
6148
4875
16578
29126
26562
25587
19084
12435
13314
2760
27500
22790
5165
22174
27288
10030
11206
26319
14488
1947
22469
20852
16675
16427
17968
16268
12937
24259
10845
10395
17149
15068
18627
24208
27217
20904
4663
19599
26562
10428
16120
30196
5392
22762
30487
5235
14434
27020
1367
5458
4495
30811
1444
4803
28025
650
24861
25145
16191
19258
5043
8893
28983
30143
29171
4292
30252
26118
17676
11909
24817
19029
3067
19216
17283
13663
13500
31158
14796
9725
29772
7240
7692
15296
15352
9212
13821
11894
25629
12426
6356
3978
6083
16312
14454
18291
1519
32667
20504
21362
24635
21311
13185
24480
22545
7062
894
13863
3870
24526
18475
8828
25802
32526
18888
3792
14593
956
5570
9844
6645
1143
15247
29313
32288
2903
8368
12655
7876
9425
226
8388
20805
10868
15175
31627
13573
9110
4216
6517
23060
8401
3070
6518
18013
15534
24244
29409
6559
13936
26916
30825
31300
31255
23947
31191
2923
18950
30607
26610
24426
10807
5710
33
22107
24830
4387
24940
4899
18255
5183
29905
8701
19966
19258
22792
29817
29329
9118
3108
4015
16419
22433
31641
16025
16583
12130
25866
16471
3239
23653
29577
26633
11455
4102
1271
6402
20911
31407
27904
24952
1564
30715
9431
30892
24680
9464
4737
11488
18182
7913
25479
23927
30271
1835
16937
13678
28058
10593
29105
8796
13310
14725
19826
32121
21300
22877
26253
32681
19485
10446
11219
28096
16158
9210
1716
4829
4269
17624
2724
31558
23617
3746
26187
16764
10458
31454
19252
4743
22802
28776
1328
14688
16432
29000
7624
20387
18464
13951
22801
19427
29206
25793
19998
32301
5076
7635
10256
749
18910
6341
8029
27310
24221
27341
28577
21921
28612
5051
25267
17553
22513
11558
25801
4551
8345
4579
22112
28975
17643
20021
13479
27088
21742
4499
6700
24531
18976
13270
22266
432
9793
8888
24442
11034
22591
11817
8958
1579
32341
13405
24990
6828
1426
17371
25630
1052
28196
26935
18471
8266
17770
6145
6690
1419
23389
22499
13536
16817
11434
7228
3056
9232
3649
1427
30805
11441
394
8339
2065
15827
22160
29515
20547
646
11182
31731
25449
824
12095
27142
4251
11485
13679
15457
16842
22228
6972
27016
15852
22720
24820
29562
28134
6533
27640
21253
12695
32084
4935
8674
31369
147
26880
20301
7931
29779
31199
23349
1383
25434
3915
13953
11494
29879
3133
20991
7031
455
9266
11727
10695
17296
27032
3065
28018
16177
15240
4779
11687
19830
25077
23101
7230
19764
17950
6937
20822
19954
32688
11364
25532
20704
3795
29944
3027
24889
31159
23722
28928
3666
9243
31865
6819
22909
9413
889
3351
20753
23613
6793
26332
6733
30268
30248
32219
20419
16880
15509
2541
6095
16724
22053
18654
17724
12268
20016
11831
17109
2579
16774
8303
24001
14909
19741
30777
5293
17291
11912
5358
17376
16368
25827
643
8752
3878
7404
10547
7190
22789
17813
1363
948
11657
32029
14022
7558
13622
31723
1493
26149
27369
27541
20073
2224
19771
17965
15732
24111
19234
4207
27537
5254
15566
31146
26893
15928
16218
30849
13235
17160
20208
22917
19230
2039
24035
24801
12739
31969
9329
9010
7930
21664
26864
9323
16757
13882
2784
10310
13413
9617
4555
30299
24131
17877
13721
23175
13269
29318
29992
5079
32200
11611
24250
17837
8460
31897
17631
17047
12749
19987
22139
5008
8663
9077
7082
21795
15831
25217
22550
2288
22387
1097
25942
5713
15458
19754
16114
24265
15716
9475
4141
1346
421
11777
16661
32552
2820
30554
17071
27689
29606
13563
171
13387
18391
24358
288
12041
13936
4034
18109
27454
5138
25806
8246
3873
2504
23634
18136
4056
9450
31832
17837
17765
26078
19170
7550
4163
17298
8830
9429
11799
4424
5152
32468
3274
25279
24436
20965
23
17205
15880
19471
28839
31603
19900
28243
4508
6924
20192
27568
29753
5457
2378
21833
29505
1285
4838
13933
15103
11288
23403
3707
9808
14765
25598
1960
32730
22618
11283
19655
30840
22212
5200
29447
23852
6843
2368
24880
27418
29216
4736
21060
2289
26781
2337
8947
5760
5180
26528
5181
4958
3038
6209
1932
19193
1386
7510
8591
13640
4659
26237
3771
5675
7759
25951
29559
27599
15600
6729
14421
32111
8278
15515
29407
4230
32508
28871
30220
18802
21210
2756
31131
16885
474
20995
22813
23197
25172
7402
30317
11355
16735
28389
26565
23582
27292
12883
27121
26245
3585
19821
21408
29829
8643
4976
4387
22324
12750
24774
28440
29586
6567
28507
26687
2099
23656
5201
8548
9535
25083
13842
4732
7446
28683
17251
25785
12112
16051
3027
5890
19522
9074
32593
29762
8418
6605
29265
17244
3306
7312
25962
6473
8002
18258
8551
18694
18061
30879
30607
18772
22436
9414
22678
31520
23738
8373
12961
4436
2054
25803
1797
21818
26322
20060
20751
16829
6936
10065
16673
9157
27549
28846
466
443
19202
20002
4188
7542
21942
22733
99
2353
22547
10275
6282
5675
23656
24381
19862
28171
22857
574
5617
24475
2954
7135
9857
10439
9639
19262
18430
25880
12887
14606
30597
28292
29943
31929
10666
31065
9013
26037
28065
15462
3976
24454
31159
28306
7351
7477
7875
14834
17628
30701
2782
15002
4926
650
32511
1016
20634
11189
229
13630
4272
24768
4001
16473
18365
31377
31165
26010
2651
427
194
16993
10152
755
12606
11805
4541
16653
9592
29559
23970
590
12823
28356
24989
674
5844
23757
12175
18048
657
1903
3683
16891
29023
23098
11438
28119
2495
11923
25528
14284
3558
22572
9987
9128
9569
4314
13003
17431
10781
30957
7430
16928
23384
10995
17903
7411
13618
23349
19146
25695
16698
27972
84
14931
22307
10163
31699
11095
15998
21187
24681
7525
19403
14465
16669
8642
15897
32247
11158
19266
24845
21979
10586
1669
28888
20974
13444
15809
5174
23746
12318
23724
8356
28654
4763
14904
32072
31679
27920
4766
21373
19047
19160
8981
5307
11756
482
8267
32085
32118
27974
4998
8736
16579
17486
20410
3189
25314
28508
30536
15808
27841
11037
26494
12692
6121
11539
26266
6347
7355
16104
2580
24120
16759
27243
9794
14676
27948
17953
4253
18942
3117
28085
4334
420
27156
18038
1203
2396
24441
20876
27223
9539
3962
19760
29745
985
18913
3005
10305
16074
9816
5023
1644
14629
27464
3880
20595
32003
29758
7610
23703
15910
9427
15462
14120
24654
17174
8944
31695
26111
32242
24870
7367
32023
20453
24075
15813
8110
21662
13967
25650
26200
10290
22704
21711
18986
30611
4661
7661
17723
3736
15166
4270
12894
26765
28816
16449
11333
27791
24509
5729
27341
13837
8558
14085
19372
23543
13546
31045
20717
22197
9304
3960
20903
14888
5637
5533
31990
9493
20301
20996
2512
27810
14590
29021
24830
4520
17424
21413
3359
26694
12778
28753
12315
6492
6201
543
18919
31831
21914
21826
32252
30228
20165
3542
30342
2040
3614
15899
5330
2833
25869
13702
9491
13861
2933
8798
23556
15548
32602
13372
32175
11131
5072
28567
27937
23441
17536
2068
18856
16611
8043
4931
1982
15772
16635
8406
9682
2304
3345
9513
27633
19926
13649
4642
10703
17402
10690
12911
8073
3849
7740
23710
11051
16706
15277
4159
24479
12931
11947
7711
6494
14856
324
30767
29119
535
21530
13190
15915
13569
10250
26765
21241
2740
22693
7578
7344
10144
21849
19213
15716
8166
11127
15755
26841
20396
275
17355
21820
30938
24128
1818
13107
24293
25968
29071
20
12896
2990
31110
18632
16392
25637
23368
4362
28745
22174
21289
24321
13461
13436
2852
27064
19715
620
15469
25375
30407
15642
12118
23988
25155
30711
28310
4428
273
10569
3815
10106
8606
6141
310
13525
8956
16857
24628
31089
14134
21418
25453
24534
23734
2074
1825
343
16021
418
7542
21607
26507
27416
16155
18342
8487
21385
11124
11784
25216
8624
5792
24285
30373
26670
7748
201
14411
12083
28835
29164
1739
11550
25518
16476
7790
17306
21013
5319
10082
26520
4724
7423
27539
13126
2240
274
19033
2706
17118
24203
13085
11203
9046
9884
3154
30305
12795
19390
20538
8768
25010
17833
3610
31161
32329
23395
30159
10880
30601
26751
12128
32332
25098
19248
26625
2572
11229
18808
7602
12962
12551
6450
22748
7434
3453
22989
14585
18882
1512
26764
11987
11193
4753
19944
25716
6101
29451
11427
29692
4283
10760
9038
1263
26933
16038
14631
29797
62
32118
13910
13320
12780
19409
13805
32515
15849
12717
14973
13929
25718
27845
16255
29992
3636
5767
18349
7916
9631
12154
24383
23802
21138
4930
32521
9987
21130
32100
11028
9276
23283
10782
31678
20094
10974
29092
31983
16226
8865
14185
26122
12054
13395
24235
23287
16991
11035
18518
18693
14169
31858
30031
3029
31346
22887
5887
23593
3876
21336
184
5579
21935
13929
2360
18619
29343
906
7788
30299
1088
22228
27535
25649
14734
23567
4217
9097
405
1710
11705
29402
22216
7859
2641
30048
11260
12937
22064
8372
17218
25679
4947
92
25756
14588
11191
11556
23340
14220
2459
15427
30333
1491
4359
12205
2142
11874
23469
14619
27612
29447
17580
30526
6976
6089
21297
3886
71
7361
5306
16345
19143
24157
16160
20761
17528
7656
32429
25524
18384
11209
23332
23564
7921
23040
18266
5152
6070
22719
32362
10784
7264
17251
8831
4826
19203
15620
31269
26368
3693
18483
9185
15338
26540
8874
25771
9745
17777
18367
28479
11771
32619
15268
7740
9414
6600
18063
14612
20670
29104
4807
9564
3853
17320
25084
24191
4750
25478
7782
14832
21523
20288
418
153
18610
11105
21398
20180
3070
17075
24651
22692
11859
22905
25444
3896
14093
16758
18697
17248
6007
5098
4796
26009
13596
21958
22023
30995
14501
11582
10314
28042
4793
4987
17271
8056
7149
12957
17068
22059
5781
18438
11234
30915
24611
1680
5371
20083
1415
10131
26980
14450
9665
24417
11197
16223
21803
2594
23583
4470
1955
26831
23685
7917
20998
5329
7183
15190
16916
12787
10975
9143
685
25573
30729
32346
22768
5201
16741
28598
2955
7519
4258
11084
1434
23491
15269
18548
24759
17648
23414
22840
21421
11207
8936
13829
2525
8010
10259
18265
23867
30895
24017
8865
12464
24691
14748
12653
30308
21029
32753
26040
22879
31623
3674
15164
7566
3069
3037
6978
17281
30386
26562
18000
31627
515
9554
8353
3017
11602
3517
20939
26362
2383
14202
24799
13895
1501
25533
6606
11307
15255
20774
19255
8209
18384
4800
6364
2806
28201
13651
26553
24319
19072
28466
29460
13753
313
19907
31190
25605
11290
2753
15576
28156
7830
22537
27317
23300
30690
2190
30858
6478
3469
32035
32017
1739
19625
16646
12122
951
3235
14168
23579
21046
10062
9056
28124
10882
25016
29590
11709
6093
24704
18954
20112
4780
14437
32423
7614
14197
28601
21620
27818
26457
23307
7245
29387
12778
19067
5193
13501
16854
13856
31697
26999
17273
19019
26562
5362
17627
941
4001
26330
20457
19373
29157
26031
14082
2014
8462
22410
727
11744
12950
9873
31701
8791
5565
24182
12892
8769
27561
12356
31072
30211
21221
29284
8931
25659
31822
2060
21399
29442
10525
19588
23122
385
13845
25014
5768
186
4247
31961
29966
31951
29094
26295
29435
26672
6642
23808
17548
15539
13581
23472
29776
6458
19968
7666
8807
10890
690
25016
2141
14231
21441
23158
16647
32616
10457
31689
31796
24321
1274
18368
6332
15287
3351
12881
4073
1616
366
27126
3853
18842
5702
18454
23071
19436
21982
11366
26906
12685
9282
30854
21064
645
12938
7003
8527
22682
16325
9755
23525
398
14770
8453
14332
23486
29267
24473
14061
17498
7164
4465
21411
13659
3476
12461
3515
30552
21638
26550
21583
6894
21959
22693
4399
8536
29281
21599
16312
18118
5993
359
11182
29628
2809
6350
3743
14296
3533
3698
490
2329
3773
19333
5653
22019
16224
10728
15213
11090
19748
26103
7029
19848
30187
27832
7172
11657
31650
31858
1730
21254
25939
8613
1555
15813
4342
15178
25388
2752
5902
7246
20150
2922
5901
9202
26097
7060
13827
15666
30438
1960
1583
5055
23604
398
20161
13993
28837
5069
3512
24202
1995
1923
14636
3900
28959
29436
4915
27196
1354
13588
32096
31805
28103
22344
5194
4366
8861
2121
10104
8707
18301
26680
23887
15853
7543
17000
3479
4282
3021
25403
32362
24433
17245
17547
12362
16306
11344
14033
16999
22819
11348
5314
23505
19088
9300
30131
3091
24841
18433
5211
10155
16826
19002
1342
18954
6424
9926
12243
29640
20736
9383
8710
25326
30888
15734
6023
20032
4473
7212
32340
31857
20002
31141
28290
14061
23715
29449
25787
30855
22829
31222
16241
29040
27458
16839
968
3727
8386
12540
16244
28469
27722
12435
6386
17182
27499
156
21538
29145
2027
14142
10396
17845
22705
425
250
9802
30499
21887
24079
16573
567
3237
4287
4462
30410
22070
723
11578
9535
5181
8206
20637
24739
22277
22623
32077
21556
30636
17947
13364
12857
24277
28460
31327
3347
16359
9944
27432
3690
4166
14292
26276
12552
17186
12603
29674
10813
17731
665
27790
21291
17119
17729
7794
9915
21978
23944
16548
23583
11698
10572
20593
8894
30038
8468
25409
25694
1322
13955
12352
29009
5640
31048
8350
852
19005
5976
17768
22619
21264
16563
22418
21895
1027
18245
4207
6657
10503
3135
440
32490
9404
18020
20957
22323
18173
29244
19302
4234
15602
29172
4373
4588
266
18698
9198
16431
20249
4339
30329
30172
6272
1933
9057
18432
8386
524
18742
26083
1960
8560
25052
10783
26386
31007
15706
24234
3395
4544
16317
2979
29023
28295
17649
20697
264
28788
5491
24101
4631
24628
9799
11045
23756
23858
16843
20534
5383
98
17102
28747
6181
18507
24694
21064
30642
29904
28903
13590
21149
19556
22920
2674
15767
7491
10550
8965
6439
18588
7465
25573
25942
29199
6179
90
22675
11342
24306
3655
28807
13295
26518
1285
20442
5533
23354
22310
10850
1643
4306
23563
25450
23581
8674
6578
31329
26882
13214
23195
32430
10476
24810
9398
24115
30192
24489
29357
14239
27980
24946
9046
17093
20374
4249
94
10066
4084
1788
13978
12038
24944
24577
18476
22983
17637
26389
5756
10401
20153
23686
5453
22021
25298
27958
3338
14627
32415
20830
9494
26259
29786
988
3605
29863
81
350
5900
1388
4224
1535
18045
10263
20093
7528
22436
24888
17790
25858
14841
22454
10795
7833
19204
18284
15277
24273
17119
31539
26440
27568
15351
25150
3047
982
31389
19260
15926
24451
3312
21855
4661
16310
31567
26225
9683
12321
13864
8426
16679
26938
6203
30553
32302
5545
30701
23936
15208
3771
23066
2353
15405
17992
21005
10718
31093
18466
16453
3276
24979
29555
15585
20625
8868
8097
8436
21121
27255
30573
22359
29964
644
26298
5056
31036
25421
6740
12936
16095
13573
19343
10896
4988
13348
31370
7438
18001
8745
29407
11387
23164
2939
13922
30456
21145
17271
27146
9699
19521
12858
28278
25263
14445
18731
6418
3452
16560
32618
28104
22451
32264
2562
4725
4149
20389
26093
19082
4212
20942
1971
26994
31639
24552
31727
20467
28511
1086
28233
9991
23990
32492
9230
22595
5736
26732
2862
25988
29245
10120
23165
26170
29191
32253
13925
10064
25064
4252
15495
11152
31963
5398
30090
6525
834
15421
28148
22672
25261
1380
4476
19039
3960
2382
24097
6428
13225
32737
18317
30902
22667
4715
21206
14898
19333
25442
28955
5227
32436
21933
29966
27024
6352
24838
3752
7486
17023
1178
9476
24837
57
25122
2646
12633
28105
30083
27950
7870
20764
25347
3488
4638
18413
11120
5396
22561
7244
181
16080
8936
32318
26029
29665
3342
2967
31365
25341
12609
17397
16346
18306
7521
31602
24666
12782
5812
9419
20775
32179
31930
9373
9149
17937
19563
13433
1260
6707
1808
26236
21783
23470
1749
22110
5037
31394
16099
9221
23479
7885
3489
16850
17724
30945
6806
27546
724
19738
3512
780
265
11369
10827
16365
14454
19443
10637
32362
38
22150
10495
11878
1784
6101
9066
5156
25140
12285
27844
32105
325
30733
14675
11794
16592
6703
2277
28458
6233
20144
29441
6042
19861
31343
9205
7422
6502
8684
19367
926
8253
29339
17917
1142
10304
11319
2477
359
12325
27185
27556
404
10629
2326
9541
3192
22644
3345
26740
4330
25134
17449
10265
27335
18836
5648
18974
4603
31094
11222
5225
11751
24601
31210
25028
8401
12176
13726
31978
1005
18095
24929
25271
19876
9744
19877
31007
16188
13379
19949
27997
23605
17464
27841
14692
14968
28264
1619
5255
16967
13483
20745
17404
23977
15752
5683
7640
7937
5302
19924
23757
12091
1921
24474
2916
2347
21501
15097
9694
13807
4853
19551
17336
1264
25352
10969
31663
21060
8221
9271
7797
27405
18112
9962
4316
22930
22064
10614
20570
86
19469
27679
30339
30905
10438
8412
7265
5393
7389
11733
28786
15932
31274
23030
3268
30613
6049
8729
6053
7133
32623
30975
16941
1782
7031
30460
26458
27636
23809
20596
11867
13998
10602
16796
5896
8280
21759
15877
29908
28625
32184
14258
4195
11802
18372
31881
9285
2986
14467
22602
13302
16104
28392
24848
285
17266
14005
18385
29348
22970
6629
19421
1345
13379
9976
27454
2418
14276
20732
11206
19350
21317
21668
6572
28713
29349
7669
26134
10144
30266
22321
25630
32490
10756
28585
23400
21602
3048
24922
6254
6078
20722
16038
20014
18608
12201
3539
30811
27737
14046
18650
22781
17929
1650
16281
16700
15491
22940
23769
16166
12691
2332
15718
6682
30975
31847
27774
19518
22296
8925
29167
20380
5505
21230
30324
31011
5879
17856
11501
3782
27665
10475
21466
26137
31056
13925
277
18208
23321
5780
14319
26293
4504
27075
24781
12046
15681
14055
29010
18834
18424
4262
10572
23124
24186
3979
31152
28343
6858
28985
31815
23656
23218
15155
7660
26824
20864
10417
27304
24357
5998
4284
11916
31132
23868
23422
14965
658
20823
23306
19433
8562
15647
18429
9290
13837
6669
15100
27983
28258
16777
6106
2750
505
20338
5183
11902
30260
29934
29395
20742
3521
14124
2102
2013
2370
19616
28693
16981
11363
29652
9477
16829
21330
31047
11670
9488
17584
19461
3668
3393
27852
10461
12379
15352
457
9869
28793
11480
27312
8057
10758
14525
16767
14894
17015
4588
5316
965
13516
29167
23755
10859
22048
13301
27551
9910
12428
15794
25416
24863
32151
13208
19857
18882
26047
7289
1175
1744
23644
7896
26059
2895
6539
166
32062
26353
28482
10740
1044
22124
28711
6537
13723
22743
812
31154
13747
21546
27096
5273
7044
10907
15343
18289
28143
16847
32160
18383
28418
6370
31010
20367
865
18998
24417
22456
4378
12826
29599
29390
17526
23905
8660
11711
10135
11643
13057
31612
10881
4675
9378
7049
11333
10868
14968
24038
24772
9202
30461
9472
13846
9621
16357
5323
5335
16840
17611
9693
21630
2032
4228
31417
20120
25885
323
18390
7266
9117
2303
19975
6902
9884
2640
28937
10918
30851
23814
8157
3303
17697
13381
16895
12696
3633
3355
16280
12666
30712
29117
14840
23554
12651
3099
10522
28616
13647
10398
27338
17611
14226
15287
19127
9183
2538
1333
2494
30464
29129
483
4271
9306
3724
14680
29293
5592
3528
31195
13769
2227
27898
22620
6159
5880
22929
19541
22181
16193
8946
26530
21807
8516
21655
25908
30081
9845
16143
17151
24314
843
22297
3890
30237
27887
26013
22822
5879
18173
11375
29013
21915
8443
18937
14854
825
26825
16985
13027
640
31806
22548
5225
11469
24362
28139
5954
15142
14447
13714
30099
21723
32206
1390
9565
22018
3882
21609
13786
13359
9942
5100
24317
12398
6386
9376
19001
20482
1441
1583
18940
4050
14271
10046
17042
8294
32444
29714
28813
20496
6346
8080
14462
21330
26062
6024
24540
19015
16599
28370
29749
6475
20055
22133
2798
2407
11566
6805
29789
29323
13751
8391
15182
10922
17435
2696
18363
5566
23883
21323
22532
25710
11343
7428
5078
10898
31549
2630
8737
10307
20459
29612
31758
20369
26114
23510
32206
10609
12360
7380
3942
26272
13212
99
2327
16356
14933
2760
4724
31287
31024
10183
2769
8555
32030
17972
26363
28872
30458
8038
11052
28462
21191
12855
19124
12080
9506
18612
15406
26426
23249
20063
13465
30516
14196
20821
6180
12177
24311
25751
2303
18831
27467
3436
21769
15970
14104
20556
21383
4946
32087
355
25736
29524
4968
11236
17257
10981
28773
17803
19555
7872
1061
27071
4811
3618
5810
27043
10275
25415
32339
3395
26106
1706
12830
14026
22869
4873
31354
22273
13457
16062
17112
25373
27182
21212
8202
14806
6494
22175
6239
4235
24701
12612
30129
17984
31596
16774
23880
28739
1659
11156
30713
24575
10937
7003
12899
12738
6522
18229
7929
12651
32135
23106
14110
15307
23872
10173
21974
27846
8133
22285
15682
23631
19183
14991
336
4136
12649
856
32087
15894
12387
9527
24173
26742
997
15972
5089
10912
19803
469
29457
16802
15684
27759
5775
4208
26018
30222
10361
15483
10708
24002
26523
26277
31548
3738
25994
2159
16074
2165
30245
7811
9289
1730
1570
20478
14886
2174
18022
14776
453
14299
1756
17927
27092
22239
27525
10787
29462
17186
21018
558
9216
3254
2970
12307
21320
24363
30537
13272
6341
28039
30966
23871
21838
16594
15939
30606
14976
1983
23512
1640
1655
29644
11504
16737
24350
11645
6305
21685
7949
8860
15663
25363
3023
30101
32014
27169
24517
10870
30627
18575
21855
29601
11429
27895
29545
1777
15718
19339
15730
4245
22093
2376
8167
5963
12659
13628
21224
8042
1702
690
23003
15136
18700
26711
31125
13211
17603
29272
29039
11553
4672
21167
7726
21913
30448
8376
13843
8850
29726
2642
26637
29057
18138
2631
9419
8571
17900
21139
25996
25379
4587
20818
23407
5061
24598
14527
2457
31661
30343
1909
12028
26877
760
3442
29464
9253
25368
23791
915
3994
606
10474
28954
184
20182
28980
15489
14948
15903
8795
14130
9484
19897
8529
26465
26180
28523
26613
22964
30687
27173
5616
13687
13696
4546
27046
29343
5017
3551
6104
2592
18536
12616
25010
10472
22592
4880
15118
4896
26817
11035
19322
31498
12905
14999
11082
2309
27419
812
11165
30333
21398
13101
25491
16948
8704
8490
24289
20525
17118
12108
18623
3525
16452
2495
11264
20769
13103
19509
18521
22216
17248
932
7401
15087
16863
20232
10608
7480
24580
22803
25870
9675
22378
13987
20437
8467
18271
25475
23569
30115
26089
15880
16537
23219
27128
28651
31598
29458
7886
14232
5846
10570
26290
13519
18008
27973
25172
17672
4377
29707
5523
14225
28149
16592
13550
24262
353
11123
32223
5419
17285
29301
31428
12737
30613
14496
14301
24114
9588
16242
24722
8486
31772
27839
30708
30475
5889
24887
11120
12175
31443
29888
30434
17261
5713
558
29420
11599
22486
9723
15509
10475
24232
30875
4374
29673
15296
14159
31322
21179
28426
12996
25326
6980
28488
32637
263
7967
5101
975
13342
26946
26935
26724
10941
26069
26358
6501
1500
17568
18813
9331
958
16595
27597
23822
2773
18998
20392
19257
12807
1644
26047
14182
17754
24004
17006
23878
10524
25226
24436
11626
542
23575
23902
22462
16657
27324
14370
15480
23313
679
14363
8901
15933
30086
26480
10390
15086
603
4133
30507
14108
13640
27466
16982
30166
28199
18399
27258
21702
17807
21248
28810
15924
6150
19951
6893
28887
32328
28080
5925
5569
6197
7954
4412
30106
23432
17962
15842
24811
18470
30733
26679
22759
9864
24236
13396
18949
21264
16762
13409
7946
11640
30566
25960
16647
9257
10330
27286
11753
16914
16378
8854
18350
25512
6580
17031
1899
25334
19977
29481
4292
29186
7670
6349
10931
4832
27128
3972
4979
30168
17217
32696
21639
24833
18990
28635
12652
27832
22962
13945
27941
22037
20776
17156
6219
1538
24961
22849
10210
11568
14253
21366
747
13961
11548
28817
15088
20350
26828
4496
15917
10410
3354
17153
20322
8721
4373
24988
9938
23301
26292
16602
17247
13673
6437
2960
9226
32471
27397
25106
21405
20756
21065
4316
26906
11278
28451
7449
4734
3602
7074
18650
18548
8462
29584
4467
24976
8460
30673
31381
4391
10748
13003
3108
21856
23301
5408
26768
10795
12204
8214
417
16095
5976
1996
5900
8740
14388
24133
32296
22
2164
20650
31132
10186
21734
28758
13089
21793
2914
21375
17379
31993
30297
32479
6141
2935
30755
19122
17707
25969
29379
28252
28700
8191
6486
32015
8095
23925
2888
5251
8054
13509
2618
25298
5037
17053
11423
20906
11475
26436
21778
5420
1462
17884
3571
23838
3922
759
31048
8849
20819
23519
25857
5513
10192
22933
31646
31065
8612
9976
14915
9298
15701
4078
11083
26802
21529
2427
774
30877
3651
17905
20205
21385
19369
24329
19987
3834
30398
12349
30655
13445
11391
19397
21015
7018
477
8586
14844
10131
11932
12825
9236
16005
12520
13989
11195
1870
8678
4979
9303
29928
2627
6464
5658
31712
17384
21709
9123
2517
5590
11947
22959
5948
27456
12448
30162
10151
24496
27034
2869
3583
32308
2667
14915
7535
12244
11205
26899
11595
17468
31836
13864
7457
15514
23430
25731
28665
27707
9012
8673
16434
32066
8958
26974
28479
1989
30836
10436
8355
21394
16043
30711
14283
11588
13867
5915
32157
28966
31725
32617
19203
10817
3721
19422
20243
13363
1286
6458
21714
2944
20959
9112
11149
21011
32348
18235
32175
18956
17962
13379
29113
863
4584
22940
10328
27459
18827
16106
767
25672
12727
456
2404
26948
22207
4449
8147
8404
28546
32204
30035
23747
16125
9042
21876
27325
22707
28754
19634
1996
20654
7798
22789
16257
8905
23756
23863
2219
10394
22415
24019
25466
19446
10061
7483
14217
15415
7141
1418
16477
9090
11228
16559
32623
5029
17097
14996
27562
15193
28584
28086
8845
15422
27603
6579
23548
7279
2113
28655
7864
17981
23475
22354
21642
2681
6787
12450
11866
28769
18819
24357
14678
7336
8019
2235
5956
21545
13913
12829
11264
25434
28596
14353
13931
11592
15236
30908
23915
18163
32174
11878
17550
18371
11390
12870
18924
3121
20086
25710
16490
26173
31655
10431
21333
7177
20262
24225
29277
15894
16892
20641
17169
7894
28125
24642
123
10492
26607
272
30124
24602
31654
2017
19952
16708
12290
18618
28286
4660
12172
22743
3031
19521
13270
19946
21511
10710
21268
25412
9637
25483
4608
29617
30846
395
20700
6407
12063
8215
9212
21163
17919
24436
13975
2862
30473
10749
18849
22936
15668
20838
29502
10421
28334
17278
23162
31373
3396
13414
27291
1492
13549
27392
605
4164
29298
6746
24552
25100
21513
27390
30333
17857
23062
11270
25575
13385
19203
28943
18295
432
19452
23269
21162
21767
31440
6041
21895
26878
7680
17613
11303
25051
21146
18474
18842
2284
23181
11500
24964
29070
30048
11102
17511
11448
2356
1248
6859
13568
30166
16422
28230
24857
12426
27268
4170
6262
27282
5149
23119
19782
29443
17293
3035
26853
8944
22516
15105
31703
18668
28654
13566
19665
19499
31896
4392
29579
9771
4441
20821
26740
16605
19549
7150
2055
1514
9169
20379
7723
20842
3158
20819
29585
18971
16077
16248
10197
12357
14967
27021
28080
28051
16704
30372
11044
25663
29071
20512
3751
29167
16383
23175
27521
17729
20907
1202
9898
22686
15312
25840
4680
27475
31860
1501
25910
23331
176
522
17201
25972
21551
28945
32092
1503
8991
2178
7572
22808
9576
16300
6194
14556
8234
10727
19657
23069
8932
8535
2283
28058
18322
31931
3996
4520
4439
20155
5079
25315
19168
20355
13298
27180
17892
29104
22462
29972
2255
378
30661
21690
21204
25788
3824
31445
4661
8748
30994
30525
7880
27055
24866
9750
26184
6446
10593
21473
19901
249
6334
28782
2773
8741
22121
10378
8047
25796
23367
22752
1759
18824
21138
8183
14067
2114
27893
23023
19191
6287
15308
18241
3424
14366
10515
20771
31414
15723
31270
13010
10373
6246
5352
24379
16388
11613
357
1307
15412
27285
20398
7282
24991
8025
1968
21040
30545
5998
25210
16929
5146
12176
139
12072
16489
26305
25493
21962
31959
17115
32463
7095
13905
5167
9855
481
29209
17016
17148
13933
22574
11487
26314
601
13969
2317
13023
25244
22709
21772
3522
17929
8347
30784
31353
15871
31475
15558
25713
17737
9025
3447
32672
9025
23071
28740
26346
11102
18619
11313
25990
13712
24610
15785
26741
20951
30133
25300
23095
3921
22120
24106
14851
10336
19245
7862
15483
19845
101
25084
5564
9730
28575
12522
6919
5096
23933
9731
26389
6048
3857
26660
6265
6404
21469
768
2394
20614
7027
21110
3428
30253
29189
3891
32565
30683
24391
6418
21427
30875
20055
31077
29399
16816
8658
28654
31078
32534
8685
26652
30694
28911
31434
3185
17362
2248
3796
7808
12291
19153
1363
7543
24514
23230
20594
7010
28867
22391
26385
9580
6930
18667
9633
27780
12214
30893
8263
32722
6220
31024
11835
26716
11272
31165
29929
26546
10597
28094
14336
17961
23248
29134
11672
28723
31921
19012
24794
22115
25735
1150
6192
24146
26037
1377
12289
28776
19755
19785
13294
17694
17098
12280
9487
13222
22843
9509
13347
21968
8088
16425
24930
13119
9920
2046
2810
27508
21066
17419
10442
25115
11880
15721
2531
13651
7838
17088
15428
29181
20789
16580
23125
16290
18654
1555
26915
4470
29559
887
5100
10624
31588
7522
22808
1747
20640
24014
27324
23025
28725
22786
24254
18893
27753
24565
24012
14768
20182
11189
4080
24798
6044
24370
10875
19632
20084
8714
8305
22950
16964
1781
4454
9419
14075
3767
3310
17020
11640
21412
11390
1221
29795
27824
18679
13859
29114
1712
17437
9430
32433
8945
6400
8126
32310
1389
22933
25407
11311
1184
5234
13452
29557
9514
26205
8043
27142
13060
1356
10410
6078
2672
14331
19358
9033
1312
5340
2254
31328
14155
19826
2023
23923
23318
17838
9058
29147
10366
32672
25885
32708
14922
7812
29195
6918
8105
24879
25760
12054
13407
28053
24930
4859
797
31270
24314
20875
23232
20917
23435
8729
10814
7746
923
27332
24760
32753
29564
8177
3556
17318
6989
14370
22130
12394
17236
13893
27998
8115
6484
15463
26253
14218
6613
21993
12011
30917
23384
5779
10546
27439
10832
9699
20039
11788
3949
25229
28857
13674
2945
20141
20736
21959
24356
27733
1793
16337
17159
8113
31155
16422
22466
18561
25591
19236
27074
30555
8069
26848
32674
3751
9919
20724
25797
8913
14362
26111
31750
19637
18713
2803
26358
16871
26517
17629
20698
17154
4578
13618
6673
13688
8381
31401
6592
4834
13329
2083
23019
14432
440
14030
22756
8210
20783
13009
11564
7488
26181
29852
14439
20747
28190
17547
20898
14871
1274
668
20119
26265
26326
18284
7346
13884
25811
5499
8249
7832
27852
24778
17132
16364
14937
19004
19222
28156
21269
18370
22466
16897
5726
2460
17645
21124
10107
6281
12537
12275
16797
29380
12533
15370
16976
30841
10976
32317
6794
14239
25996
28785
20014
10791
18382
6864
6331
6747
23916
11473
17165
25654
3496
1299
5612
27822
23508
28788
15029
1532
5614
13134
20874
1698
32539
24548
15301
30979
27448
13998
14059
19226
28687
13512
2276
3642
1707
23775
22985
26902
6125
32477
25312
27892
12323
24157
28117
26500
5599
10852
26403
10198
11410
22502
12042
7822
27403
4466
26008
19936
10393
1648
16150
13171
506
3378
28692
19015
15325
876
29726
32635
28545
5523
19616
12610
14957
19682
9128
9081
18602
25522
13211
12687
16129
16490
26342
21843
23906
15950
18010
22938
169
9896
6618
2749
25812
7848
24713
7993
8049
14749
32046
6604
24644
30949
12207
31090
5208
32619
10403
31336
3577
396
29242
21457
9580
14438
22580
30436
26115
10361
5761
13236
29526
15659
4972
18980
6659
27358
7564
18109
16439
18545
3974
8313
31887
13170
17141
14596
18795
25382
3719
1954
27800
26816
8472
11091
839
23181
27415
8067
20801
26641
17336
934
14753
24238
13076
5239
10622
3855
1351
32130
18011
3238
3349
8825
18030
2618
22615
14204
31250
22227
7604
4710
28919
28859
13988
28411
28458
3543
15036
30120
2323
30499
18652
15545
20572
13269
29252
32486
24074
17078
10634
18297
31180
8309
14351
29076
7896
1369
21639
24059
17080
13839
32128
21142
16605
4755
10224
21891
28177
16424
32185
24134
19110
30467
28960
13682
7122
13109
10103
2384
4557
18652
17415
18028
4316
24623
28835
13797
4085
22184
9651
2952
3737
30498
31061
2021
13984
19057
5520
31752
15997
14863
6147
3598
4039
27622
1656
22634
15176
4728
5405
14168
26085
30041
28186
12755
16742
24371
2683
12837
30880
4785
31507
5254
1084
23003
31747
18555
15313
1097
7020
13768
22433
15839
31889
31956
20286
8435
21840
14648
2621
14278
27409
612
4835
3908
18148
23036
393
30381
24430
19902
21721
10602
15997
11664
20072
27746
13032
1019
23801
22208
8949
29877
15716
6126
13996
15600
8642
5302
8072
4870
8296
31892
26340
4495
8764
25659
12302
20848
9810
24746
25930
31442
19455
23971
849
11919
29692
31400
16233
6404
28255
8268
21866
24245
30645
27415
8851
27000
24029
30914
11887
29931
16332
15719
2314
24551
14949
9456
11199
9709
1442
21327
7077
4973
15715
15058
14745
22518
29311
22002
21078
30285
10239
12622
8402
28284
21548
19476
6652
9780
25658
24395
16848
10861
30692
24002
9385
30617
15901
14521
3717
1304
2110
1639
6997
11251
26357
16733
29910
23793
21977
31787
23647
6995
8619
22277
6113
10535
26989
19888
18395
16320
14005
11621
14867
24046
11351
2370
16656
8332
14703
21043
26662
26382
7142
21359
9459
15035
19259
7739
17408
28031
15469
9914
23843
1285
32258
20585
23046
26109
25390
27201
26747
28403
8418
12426
3315
19757
25909
9884
2928
6582
15993
11202
26890
8145
26760
26023
17457
11083
32686
22392
5939
380
27301
23958
3673
22806
27973
27971
6541
31693
2862
26491
5046
14379
2191
27230
6477
8676
10083
8765
18711
32279
14093
15931
18136
18654
2504
6121
31630
10255
24994
29074
28237
31679
13892
12064
10419
1963
9867
18814
9155
5722
16611
20877
10448
20943
13473
17662
15324
4940
6212
3887
26667
8585
230
9037
7432
18540
28213
12362
17907
7871
10733
1080
12011
16603
20808
21698
5499
29665
28324
15110
31586
7444
3186
16631
1843
2510
9518
26992
26111
23951
25800
6312
5357
6582
8
683
20683
9853
13549
13791
17833
9303
25037
9768
18758
22696
5456
18876
3077
3339
22069
10894
26918
16692
5773
29702
13202
5141
30144
29445
4749
14836
24079
4503
17564
21810
32239
3811
8812
26870
1050
6251
20234
27396
14199
16562
6949
16469
26733
14295
15255
17437
25518
30952
1122
17397
13923
18076
19900
4181
9150
23559
13753
26720
31781
19256
32722
28929
31750
21400
24061
18147
8522
3268
28404
29682
32302
13663
17230
17098
4817
577
29433
1248
22961
1160
29380
20528
18377
24686
13998
1900
3277
10328
24915
14943
17054
10250
984
15646
10255
12843
13666
29825
4945
124
9024
30921
972
14420
22779
32124
26310
10034
5719
9229
2008
15689
4522
6227
16018
6977
31996
12164
19743
6740
30279
4307
17966
21953
14287
6149
28770
32227
7591
7388
22836
19365
1231
25710
29523
16696
25541
28333
10536
14846
23588
26828
17150
25362
31433
10157
8963
14539
23570
10349
18334
9793
18286
22720
31218
3597
7780
9913
2567
23903
94
6440
16172
22171
14138
4820
15557
16898
15938
20849
387
7993
32317
18293
635
30779
984
12693
3410
10442
15316
10052
2892
12661
27907
29061
26381
9168
17125
30577
29705
15609
23982
14008
3467
14765
9409
25907
27916
20883
14301
7002
30932
16793
5116
30766
11306
21621
31838
11284
21707
25054
27048
3312
19103
2399
26406
3772
7435
15624
29578
23231
11654
6224
2887
3766
31271
25449
3584
24258
16877
19324
18488
3975
13819
10014
12349
1271
31663
31743
32095
9185
27257
25489
22666
25150
14608
6450
8709
27865
1710
18463
5279
6443
7777
11657
10463
30468
22707
19009
636
22239
5725
29503
5478
15399
4320
16198
24124
9564
6331
4842
30113
28351
7441
17985
32004
1093
10336
18389
9653
4375
18480
8426
443
7514
10179
14518
24205
2298
5428
19644
18030
13314
13361
20693
8733
11682
1892
10520
4076
12199
18214
9766
20844
8074
7110
27544
17989
18575
31310
20667
27680
814
20532
4068
9590
4131
23246
9631
7150
2667
5200
29408
23097
6518
1281
20413
8967
7817
104
32118
18891
1323
32395
6127
14794
6745
13694
21756
12373
24924
4592
4995
3731
25807
22886
10234
11448
10326
2020
20165
4011
19656
15560
29147
25712
26154
20848
16833
28246
26160
19372
2945
25765
19586
18377
13554
23771
20833
17128
27410
12702
24314
1156
11017
10487
6510
12796
17599
19863
29548
2258
11791
6241
9251
3548
2336
16935
1453
29230
26476
22997
25362
8083
25461
17282
19495
20203
26469
29924
31108
2223
6253
26388
9224
3731
11776
27011
22407
23543
21580
27843
26231
13106
2734
6066
12810
16523
27646
30792
22843
31282
15363
22600
28322
23575
4539
27966
13624
4749
20721
28755
29717
8082
12017
11451
1684
2232
6755
21142
18183
23747
9662
21866
14054
18090
69
8213
13400
27287
28199
8596
18836
12949
15648
7155
13018
7093
24695
6437
21859
12032
3047
16597
4912
4240
26052
1863
17561
5295
16171
18322
3625
25131
27811
983
15760
1672
13997
6763
11334
24844
8029
22866
2959
3835
21042
18343
28214
26430
5557
3301
14844
8385
21809
31513
9946
17009
9363
24824
5581
31478
4924
25423
11569
2162
1114
5825
31459
28089
23535
28586
10409
28556
4256
32106
12359
24101
27503
10076
4056
16433
24617
31618
18453
2174
18900
14927
21253
20420
7582
19061
52
19481
7309
20106
13441
6600
9542
28408
28198
27101
5300
6311
24645
19595
24259
6784
22152
25403
16504
28520
31290
8764
14799
26313
5719
21604
32636
29704
6379
11798
30253
15274
10244
7001
23977
2095
23660
176
20734
22439
11170
1906
28247
2397
32517
15205
19961
7482
6627
4614
11688
23144
31927
30678
23604
23585
4885
20516
22906
7138
18523
10196
17854
23441
27504
30977
24934
28676
11166
32465
2813
6044
28054
9454
4232
8536
27299
7683
14963
29730
19824
13305
16130
1966
23069
15468
18043
14873
14451
30058
24957
284
29367
31553
11369
20829
7919
12525
27624
13167
17505
6009
11483
6393
24124
12098
1853
26243
19795
18914
15648
16891
32012
23143
1457
24516
24266
2274
22783
28384
3571
10689
6467
21855
26518
1751
13501
6216
19560
14616
28638
29252
13832
25897
22712
6000
26185
26440
910
3481
28061
3334
6567
31594
6910
16742
16735
30371
14118
14865
5165
10134
12561
15296
31040
25948
4063
773
11022
25132
21310
26090
6586
1468
20428
16149
18183
31999
14087
16799
2150
20523
3834
3280
23357
2414
24556
4041
17152
17945
5529
1797
20365
20225
32005
22788
11488
6083
11189
158
8521
20205
27409
6248
181
170
25344
32244
29394
13251
15766
25499
28989
21357
11111
26390
26414
21642
5758
9985
27603
13999
20195
12147
23435
13382
17288
12304
1939
25144
20823
17730
14169
20835
8054
21617
13855
16441
24524
20281
2885
17584
2060
23264
31653
18176
2043
11965
3792
26268
21821
13479
23322
10630
31922
29792
11829
30275
16063
5250
7556
12297
28599
3004
6417
147
28638
31203
8634
21071
9586
27071
8407
14573
16522
31894
28885
4683
29642
21576
26972
26112
21575
25276
13752
8148
28691
10878
17135
25661
26054
16180
30229
8956
5024
27506
32657
7676
31463
10409
3484
23882
26114
4310
3996
13370
18105
30306
18105
7847
14747
24984
6080
17397
8713
26146
22679
30231
7627
7823
13732
26864
12044
28105
23202
15540
20440
7369
30386
31017
7728
5079
16819
28925
17493
27676
7003
8107
24533
24425
13795
21998
15971
20555
12384
3454
11625
18499
18995
12228
734
17243
22278
6357
22269
19632
16944
32058
13394
29196
32743
26166
6298
12967
16114
20902
24951
19019
15088
5559
2337
28111
21515
11733
6175
31555
4403
28380
5135
4064
13993
24108
9298
12245
4705
15783
28604
17759
375
18777
3776
22791
935
7562
11914
10718
30104
28620
771
565
6534
17987
2607
18739
1078
31359
26910
24239
1765
6720
7819
15366
3325
5987
16628
7318
30240
14548
24431
28382
12879
19957
4656
20592
16170
11081
22240
29204
19619
15760
28862
1422
4920
25866
30085
23257
24365
5299
24371
10407
7231
25949
5977
27349
18941
6587
32246
27323
27639
3260
23373
3378
25331
24850
4273
13605
31156
19951
7575
11017
10047
27366
14107
1064
6709
2251
28663
31226
12160
14757
2642
4523
6357
12647
12955
32701
4139
15993
7800
25124
1019
4848
24998
11804
17149
5226
3785
2040
24715
17545
10793
29207
16561
12394
32403
14021
3774
19586
29393
31363
13466
31648
7395
876
6268
6514
22549
24445
3643
14121
10194
30327
29075
13283
17280
20035
16639
5563
31987
1331
17117
27170
16738
22216
29642
15888
19343
13393
29714
31569
4800
25052
1854
9894
22895
2669
15399
1290
30564
27493
2765
3376
1655
3978
25649
19487
6909
15714
26313
17409
13340
18116
25939
29325
30324
20541
27199
8182
4668
13081
3902
2708
11618
10766
16874
4116
7526
13522
10118
11064
3991
11387
24923
9368
20353
8204
15265
22073
26246
28091
15332
18551
17934
7040
20134
21192
30272
5709
27295
27378
30373
21196
28297
27291
27908
859
4863
32381
7265
2337
12969
24031
14924
10427
22136
23766
6190
27452
13550
3928
8111
26743
27390
19639
6628
19285
2152
30446
14807
17792
20557
11296
5475
10151
3319
13386
556
31159
31797
10628
15263
27837
9964
2111
26458
28214
16029
4475
25395
422
4712
29376
16816
11905
25650
17318
9146
26012
28553
4081
27148
27186
20061
20738
27859
13011
2844
22583
1649
11808
5374
25592
13678
14899
22027
10353
3838
7926
20660
24029
6558
1254
14058
24098
27419
30843
1874
13548
894
15271
3054
13722
15909
6372
12412
28036
11405
8394
23177
31149
10297
25618
30536
27360
9179
5933
22936
13791
2459
26296
31432
16156
24132
27889
29152
28594
16810
18304
11534
25836
7970
22090
3615
6088
16253
7160
21149
14839
21529
947
12234
21230
2652
16397
32187
5330
5284
21324
17296
9480
31064
162
886
12964
15849
22146
28937
11157
15906
4458
9189
2138
14131
15802
30300
4126
9321
8968
14551
19188
17675
21456
22132
17982
18685
24175
16868
20152
20789
16282
30078
3268
31047
8752
21705
28351
5326
13363
3688
27673
11022
8186
641
22898
29577
26228
15960
28282
22774
2091
1989
20676
5102
21455
1528
10183
7562
25918
9824
6353
2975
8531
5304
9936
20014
27296
23503
15374
29640
25480
32180
1685
29049
29675
25496
24783
30623
29029
585
3903
17776
16091
8442
23098
9119
28840
3140
26286
28304
8910
10294
6117
19958
20624
20268
539
22619
24318
20310
26337
4003
28135
18369
16340
26080
20753
8126
10499
21708
32725
13742
22878
26789
21297
22808
24244
24577
18774
28670
20436
24370
7661
22230
20918
14235
22332
13838
20988
11702
19297
925
23120
19656
30112
9745
3185
32031
28561
3441
30989
28763
5979
24774
7559
5512
18122
10579
22393
26419
9278
22682
24293
8763
24999
15188
23194
2373
6645
17218
31703
449
29793
11678
20616
12238
9721
27494
22009
20378
1482
26928
32116
13387
6619
8284
12304
7314
4662
16952
12293
19909
892
21685
25467
30597
2415
3105
9159
31799
20054
5553
25249
14747
26326
22878
17094
27113
18018
16488
6573
31567
6867
8858
15174
9151
874
31263
29627
3516
1334
6378
17773
25965
31569
14427
29058
3917
11267
24654
27139
16630
24409
12617
20124
13507
6436
14880
27287
19875
3009
17406
26831
24567
1325
12794
13301
4848
30895
8710
3381
23541
1471
1412
13340
29967
32158
26232
22793
32704
2704
31749
29757
8769
23212
19920
23595
3591
915
20242
31980
13387
22225
28254
29515
24070
31570
14290
19959
14365
21683
12116
5603
3445
17255
19653
18850
24978
438
32597
22226
25778
20164
28581
26082
15180
922
18549
80
24886
19321
16044
7746
26075
17590
30121
20035
2968
3884
7769
1482
15160
4286
32224
15736
26432
14637
6797
20441
14233
9030
19819
17301
15646
20172
3329
19018
32411
9618
32147
14717
10480
30445
17671
16578
9621
9834
25420
32287
6534
9309
21500
25877
15029
32255
15776
6934
19605
4138
22038
17311
12058
29245
30947
7804
27600
21221
16823
32121
28671
22415
25900
29529
6156
8932
7955
15177
21943
29166
14306
4373
29054
17778
8871
2414
4606
29165
22789
32400
27111
10531
9101
855
11451
9356
13914
21004
9307
4138
13841
6813
27697
7362
9207
10725
25844
6612
5873
24110
3381
12693
24285
22455
17135
26407
32648
12892
19923
623
9674
25016
22833
1229
26253
27283
7815
6459
4486
16270
18857
20645
11220
14703
7646
14133
1424
17478
10533
11255
26496
969
1734
14974
25730
31579
13858
1515
12072
17116
18200
29192
29494
27052
6242
22328
10003
1071
26903
26248
26096
12810
12425
31692
22284
18385
22071
26098
7246
12463
12499
25213
13909
23940
28557
3692
28342
8584
9288
4629
15759
4044
8616
31917
876
30637
15102
2052
28275
30103
11185
24096
21630
7589
11279
4208
31993
27818
24478
26733
933
8745
21295
12426
24206
8941
19445
30349
28853
4980
32538
4930
15752
12091
27241
24
1170
820
15002
31547
5671
13496
3693
5240
27346
7834
22365
11610
7641
30763
15342
14825
30041
2480
3037
5706
16558
2425
19778
19762
18529
30257
17603
28726
13617
11437
15633
22836
15603
304
24549
21435
16387
23196
31181
19556
23305
29511
6896
20039
26546
28801
11869
21770
20836
29060
10834
19908
17957
1019
31808
25185
4074
1764
7569
5631
31439
24775
25876
5505
9160
3776
14291
21638
19995
16281
5316
32369
32450
18049
26120
10079
5688
4559
19554
14657
9769
23217
18883
3237
21942
18639
27421
13517
357
6704
22028
3472
26927
20206
11594
5825
11645
10734
25868
11471
26357
19362
30107
9181
11195
11374
18327
21391
12948
9223
6637
7758
496
10873
30766
24174
28458
9663
11894
22661
5199
8159
32414
13399
29842
23171
15530
3606
17257
25069
29852
31862
4627
11485
12328
15193
31827
1748
23429
27831
4871
28195
8101
20865
13786
7878
27400
20731
6078
14945
3380
26443
25325
30221
21256
19495
14224
2556
2518
2193
24368
22574
31924
19956
17110
17325
27426
25325
27885
12943
27931
3461
7859
7263
20395
21469
183
4893
3730
18339
29483
5956
10966
28559
5761
28613
30473
2806
12202
21670
2744
25584
22681
18594
2613
2611
4303
15611
5791
29271
17679
9861
31281
25131
9211
29955
19079
3029
13731
6438
30077
18552
22222
24187
15690
7104
12703
4459
8035
2185
16302
3126
8447
18935
16810
16746
12503
3243
20171
1148
18782
26235
21380
10518
3240
31325
24930
17622
32099
14074
27982
9146
3172
16230
16951
14793
29057
25851
10887
21185
24870
29175
27366
11978
11997
11541
4471
27263
15768
6499
22007
14803
9786
3563
27612
27601
26231
18774
21824
712
15291
11719
9836
17882
9930
3256
7453
16476
30444
9297
3927
16079
15087
13994
17477
19526
20528
5396
11199
5576
20970
21129
10534
29727
22727
18260
23551
23642
24364
28118
2448
10445
13385
16023
29308
1316
28038
23317
32233
4838
28881
18773
3108
10685
15339
12315
22438
13260
17927
1453
16335
323
20218
27351
26541
29721
8995
26379
4511
8885
16541
6901
21623
4374
27100
22599
23721
28133
10707
4375
2881
25336
23659
4550
2465
21691
23292
17653
19590
8008
3541
5416
16061
10548
16657
23451
18363
20356
17565
11785
11566
19323
25160
11555
30990
14865
10587
7988
10293
24479
5775
9898
28263
20441
15819
15036
17422
15539
22556
14216
31831
7338
15059
17194
22165
14442
20646
14057
1062
14692
3370
21313
1125
27551
20455
31159
25138
30715
12869
17907
11178
9233
16178
28954
21696
2172
3619
11862
22812
3721
12177
13310
8756
3797
12357
28160
9902
24994
15846
7959
1064
26818
910
25089
22374
3267
15724
30996
11562
3953
8556
5237
7785
25941
3481
179
12618
1085
21880
5594
16190
696
8239
32718
20349
27787
25265
29589
194
12886
4962
27271
3673
15713
9690
24060
26465
9489
14431
13612
23522
12146
25520
9417
23252
14293
8838
31087
11351
13736
3044
1380
9747
23464
2077
6521
21877
14045
27379
20136
3494
15491
1827
21165
2014
29412
25067
21703
25821
14958
740
24389
16884
8355
30298
3962
24289
11769
12958
13567
17328
6111
26168
27276
15794
2190
6475
20022
23361
25466
13112
22817
11623
8069
24519
24010
15690
407
16175
8646
28583
16473
11865
4193
31919
21067
30038
28332
12406
29574
23025
24747
9377
7163
15095
3185
22045
24990
649
14913
29837
27662
5373
17979
20497
27708
30727
30778
8147
24602
9982
29844
3920
15198
14681
25584
20182
21467
5179
20309
32021
27235
5105
20871
11993
13192
23543
25034
8391
32156
2482
15131
25110
14106
4548
24447
12970
19279
29920
10221
21443
23214
53
5966
24323
10377
17003
19402
19336
32635
7109
20742
889
14510
12519
6930
25454
267
4532
7923
1232
29287
5277
13273
23289
22811
20567
5542
14590
25775
22629
1889
8426
19429
5249
10307
26655
20736
19184
31772
182
17100
12693
17961
27012
11309
16352
21869
18425
21895
5260
18591
8018
8947
24128
25895
20810
5765
4902
14803
13383
9267
22463
20707
31961
12667
12880
18398
13450
22516
1678
436
18071
12483
22427
26425
27045
2283
31674
11536
5667
23147
1413
26968
31761
786
12830
13436
14684
25754
16932
25580
3526
11093
28717
3942
24907
28828
278
31284
5160
17923
32110
17342
10397
19728
9054
28683
9577
24713
29467
10934
10345
4592
12670
22718
17977
24706
18439
17001
1239
9002
7384
18458
7064
20673
588
10888
25079
9784
32262
7863
28882
24568
23924
10285
26860
23338
18926
6265
27285
18581
3355
23972
16155
18441
22953
167
2858
6515
21422
30367
30833
20495
11265
24081
14426
12869
4539
31236
15299
9000
5856
17000
15163
11938
10060
9135
19644
30092
15971
30636
21739
8343
30520
31234
2368
13999
32682
16901
10607
29211
1863
12775
23282
1551
20035
25627
22052
19274
7840
14916
31775
15457
8605
6624
30978
25873
22757
23672
16747
32710
18618
18955
30326
7775
11894
9359
23156
15739
7650
15238
6668
26907
12888
1447
15333
23682
31213
11837
9588
1730
20312
8280
14919
11970
18917
17982
21777
21395
7729
28900
17240
19186
151
31557
8388
21145
22127
21234
11844
28303
20209
20327
7149
21926
25352
2859
18794
2223
18916
23282
17220
25105
24694
31967
22610
22544
25175
19672
12117
2222
18137
27917
17442
22842
5317
12663
10046
14010
29575
28939
5767
17324
3766
53
27305
1857
25128
32192
19345
24340
2281
8701
30475
20608
27637
11049
10696
5938
30183
14793
25936
6967
21172
15552
16870
29031
8406
17996
19384
2310
19500
22406
2677
29101
17030
12032
29736
25770
16901
14637
9385
29454
9014
15148
5798
12694
31493
12838
17657
23938
16240
29501
4718
2323
29579
23131
2384
17429
692
11191
27805
2318
27216
29388
12300
22542
10877
3463
17663
1511
11290
25132
5292
18825
26826
8469
15368
32272
21029
26838
598
935
32616
16312
19476
20998
4006
21838
14256
18944
14431
1636
30620
28080
4614
23505
25092
24477
20530
4282
31835
26759
28229
25737
30211
26940
9678
26560
2183
21219
5638
18699
1314
31032
5170
23741
30283
1364
20454
32420
19410
13233
25509
4508
13536
19047
576
10773
2437
10299
25949
8677
18952
22103
31876
7859
22619
20686
18290
30245
18285
9465
28679
25759
17077
20876
10781
17220
1998
27687
26326
597
29288
22899
32564
20455
20600
28246
32031
4351
13848
6642
5800
4657
27181
20057
11598
27805
25084
10398
70
1960
27988
29639
23706
27301
19335
22083
7912
336
2044
6212
20686
28188
19199
17509
17448
21795
22749
22526
19644
1626
10466
3395
7493
3629
491
896
21580
26196
2819
9708
23004
10708
14395
4754
9397
64
28011
1379
9154
6836
5902
30162
3801
5728
6633
31570
14583
2165
25379
21857
13931
19536
9473
4166
8168
8156
27914
19235
27273
27806
23500
11875
21310
16495
8708
25880
11089
31129
27271
18891
20206
12826
14574
8405
23701
5717
13757
7835
15511
18747
9655
26374
17689
20244
10827
17952
7673
20309
27878
15042
20524
11887
17473
9164
6053
28709
8900
26964
3279
19373
13300
3548
24070
6944
16274
28729
6798
26508
12482
7488
3616
28141
31405
4313
9637
19027
11518
2103
14309
5248
10018
30561
24580
3854
24545
14820
6114
28813
3823
17673
21442
13873
24195
24788
5622
21714
15187
534
19909
22093
23733
16360
17829
18469
13778
26232
20624
13803
23872
22297
12008
21904
31346
23933
32532
7225
1643
18264
28561
6053
31375
21161
31515
14244
1838
32571
10328
22930
22209
29152
19060
29557
1707
26475
30145
17337
10810
5676
19355
27878
1516
15840
7588
6950
30076
28863
1207
29233
4301
26474
6784
15864
13057
22420
8794
7162
2875
26019
28717
2043
11663
24507
15151
23482
17533
1728
13464
28609
19538
25839
983
28631
6381
11926
31845
5596
5788
20171
32504
19048
29545
31388
11308
20432
25171
22058
29037
20172
28296
15307
29314
30407
23872
15778
13592
13202
28443
17172
18805
21096
13612
15506
4330
12950
15392
25056
17377
11258
20071
30615
24812
2390
14094
22803
30979
11614
8412
23073
9728
32656
18050
21077
24180
12586
3671
7743
4912
5322
28283
27912
32216
22235
15497
17337
3866
6250
25072
27473
5509
4625
24619
9838
30731
32399
5166
5448
3187
25009
5284
22892
26670
11044
8971
685
26209
26231
17628
10452
27673
25626
30152
5860
15485
28959
8468
4642
16794
22074
26719
32358
30323
5147
29537
4804
23728
7079
18165
5490
7409
27002
1365
31081
3335
791
12970
7941
17657
16867
24207
16070
31375
29394
1919
29934
9164
19845
6232
13090
2227
31520
19871
29511
18410
13321
24217
29391
25638
21850
26274
24225
8841
9953
3867
12365
23848
15517
3437
7619
8742
28266
3495
5278
5318
29126
25051
25532
6979
15573
1419
1501
23218
18053
15158
1662
26395
14824
21996
25502
10976
18330
21498
25264
20630
27913
28652
17054
6609
22114
30677
25706
24398
3802
25912
13423
1328
10417
29217
11637
23428
11945
9969
22169
2898
16414
25612
16798
10292
2007
20051
14313
28570
20699
24087
21970
8763
5237
15883
19917
15065
28957
14798
12812
31383
22845
14437
236
25606
23452
10359
4636
13817
26890
26807
12391
23849
31382
28181
25307
29262
23489
10944
16251
1288
18739
1715
24931
10121
25196
5593
28751
21994
28509
22097
14742
11262
18996
10515
28223
8303
2193
9031
7480
7941
21056
13749
31300
28276
2919
20155
26896
9433
7553
5962
24603
22264
786
23428
23988
27308
4768
11159
27988
7968
6940
6515
25297
18306
18387
24711
28813
25507
19869
25699
3542
22842
19214
8369
18665
2107
26158
12307
26109
4822
5135
22733
13309
10072
22716
28226
27234
21387
17908
1592
6564
14278
13124
25667
28422
5973
23698
29706
13596
28515
8049
28870
21703
18892
1118
27490
24466
12687
3112
4579
3472
31220
32602
342
9886
19300
7894
18416
14928
6050
17729
24017
30425
6694
60
16076
18923
3421
23569
28677
29251
1370
26587
30024
16582
561
2103
21700
5339
4310
12551
31269
23401
5539
24604
18994
624
20755
30169
27751
14473
6464
18476
3571
14405
7458
831
4699
18227
11851
20409
30361
20900
16823
8536
20707
3870
7077
2835
21539
19328
584
20561
20262
25760
10268
3459
455
16934
17423
2626
26346
28350
26854
30975
5846
2544
24978
29916
1714
11710
17148
13862
17216
23720
5983
29989
13529
30454
2032
21532
7078
4942
18053
9856
262
843
10907
15626
19130
15233
12131
5597
13090
5147
6689
8248
3290
1377
17721
16090
3178
8864
1257
26862
13936
4027
12839
26431
29083
11656
21216
15357
27740
18130
29151
17020
13196
27799
1556
23103
27827
26246
4757
25588
19412
8956
9002
6151
20704
11110
28337
17252
30835
11208
327
3866
32299
15201
5789
1797
20799
3925
14680
22473
30456
928
17313
15536
30043
2596
25895
14223
28356
4787
3935
405
4779
26045
2139
32151
22777
4899
13024
24074
19536
4977
14402
6958
11445
8799
4781
2351
17602
883
20284
19129
13168
13368
25746
9383
7562
155
25497
9659
13338
3106
480
18096
27866
16299
7614
11890
16293
4985
16825
24908
13806
24930
26117
860
25282
2901
6101
15163
32449
12440
5849
10354
21486
9010
30862
29650
21833
24704
31992
13890
2139
27771
4620
18055
31089
7255
28077
26620
19087
11331
21795
26851
3179
24268
7847
23155
17447
24299
11175
31707
31354
7729
25626
32004
18066
11986
30720
27023
3080
5382
3216
31933
29809
17444
54
6789
26481
26923
16221
23770
8585
18018
32645
23428
24520
21256
25112
10249
22530
31697
29124
26900
28980
26994
10104
22855
27431
16752
29206
23560
10659
13381
7012
7682
13340
23877
26049
28744
21541
15053
27731
19419
17513
9002
16001
17065
3241
2650
13600
6245
30208
31901
25087
14629
6252
9921
26360
22890
23772
9701
3408
8721
29160
19375
7697
27764
12597
5676
14212
8214
14411
2796
13883
29705
7978
23172
25879
3565
8480
28112
17192
1348
11647
6766
20981
18429
15325
9279
19248
17586
28715
6407
17493
25399
2922
5728
29739
24076
25800
15993
6690
21264
14627
10901
27907
21600
30628
31737
8980
6697
17816
30717
3235
9120
13342
31457
6823
13436
16529
7415
25192
30851
8269
26535
12686
23615
22420
29894
28008
10676
8374
11763
21575
6571
28449
3384
14605
5670
22112
31873
10064
2474
23170
8130
8674
27070
23186
128
30630
6657
15470
650
12708
15939
31846
25532
23851
20287
25298
2041
32512
31397
25632
26179
32129
28978
3075
26460
30187
14379
12437
22785
1343
7673
2300
538
29169
11101
20087
5495
19305
8242
21827
17395
17028
6123
20105
24755
2642
22107
6457
3107
7690
17850
19734
9518
32673
1446
12086
10664
27780
26037
9880
6564
3506
27558
30008
19361
6692
15196
32170
21316
3289
6729
24661
7386
4175
19404
10187
10846
14078
20468
25385
2228
14735
6852
24685
13642
23895
21352
16984
12696
17052
30958
15670
1777
15042
16366
2016
4232
6716
1556
23523
2416
9186
13916
23674
14956
12865
19486
16586
31678
14566
15112
16483
17271
15014
10408
26007
12499
15628
16097
18255
31455
15813
11541
6668
21697
11538
7942
15143
25181
10127
27854
25480
12493
17272
31389
17290
26181
29937
19758
12360
24824
5665
30257
11104
29541
32555
19033
26570
3986
6626
3226
12159
19978
8649
27061
5697
30433
7690
25434
8216
8872
18720
11571
5543
20695
6104
15960
24006
19405
29838
25878
11681
13548
5536
2373
5978
2898
32040
14277
18985
24797
3447
30591
5741
31832
15672
23828
24797
22880
21570
21690
22895
17051
15307
26032
11742
24440
25917
24665
29524
5266
24045
29268
14042
1651
18551
29935
12924
19472
7553
5940
6795
2607
19834
8704
28005
27553
26235
20884
16102
19103
11949
24431
27226
10904
4585
29101
17457
6626
5894
811
23684
8551
14143
12246
13048
1060
4341
13748
7000
11565
21528
531
10393
11232
25405
7831
8997
22808
24409
9971
31331
32182
31448
16092
9439
15709
19239
14830
25582
13804
31839
4234
23465
31243
12521
22919
22803
9694
1297
17855
10190
1272
7349
25568
8197
1545
13422
17971
32374
5525
2036
13557
12712
20173
31074
21167
14592
8820
1471
2844
27411
22435
25384
18209
2055
12154
28086
26775
31666
14705
14258
15055
16692
30458
26903
7215
14371
31022
26202
2163
27037
32497
9978
23504
5665
9911
6139
5253
32299
22948
15774
28680
25102
11033
11026
21425
499
14622
28159
9618
19859
29973
4226
32131
2247
27493
25586
17505
15266
10310
27392
16552
31196
9002
14593
24036
20220
24463
6231
31237
3302
21958
30551
12625
1361
32434
777
22380
16475
9360
2770
12813
32539
297
25595
15769
16657
19240
14137
31449
24150
18159
30558
9776
9750
24627
30029
20594
20593
20305
4882
18314
6754
31023
3645
8023
31588
31200
26429
23547
17807
23910
6085
7727
7781
31817
24892
32359
433
6360
21109
700
24065
3061
25089
851
32402
13554
17526
1571
28188
25494
25972
29886
21221
10299
11167
31343
13143
5629
15720
9080
27554
167
19673
9814
31516
19246
31298
17822
9746
30498
3509
160
15420
15052
10733
6002
20272
10839
27990
11878
31121
4404
15168
22143
4151
12603
21968
6885
10218
4478
16384
9038
5776
13732
29341
1040
3298
20011
2647
8311
20177
17178
26283
6338
27604
21597
22171
29586
13788
17949
21703
16589
17526
13153
6860
16804
8569
6985
25435
25488
27128
13693
4404
13922
8142
5710
20392
27162
30965
7520
13818
18972
30633
2847
23087
19803
12257
1646
21395
30195
27320
21220
1816
15211
22573
20484
17094
24223
26483
10886
9119
6528
7322
20052
24513
16706
1393
5828
4101
17206
22486
5466
17051
17229
30725
14797
22524
20471
20674
20290
3515
8024
21556
11582
15896
32727
288
22539
29282
2318
1671
18019
8355
5369
6530
9028
567
1887
11558
5040
16893
15142
3076
31554
3652
31896
6547
13913
23397
29212
30220
76
4519
28372
20278
766
18748
13532
19791
615
12028
28225
5882
14667
7509
12154
5129
14836
16550
31780
1322
19991
21190
2749
31287
31088
19876
21992
22583
8881
26584
23460
10300
28190
6416
23425
19936
8313
13393
20824
31715
1808
2890
31386
22223
12122
20760
8972
31949
141
14555
25106
29086
14577
7142
28125
17481
24778
11842
24954
4769
3777
27941
28218
1259
15756
4939
19741
21027
27873
29670
8220
6677
6251
17836
4433
11228
11651
8555
2867
2250
11533
13561
19404
14503
26153
25660
4679
10649
23523
28709
21220
503
22915
24776
4876
17897
11258
30290
14846
1677
9049
17458
27286
19449
31110
24810
30504
15552
9922
18720
6890
17294
29520
19522
28618
4400
14999
20370
1961
26949
19958
31023
1113
17278
23496
13301
4131
18185
1711
260
20013
10495
23881
15250
24952
18820
15954
3144
25669
31567
30442
12961
12088
25104
4486
4777
5379
25137
14169
30156
1920
13819
8414
7663
4147
1998
21975
13134
13661
6884
18167
23760
25321
16585
27198
3129
27276
30802
10859
21162
22329
24637
22278
26184
12802
28111
30756
21607
21179
19057
30336
17961
184
29737
29925
30048
19139
20854
13299
15425
19997
25907
21835
29384
26881
15345
1458
14428
12751
9914
9311
2907
21485
2415
9400
1797
10827
19196
19449
30134
22325
18596
30713
14589
9720
31589
16603
163
22100
13782
18653
21766
32168
23412
2843
26691
24025
32051
12480
16800
7886
11703
13351
16676
19575
21125
27397
10730
12959
2841
28916
15791
10933
22112
13567
4272
18992
5645
27327
21615
148
18126
19400
24798
20752
17349
18681
19662
26266
15408
12807
16938
14258
24386
3815
26527
2001
26657
28484
19961
21773
22069
6897
29318
10402
1424
10854
19196
7967
22979
16595
23805
10908
5491
13019
8850
23133
15753
19965
8094
31868
32694
8951
1198
29365
26148
23209
30552
32710
17545
20115
26931
19612
15414
16327
17528
11007
4735
7511
28967
19846
7542
18697
14500
31189
25805
18709
27067
13254
20188
19366
10042
27228
23958
22754
8445
20401
10618
27355
1398
29635
7494
18176
17820
30684
2178
306
12913
27369
29856
20797
29632
9428
5722
28781
24069
16670
3060
22772
9857
30342
15574
16255
22858
21656
21108
32165
15202
27155
15234
1091
11350
22886
25241
2652
2514
18075
3577
32011
3072
13961
29925
4587
9560
17800
14099
25982
24242
18846
28596
12057
2335
16154
17396
22516
25175
24899
26427
20783
10693
18883
17758
14304
19509
20905
32119
29472
24438
23164
3623
20538
6810
11339
7006
7774
27801
8634
27588
12971
9345
26466
26081
11062
10659
19391
6898
23584
11899
11834
17547
2001
8962
16875
2085
24194
28868
27482
13728
17127
6290
28984
5490
12970
13316
21163
4069
5349
6362
14880
11205
30123
3787
30483
15767
3423
26403
32235
13917
28861
12512
13654
11975
15147
29284
17155
21279
8302
31731
19491
8360
17888
23268
5795
24321
15749
17663
2479
15071
3480
20147
24520
6305
22106
12813
9469
9524
12575
16109
13517
1361
5381
10484
22566
15502
15673
9060
12709
12679
22654
31750
27590
30498
28264
31146
15887
23981
9322
10090
19147
19124
3300
19315
17841
20399
30571
16778
23992
6275
20664
5791
24374
15734
26772
13318
15168
2867
22260
2076
30378
31238
12092
5386
3254
8886
536
6879
12782
27506
1791
27103
21517
27571
20593
5235
5002
30390
32637
15200
31380
20618
4910
2270
27852
948
590
27032
22268
17298
10433
2946
1749
17462
21952
27553
28840
19349
11806
4169
16527
24216
21277
13009
32172
2999
6760
31375
2044
26561
26910
7115
13548
17836
1742
19458
6612
4940
11724
15511
25119
13500
20133
7494
16479
29824
4915
12776
25285
25625
29259
25361
18022
1642
5343
9031
1027
16496
18944
11802
7081
6929
8195
25012
5315
27906
21375
15934
25194
23935
3621
29009
6144
26505
14126
6138
17948
5534
29842
7276
22297
24828
27652
15673
26344
24347
24370
23925
25762
24441
6894
22231
13021
16704
29189
22374
25551
30355
27684
6356
7717
9213
8846
8377
24699
15322
19173
17044
17790
63
581
14564
3760
4804
3474
28731
14787
32166
30235
24755
16352
21640
3414
1919
6731
2049
5653
4586
12061
19318
12536
23857
31839
718
12538
1398
30733
27081
22095
31850
23895
17572
8667
24433
1486
26007
9132
1346
19957
28265
845
7769
7657
18468
11516
5343
21960
10583
7070
31857
728
22956
11685
10774
5782
11939
6727
11490
8750
2217
9325
8848
31227
11923
22375
6737
6570
7913
14645
6273
1553
4169
28768
16065
16897
1161
3435
7061
8590
17972
161
16025
17735
30142
4920
13777
11061
1407
4660
8638
27336
3847
29276
27518
3736
11090
24741
23151
3884
21569
23728
15020
18544
31194
10852
2228
525
26253
7779
10861
8750
21393
30703
23768
2944
7372
3283
25328
8865
19922
17016
25467
5978
25070
28346
7253
3124
12112
17029
26139
21154
7332
27007
6425
28223
16437
24564
6952
10450
4145
10217
4156
21204
29507
21262
22897
31031
16393
21692
11092
32272
11067
22376
26515
21195
10622
15474
3976
23283
16370
27990
13856
21064
20487
17879
26290
30946
20161
16335
20780
23190
25413
10433
1810
30247
8943
19011
15617
6841
1010
22570
26314
24005
1075
28633
20230
12237
2867
26571
17178
14614
10987
11326
30498
26204
14753
31784
30072
22599
20188
387
21993
8756
30883
13953
3479
28235
2633
18427
29649
32475
22104
20184
25940
28622
15021
9781
30220
23638
18811
28148
32458
22031
6092
9340
15842
29805
30108
5876
15030
27323
32294
17825
29809
22170
22873
16458
14827
24725
12046
28655
29450
22687
14918
3534
12206
2910
4571
8853
3562
29073
14982
27179
14770
13642
5933
9383
22274
5945
14593
7860
29859
5890
26070
3611
13008
21491
30312
27807
16806
18708
8769
18574
21960
27867
10440
18260
14672
1361
9665
7711
22982
30279
4333
2321
11621
8624
19098
27676
23680
25102
21381
22751
7457
25053
12720
27607
16306
8303
18098
7998
29726
4192
28492
12899
19517
31789
22675
16094
973
5641
16794
25521
30914
7343
28649
4916
12514
3899
28710
19639
12670
10651
29275
7048
1185
22974
3667
14797
27633
6180
25319
1770
2325
21381
16460
4424
18150
7049
30804
5155
9757
26439
4005
17857
30197
1264
20670
11528
10847
30815
14175
4289
31218
4167
15361
3912
14610
30419
28483
12101
3756
27912
17641
5079
26958
14860
1697
9396
4815
22619
26185
4728
12893
32641
21525
31003
21923
20793
16479
955
1154
8026
9247
17646
24437
27671
30085
4260
21986
29801
27408
6103
9645
8576
31553
12528
14911
16820
5910
32225
12713
2299
19733
21733
18275
28614
11567
27069
23592
4394
29284
10622
12362
27195
30116
23901
24022
15804
7754
29838
17752
14278
18438
24024
11964
32077
8128
10185
5032
18586
234
15694
27004
386
21445
11394
7239
748
19030
15449
30488
2044
8965
11774
20629
10877
11575
4042
3504
15993
22950
23092
20187
24597
19302
2082
6269
31133
7546
27381
11633
18653
1906
27083
16715
15850
8499
32694
11342
7440
16607
2760
29634
30074
29701
29739
28405
10781
28818
31857
3016
32413
18759
29624
3952
19212
18318
940
3536
4611
4989
6359
5985
10080
10707
4425
11376
30095
18836
31384
15905
18635
27718
6390
23834
25712
11686
30866
14874
32247
22647
8478
26296
16177
3374
15197
4400
32430
17647
17453
17114
20094
19422
10108
28438
22271
11366
27768
4673
4567
32429
25198
22452
30994
11092
3687
7863
23028
27907
27562
17651
8688
18442
25351
5558
19469
24282
15989
24179
26418
22954
462
31887
15672
24381
8564
30955
3383
31782
12518
31834
15181
30714
30736
17005
23449
5778
23746
23556
25051
32457
31831
24024
18571
29486
4369
15690
15143
28331
21138
29350
17722
28460
16144
27316
18007
10923
6023
20147
16384
21912
30462
13113
31072
32069
83
23738
9082
16801
7227
32099
6916
22777
22521
4813
22719
18411
16861
24216
23434
29866
23256
5662
5801
1610
29575
30696
30583
22813
17104
1454
11638
559
13277
4603
11802
31915
23578
15292
9156
24635
126
9316
1035
14941
4957
25848
11198
26532
27797
23881
9919
25721
22340
16531
3811
22414
686
19419
14735
20812
9994
25470
29679
24627
32531
7124
4693
16687
20558
9517
16155
24213
24642
22473
1500
7348
10637
24064
1799
2302
19068
31605
2143
2697
10212
26488
3366
9136
22804
16871
23127
20959
32675
450
16567
8930
13994
13250
14192
31118
2520
27290
26093
16513
13817
5835
10377
16206
23381
23940
15513
31511
7359
5668
8363
2355
14253
13862
14461
30185
5346
12784
14030
30366
19127
1154
20847
15445
31843
11778
3844
9591
18601
25669
29791
27807
7360
2058
22293
23353
10960
6463
861
5264
7380
8591
31127
11742
1978
18874
3717
3771
16014
1809
6233
3940
24640
4779
11104
459
12716
6087
27261
27188
26447
15989
20021
28142
24276
16442
10529
5655
16167
30733
27814
31936
15455
8913
26914
21540
7772
4719
31322
16456
13422
1170
26498
19239
19529
31442
18842
11243
22937
30478
17414
9445
16632
13624
10359
