5427
6602
325
19860
27930
28417
1705
19027
32051
6282
6097
22922
17625
24633
4676
8272
8301
15390
1261
32100
21868
219
140
20204
32573
30894
5792
19550
2647
2606
12526
26831
22916
31702
20622
14082
28223
13625
10980
30246
30233
12674
8940
3592
12928
20532
14263
18854
23798
24345
7890
7943
9119
16474
11557
16667
7077
15637
11446
30817
12939
20845
19119
11989
8451
20533
2733
21957
22000
26621
4518
18474
6261
14346
12409
14653
9614
7704
1365
24601
29692
2501
10733
32681
19607
20115
21973
10878
24391
22572
20479
10969
16652
13519
26246
452
29738
22356
17227
27958
18559
32164
1274
2945
7439
27071
1323
32115
29924
17835
17084
25454
25123
21499
12506
23291
13949
13529
12560
18401
3539
11933
22533
31159
23293
19256
9246
27122
26974
7352
2840
673
9027
6393
8410
14946
22857
3563
28109
10346
6730
30548
7992
15782
13533
23769
12072
13094
10773
5537
19455
1235
2824
28191
3095
29089
1882
14521
7986
9955
19064
1556
11104
14719
4577
6002
31554
10535
4826
3884
15891
8406
17447
20947
20302
30237
29750
15721
21695
390
25606
2659
27213
6771
16668
32619
32217
17925
26615
25510
27438
12418
11922
21127
31396
14544
11041
2976
28297
14662
31033
18522
28456
20314
19505
28481
12580
15153
2577
31421
9354
26622
18470
9739
7180
3017
26930
24
2685
19207
15471
11739
131
1782
5406
22111
16828
26812
8114
5571
18256
12215
4660
23327
1021
3691
20613
30094
8977
4505
27124
21178
6372
16408
6443
4875
2032
13521
25623
14754
26555
7755
7605
1542
29600
12094
2388
29830
12394
6478
21446
30027
31467
15660
20476
5705
31256
7179
1548
19873
15977
736
29492
25672
20504
14258
10910
24363
20829
13843
23196
24666
23095
7503
30727
5761
20886
9815
16986
14037
13250
5289
16870
8019
20153
23992
15850
7495
27735
21467
32722
28635
9525
23023
26443
3235
17483
16574
30351
1450
29371
27873
3387
13994
25215
19262
16857
4702
161
10482
3346
28443
28897
30936
5814
21709
10158
20841
16946
4465
4671
20242
13642
13469
8656
4567
6110
3766
24081
8320
8882
17055
7789
17661
4070
15503
3276
18014
9425
26814
5854
11562
9863
10868
5829
20488
4548
19080
21018
15649
26546
16226
18309
8410
15399
16818
9571
3669
21998
20856
5532
7260
20278
27453
31056
10320
26615
10781
25503
31451
2462
26490
9029
3795
29118
8687
10428
20290
4109
4582
27801
7581
30400
5763
25825
7540
24037
22432
29453
27232
23735
6114
22467
29819
10755
17747
14542
18880
11817
7693
27792
20049
2703
1245
29102
22042
25071
27523
14842
7232
2260
26918
6940
13259
16268
26740
840
12640
3467
22069
24670
27045
25602
24536
25519
9250
27154
26724
3554
1736
31886
19978
25028
18982
31281
27265
17066
31620
11661
2123
11156
29052
27914
1932
7726
14231
18586
31972
17131
12455
24598
7472
6127
4059
31516
22929
11266
14314
12196
17931
14674
8114
22907
30561
8858
27637
22519
18487
20154
2395
25839
15676
19479
28267
1438
17402
22596
30262
26933
5477
23537
21102
16246
12866
29120
10564
7105
29266
31963
14720
17154
26965
24968
28687
32279
3531
11276
12582
8684
32219
27054
7464
27468
20703
465
9751
8941
5005
26851
5067
20505
12402
8508
21433
16057
5271
28927
32356
11965
16524
7021
23624
29837
3311
16710
7299
849
28159
9251
19470
12600
6226
31095
14923
31072
25120
17728
26347
1454
16320
32282
12998
15859
9372
30216
8494
22224
22417
29820
8224
32396
6397
12417
4776
32043
1164
3979
1756
22361
22961
11900
6821
30397
28246
13630
19127
14103
22084
4946
20482
2189
12561
15640
18996
7052
12535
21009
4068
1103
5498
26430
1963
12044
15629
25563
13557
7932
6278
23716
28159
10751
2249
29073
317
17667
16148
10738
22634
22964
31131
1082
10951
16110
18332
9046
31950
16809
19134
20457
32340
22680
16290
14488
28820
21782
27535
2630
5153
2605
1418
19424
29530
3124
11578
2832
8639
2062
25935
19879
2101
7530
32354
19523
20711
32094
731
12004
13542
29086
599
426
22036
10685
14289
10092
14914
16580
9214
3701
26511
24482
20806
4862
5490
30005
16272
16580
19076
11846
20970
5569
21101
23762
23944
27724
25272
4692
8427
27997
16887
28365
1086
2575
28183
23081
21533
1765
5076
8612
9231
2286
11413
28029
7083
20652
3317
23030
32559
9696
32115
16877
14698
10797
25982
23054
9694
19109
19000
17692
16727
29478
29365
25004
1155
13961
29282
4575
22023
24504
1437
29516
6123
20925
15279
19060
13491
27838
12688
18468
20421
15966
6715
22473
20182
21814
10881
12096
96
19653
15345
1532
11723
172
24884
7109
16460
8773
28099
31446
27945
15782
3654
6209
21547
19401
26277
8640
480
30201
31453
24395
12297
27261
2288
16827
12664
28905
11509
7595
764
23344
3135
10185
21506
15037
22631
10753
7587
14693
4632
9509
31436
1674
13294
7824
20829
13882
25024
26073
3362
4391
12089
5455
10794
32208
9979
12338
1640
30417
24527
2674
14532
5592
12228
340
17179
5141
12398
30031
12533
8207
30386
1034
1954
22387
9033
28140
28952
2825
2315
29055
387
19214
7267
18929
10595
3125
16216
31792
7252
17199
14891
18400
15407
225
28946
2918
3301
27293
15408
23270
27418
21029
8201
23909
12330
22753
3614
12530
18148
30523
13319
1645
8131
5909
3166
14494
12109
26293
12845
15161
10879
26401
25058
846
2093
24401
11203
9181
10570
21263
15462
21737
4658
6491
11802
23593
945
816
12747
21549
9740
6211
21168
13724
11211
18210
17090
5665
8958
13924
10631
30959
31874
22051
29174
8284
29150
24570
16047
17575
22332
4793
22010
11474
15668
32561
16956
17702
15000
29005
8886
19548
24243
11195
32445
13818
26883
32141
32089
17361
6085
28519
18212
26640
12562
8676
17417
19820
3536
30522
19278
4797
27586
27396
32026
20095
15648
3978
5773
2121
31293
5868
1151
5296
9438
10483
12818
7091
30704
23341
28611
22368
16693
25395
21484
27179
16414
23946
4979
31724
20746
9271
24725
14884
1501
31712
15823
7626
17312
21308
13326
29418
15436
19072
16840
18205
3433
15245
14679
17630
4744
14029
5333
29377
18819
18828
2179
9930
23975
12695
19365
31210
282
13639
11144
9393
11712
6113
4545
25599
23363
172
15257
29451
10336
4495
27058
21039
28536
28477
12765
27671
4590
19636
19121
28512
22644
26276
3696
22241
27141
1258
24099
9350
21054
31572
23847
4056
5285
32562
10827
9851
7294
26053
21564
7918
11712
21268
23105
14121
29145
11022
14632
29303
28861
2153
14889
3007
11857
26062
5802
22487
27370
5384
21256
16683
5630
13955
14711
4624
6191
5737
20404
2562
30210
32322
23993
14460
18560
10160
3845
24068
17977
7937
26881
9727
22326
26059
18105
12487
983
12822
1071
31024
22958
31100
25014
27680
9391
23078
6752
15618
21821
4892
29127
20566
23221
3022
4475
29246
1653
24225
5200
4361
24260
13364
11733
17601
15890
31823
7694
21507
3452
4723
15912
29457
24812
21227
3685
28303
27127
1347
32402
17909
13586
4221
11803
31873
27388
4440
25146
5126
12274
3468
11931
8625
5871
8156
16452
16772
15793
22371
24611
23074
2602
245
20678
12602
9848
1668
9170
402
31365
4927
15766
32651
3833
29842
14707
28648
3718
1834
32007
17843
16044
15058
26919
21151
23644
14574
12946
31755
17167
7519
22877
8255
15119
21797
28519
13952
2923
4354
25180
20878
6049
20137
13192
24216
21467
27255
30622
7462
9154
19517
28319
27089
249
1094
1036
16438
20177
10211
5948
23212
23715
8003
20899
6327
10173
25441
6585
21861
6562
10766
25407
29372
27421
29195
9807
8894
13434
15918
21482
15102
14366
6347
26182
27728
3896
25413
29439
15963
2166
1225
29101
21632
24862
30625
22510
14905
13494
24615
31035
17143
4419
31518
28013
5174
7582
13151
18555
9575
4886
6022
3659
12291
17131
762
29789
2245
12789
7045
26746
31178
14330
13360
31788
19805
9050
18959
1499
27516
7108
15624
27897
32554
17070
6895
9566
25035
4203
26739
17240
30388
37
14362
26299
27522
29776
11790
6021
17070
29606
32043
3754
3701
14197
20303
10669
2676
1783
25595
18766
30639
5091
20659
7974
6445
13813
5538
7218
4947
32601
25024
1062
18628
8481
18985
9381
25353
9093
26194
30657
17629
7771
31723
12086
29510
21582
27475
22300
19816
13742
7099
12251
20439
13328
21729
23894
8961
4517
9393
9062
3795
9521
18645
7590
1200
14717
13982
16172
30192
9352
29394
24540
32377
10220
22310
2371
22760
2811
21555
9937
30963
14112
10760
16639
12770
11888
5662
17807
12744
13432
29551
32722
28185
9577
30923
23773
12175
10739
10818
25485
6672
28625
16278
19615
19176
3490
27924
21234
32335
22364
17120
15407
25473
7597
11393
28705
16358
28337
2355
11534
6119
23847
28559
6737
9264
14508
4551
30645
27747
5789
16913
834
20912
13105
6287
3111
14650
11686
2419
19855
24679
17815
12376
30493
27912
11010
11510
8365
9730
1655
15080
4610
25663
7423
16138
3128
20627
24795
28259
18121
28585
32345
19116
7877
16099
19340
24185
30805
611
16256
23863
10619
22174
20104
1778
4166
28651
30418
16588
22930
1714
6387
1176
24567
5131
24395
17790
29450
2689
19895
21231
9167
24631
22859
3241
22684
16568
10531
24698
6052
20390
31574
1182
22377
29824
18743
20150
8166
11348
27454
11918
16220
21548
28395
23302
27112
15368
3895
7573
8282
29252
17096
32459
21976
8769
24170
29534
22960
22307
25093
32753
16583
18257
23297
20164
24032
28568
20622
29098
15018
5031
30067
13477
15701
6924
1262
8204
18307
18809
18306
32557
25200
21869
12258
5279
24397
22978
16711
4586
1644
3271
27754
910
16657
3016
32392
31527
7369
32762
1043
17838
10318
21011
25564
11249
25815
32279
12877
18753
23252
15748
22819
10266
19225
6104
12533
30165
7594
1168
14276
16187
13923
17916
3351
11578
2052
20404
31141
19446
12701
31978
16136
16796
7083
7325
28883
16769
8263
4320
18193
9595
4996
175
24477
12759
30832
17415
10358
3349
19916
10648
12370
76
22892
7073
15919
29497
11266
7777
15999
28971
11285
15057
11780
27202
3038
31982
11590
19129
272
7667
4619
1914
11012
23019
17887
1098
2421
6877
24336
773
26704
27364
28016
263
6074
25306
31818
30592
20178
17643
23186
20236
18662
20546
24160
14783
8915
9329
21146
15251
4656
13600
13478
29221
3658
23831
12406
24963
20943
5341
17476
32565
15885
12060
29407
881
9939
14138
4446
24879
22389
29380
7373
28636
3312
17220
23358
26579
3284
8702
24174
17859
7256
29487
23625
1129
8311
1977
4167
23481
6736
16094
31824
30724
18277
11177
476
19395
23784
13550
3982
22960
28145
16239
22830
21555
17038
4423
2114
18956
22671
24993
2048
13642
30120
1741
21270
27855
2569
16741
5095
31666
20253
12569
1601
5900
23655
26592
19362
15360
20673
32476
31911
2438
3944
8812
5102
32520
12487
28659
30829
17216
20668
29973
4532
668
28979
9951
25974
3701
419
535
30725
1146
16843
17934
17715
15728
26771
11482
6568
18967
25544
7925
22192
31778
8069
15083
5307
4106
1761
12259
28839
21281
8601
22340
265
5025
31809
27208
21247
26921
23430
14523
19156
19661
15523
13108
21779
20248
2052
16833
18309
10131
900
17963
12895
22621
14655
30160
14490
22429
11911
18246
574
27096
27618
6461
18944
18365
21548
16319
5787
20301
27772
25216
15444
20820
21071
32064
13996
11978
27590
5618
32068
23383
19893
5884
12092
18514
4457
12302
21395
19794
27090
30969
28551
21389
22663
27177
27137
31162
22523
18323
25408
20234
17261
31885
32053
8571
22753
6843
20179
22659
4638
32040
956
13765
21883
14515
30167
15391
23572
8923
16095
4518
17412
21356
14993
5148
12620
6316
6443
13432
9789
2134
29213
23150
26922
18397
3721
23277
19687
29925
24393
17227
5426
19899
8567
7267
31805
10007
21302
12483
13207
15002
9752
15746
13961
19993
8142
15873
778
11570
19021
18369
30711
1720
625
5521
25873
22407
29221
20489
1712
26696
15804
27070
3128
2837
5759
24840
30903
22594
12744
51
10774
925
23985
7139
30221
8712
26109
7946
11112
4949
26961
32159
32254
11042
1174
19285
7344
16636
27658
26180
4133
15297
29095
5457
4084
18453
14472
7800
5262
17037
6956
32446
9672
17117
7577
7803
8533
12151
31946
25871
7668
21516
14955
28917
4867
19158
24927
17474
27087
24386
417
20035
32511
30201
22241
15366
32321
23968
3408
25659
10567
5729
2951
4486
24296
29367
24543
7154
29565
20037
21109
19934
24310
5541
30644
11294
23401
12166
3238
11829
7790
31241
11600
440
3369
25884
6699
1938
8742
11246
10291
9025
19962
14246
20301
21382
13897
27482
23722
11128
17810
6454
9711
18978
12761
21377
11549
29638
13621
785
7811
4806
29012
10530
5950
18077
24518
13214
19719
18646
9801
7197
18713
12045
5102
15263
22799
14097
27713
28939
12529
30783
17833
11353
25159
4598
10433
856
18516
11778
19562
17455
22254
26407
17668
7788
3960
9894
21612
12895
14038
24772
272
4936
7597
29884
18610
18696
17718
9607
11094
9891
3422
22467
27438
4732
21702
10497
2049
14297
17522
20485
7119
23867
18967
25220
29975
15184
14378
17846
12070
19750
21946
18720
27550
30456
1974
19004
31378
7371
1357
11791
15610
26728
21486
31522
7969
17342
17204
5715
453
11675
15873
19730
18170
559
22684
4761
14670
21181
19355
22947
1900
26094
18461
21727
16780
166
20405
3654
1570
26807
29791
7186
11669
19559
19757
5592
3465
18610
28812
13704
26475
3008
18147
21697
32652
31130
19025
13539
16403
15866
28301
14847
16869
30924
11878
29804
16163
3189
10492
8359
17824
16008
16705
21440
25265
19783
11901
3421
7451
29371
18003
14439
19435
30060
1961
32685
10879
17274
20359
12426
27298
5400
31437
31626
25302
25746
31340
7456
2680
29038
14500
18782
8418
12226
24237
2120
20557
4040
13801
10899
10798
7027
185
17436
13313
31374
4008
15405
21473
1601
1152
30645
22983
31854
27538
21348
29209
6746
30479
3704
32649
30440
15963
8652
26061
27309
20357
16556
22848
11657
2958
27093
21260
12771
4352
29195
26369
5649
7224
20461
10342
4697
8213
13324
15859
2086
16878
29534
9272
18566
6472
13341
21908
1709
12218
24289
26946
26101
20958
14308
18146
23429
21093
16372
17231
22967
10940
31483
30192
11715
6609
2470
19274
29320
11644
11127
5876
16134
4053
31026
3939
11805
3998
18817
28914
21762
23907
5336
11270
29663
24072
30404
26673
21827
28159
22664
22601
24691
22299
26375
14750
11563
16953
23042
24617
11401
29578
21782
12803
19910
12737
15793
3515
13243
25622
32022
19696
16928
20106
10681
28491
23858
7248
8265
4886
14543
25022
15786
3710
25780
11004
25352
8781
4092
19437
27836
19106
24421
453
20035
27904
27974
14718
26534
9191
26195
28899
31196
24925
12863
9147
7851
1854
2242
3675
13334
23398
10779
12931
7796
10635
26561
23651
29753
2043
26175
24385
27125
27033
14413
24622
28419
9406
30759
305
23982
18100
10183
27300
5053
8976
25542
16707
8318
10170
2060
26014
32719
15436
25873
19524
15480
14381
1337
2327
25791
2137
1544
21647
3610
3802
17257
6946
25355
27693
11179
7699
18211
31900
7074
16810
13483
12587
23610
18137
29893
13842
31040
17929
20084
4977
14734
15234
15132
20631
29382
18692
8573
14823
30100
10396
12750
15286
17378
14385
26859
20238
1650
114
16332
24087
3108
24850
25610
13153
2621
17535
3275
14541
1803
16142
4039
3326
26120
12159
6680
2483
14124
13160
10347
29894
11576
2844
854
6850
14900
5220
16401
16997
659
31507
19886
28626
31707
7382
24220
22693
8308
12590
10946
15783
7411
29999
9563
22118
23575
5665
10933
14113
15985
5411
1205
14243
4041
648
910
6282
8683
8285
2488
30998
11153
17833
27806
9400
10083
10145
15353
21560
777
19980
1471
15237
26412
14899
1541
15550
24660
17032
15351
12468
12787
13233
8387
23108
5775
16680
9427
15782
16590
5181
18156
24490
12903
264
22792
7809
9024
1705
16497
15982
27708
32631
2886
20338
29443
1337
21027
19675
26644
32222
22500
10492
6707
2214
18657
24363
21735
19629
4176
1036
5492
24696
21739
10619
22048
10402
20407
24728
23727
18337
5983
2763
28749
27675
1778
15317
31303
13622
26757
10536
28404
27005
21993
28762
9299
17353
725
8806
28572
20021
31914
15324
29962
1686
24523
23179
26009
22893
2043
14662
13705
22829
9430
276
15130
19126
6666
4293
14151
17771
11000
12624
13042
9231
7406
19311
29864
23110
9903
9283
10611
20135
3078
10520
2228
18412
13117
9407
28165
29285
25988
13371
4791
3079
30713
4417
20187
26608
23510
31244
14988
17728
28633
16716
21799
16428
2267
23856
7570
6767
2210
30193
25961
15411
31668
645
1078
3746
28071
24510
32532
14991
25483
7503
13782
14561
25409
23501
286
12011
25016
29011
17494
1049
16454
19155
11880
12985
31129
19829
22228
1650
67
6460
2672
27479
12841
29591
1215
6226
11917
6235
12652
14095
5792
23444
11830
9650
1904
17994
23369
8206
4731
11146
9153
9795
26605
29896
32550
23378
18794
13608
26483
24303
12034
8695
17719
20433
11427
10192
21058
5779
31198
6349
21274
27452
18758
920
28517
27757
6633
4248
14344
29102
30556
30766
15459
8443
30721
13260
9807
1146
15322
15037
22269
26702
8433
18149
14613
8677
29085
11679
26773
15742
29308
30211
13094
12595
22129
3425
28194
25121
22248
6037
5736
6786
25775
26747
18948
28723
13809
17804
32441
27142
26987
30319
10408
5316
926
1067
11071
15285
9212
15464
14991
17057
31454
29811
22734
16804
12645
5307
21290
30774
14760
1958
781
5083
12224
17055
6787
31024
11888
12718
3293
12658
7917
4620
16197
29501
14397
3130
17174
17724
10876
17142
17450
521
6772
3588
15058
22201
19375
5427
19571
19057
15414
11378
24547
3356
25130
14266
18702
26783
7232
26978
3690
8704
30064
30999
31166
4904
16604
20714
22847
27224
8642
21491
15722
13278
10252
18452
10060
15098
12646
3712
30282
19370
4873
12630
23524
7204
3126
14181
5385
611
25285
23025
11804
19392
2662
834
2528
21286
18890
31242
31440
22954
25243
22144
17115
15353
4155
20459
2369
30152
7402
21137
497
11428
8093
30877
11614
12134
22722
26445
8835
25084
28418
10794
13800
32233
28122
13608
2498
15744
29172
25227
23038
32154
15510
1322
23750
564
2765
3816
13373
27236
19602
9456
3272
32399
17526
32593
107
7047
31067
19203
27256
12816
16293
25017
6543
23131
28831
25125
14988
6379
1930
1781
28382
25033
24934
2749
18763
21559
31107
23745
15540
18612
7393
7267
32693
8593
15001
571
3446
143
14392
27141
24505
26581
21286
14112
18489
8377
1371
6079
11469
20344
25641
22272
241
30143
22620
20484
23009
15964
10924
16772
11334
13295
29576
29455
19563
28249
206
8639
10930
8431
21075
21153
1449
12464
18219
13006
25659
1275
10191
21596
32307
19187
25346
17864
24698
26557
10420
31779
16919
10550
3058
7073
21628
26970
26390
20851
23699
28175
11508
23738
11326
4147
8777
29592
1374
11417
27101
21537
24837
20489
8082
15969
29622
10608
9841
27374
32571
19853
14649
4666
25625
2294
25350
25209
8836
22465
11156
17817
19731
18707
8197
868
28952
16595
28904
30426
20259
10130
4326
10337
18132
18264
18404
13076
31302
24426
26069
19221
2055
24627
22076
27431
7047
629
12089
24848
18761
9730
32352
12194
1415
22929
26157
14470
5996
19183
22564
17746
16440
1373
25812
15784
9225
907
4970
16444
731
26550
6537
19273
6148
12840
1219
23599
24395
31298
31161
28209
15417
31656
32639
24876
4033
8147
6213
2806
23871
24410
16195
4246
21146
17241
31707
20473
9950
8404
17286
671
8395
1120
10361
26314
30758
10787
7575
28454
16718
14154
2198
28820
11935
19402
19408
6395
7163
28266
14221
32475
27210
11088
19310
21392
12832
20078
2902
28494
1332
24493
20004
20462
2238
14671
5381
22150
8213
18640
11377
1957
29499
22880
23124
11412
12839
14602
12048
27086
7270
28437
5840
12950
16948
9496
11054
21148
17903
8884
13500
6824
17252
31541
20001
11362
17507
23034
4254
31378
12580
16791
17307
14740
8263
18013
11446
4327
18442
17522
18556
1966
857
27301
31382
19105
22961
4468
25206
17410
27123
14675
1597
14439
9761
18112
12873
11366
14053
14662
11771
24473
16914
25958
21526
15066
15914
4290
29608
11584
21888
9713
19570
15028
8415
16060
15794
6608
28370
4029
26902
27652
21701
4191
23440
18521
15289
12283
6085
31291
19455
16812
27295
14256
24260
3659
9704
19937
32423
13792
16788
11219
14441
5587
29644
29951
29468
29962
11563
3212
4491
24713
5475
19481
22478
7096
24585
6266
28258
17854
29408
20427
6743
13323
19473
4704
10233
2084
2830
1382
15163
20955
2204
3378
27213
29712
22229
23069
30921
3282
7027
26665
6304
17292
17820
27264
25462
26555
24101
14889
14544
13927
14354
25714
2069
7069
5868
1759
7494
591
12046
16140
20307
18974
12833
24010
29285
25362
6367
32284
15993
19941
12273
32314
16214
598
332
29745
27402
26351
21172
18967
4549
7410
23793
18667
21436
8746
2521
13360
19130
1780
18379
8652
25474
17755
19856
15999
30413
11163
15677
20096
25893
25912
5265
9532
32488
18275
28939
26722
19847
7805
15113
30027
24448
386
21633
8027
29170
5025
8343
10439
14199
18094
13598
16578
20166
21618
14000
20610
11333
7881
10636
13720
9238
3535
17400
19958
31775
363
1112
27393
26194
18556
24011
29100
10123
31198
5887
21098
24644
7628
25023
8693
24494
16364
27372
32539
27934
13974
5961
24031
14998
9417
16413
32607
12257
3480
14361
21481
8114
28262
15300
844
25258
31296
3384
22594
13338
17415
31603
24744
169
25317
27868
30487
30421
18724
4263
18394
25254
10504
6231
216
30771
13382
4215
13260
26883
20060
6914
19268
18584
21522
2204
29137
12787
4952
23019
2194
28867
3096
12406
25638
21140
2582
21106
9767
26857
17092
440
30570
4374
3563
8919
7942
8365
14094
3672
28801
5447
2731
21370
16917
31424
21308
32645
12831
21645
322
26441
1179
15673
19124
15940
23172
22587
20445
28801
16541
7169
8280
3799
3433
5858
13649
18647
9221
5249
5128
30628
19141
31617
30712
17856
23857
4851
3879
21268
16229
413
26137
18735
20943
772
26252
23123
15631
29928
25894
18282
24689
28488
14127
2871
4371
3579
13942
23935
11420
7786
22494
8784
27914
19428
6558
17849
15076
16735
29191
13896
88
25826
17948
99
25644
21254
31503
6823
6499
24128
7574
31526
9601
22258
24275
11319
15976
20864
12777
12224
24521
20187
21156
24812
29739
21710
4646
8566
8943
20824
11396
3368
23920
15576
14538
10339
26821
18389
25219
18184
24249
2735
21400
13498
10830
15344
6305
12625
15337
4960
31779
27482
25710
10583
10558
18061
28368
21678
4658
18623
7795
1453
21602
27465
15041
23139
7802
29204
14610
27039
12089
18905
29487
31394
29169
21216
15701
18395
18042
936
20433
9172
31363
1453
11802
27949
14091
21216
21881
16138
21655
20070
10798
24698
8132
31404
2631
26264
13459
16561
19265
25133
10526
4170
17073
18238
11520
6577
13992
15272
20780
31011
6434
13114
9349
30360
12834
2865
3137
19418
26852
21376
11708
25822
22559
10465
28099
1179
6791
14019
5466
13700
22250
20847
16579
19592
5554
15583
5297
93
26547
22737
9192
16215
23424
15574
28645
15620
26274
24299
18209
230
2778
8817
18790
8586
23853
1628
13325
6110
22241
21588
32416
12140
31856
2362
5822
298
29836
13020
15576
21157
20653
9533
23742
12168
9845
2566
10909
12616
25330
15235
25999
4490
9156
1716
21634
16912
24116
13743
4057
19278
28221
1398
15142
6262
15535
29091
22216
6494
13598
12080
32454
20903
11203
21447
18271
12303
28855
11514
6443
5192
19266
3146
8267
10379
23690
29136
32169
14644
2769
14482
28792
28938
31052
11087
28387
26026
7155
30694
17528
30200
8820
6092
21852
31934
490
21170
25736
12196
28081
9538
8299
27257
25232
3176
2767
28044
24078
15690
11612
11837
24586
9878
6853
17558
328
28745
18320
18735
26488
9786
10798
7618
8576
25862
22634
27449
10525
26160
7382
16228
29460
2531
21336
7430
10770
6063
4343
30615
24387
13243
1681
8538
13464
16830
5693
32725
9359
20898
27147
16192
10103
26078
17043
11440
28708
10804
26722
22377
16352
18280
7195
23293
12291
22424
12418
4682
32747
21693
22910
32195
26561
14112
10061
22833
9863
5696
16879
5631
25383
27280
7139
15926
3563
2770
16310
30125
11808
21337
12777
32679
2211
30599
32136
24549
435
22981
2002
17283
24647
2520
4549
21015
18336
22621
14179
14154
17366
17785
6815
24927
2706
31924
596
6083
16187
14045
25332
17068
6151
8712
15855
30662
3882
8532
22385
2535
25506
20493
27921
2191
27191
1868
13361
29384
23438
20341
22762
20894
15108
21674
16734
20217
12357
32681
8640
22293
5612
29742
3069
29026
18022
28807
26556
29922
21456
26897
11996
8572
22406
1521
16078
6770
4743
17225
18295
14231
18755
19230
2441
23056
13322
11476
19210
12467
23478
21614
9301
12217
26390
5232
15896
21734
23115
7070
8786
11314
8793
16196
31254
20720
26198
17633
9309
22795
16720
6400
1138
32018
22018
4950
1870
24571
3503
1155
32577
2009
19594
15958
5132
16206
8140
31094
23495
6486
8014
31449
25963
23146
4440
13193
24405
5732
13940
6722
1241
2828
24234
29727
20174
29500
31873
8967
7752
5860
25647
3475
6123
12003
8268
14389
24640
14445
9988
4325
16350
10142
4280
653
15633
30695
7676
3098
2678
4535
7104
4476
24652
27343
23415
32563
11474
28681
12239
6683
7273
20370
6666
17674
427
12391
23113
19064
14023
1161
19721
7848
1760
20538
18460
32618
16067
12077
18077
22359
3973
8499
14281
8313
18837
29692
6152
24999
16481
28278
32203
30534
18665
13922
4075
24203
307
26922
3972
13838
31991
4113
1610
23597
19819
14853
2838
11259
1532
23908
13365
4167
16453
10083
25664
7369
17616
6667
28587
11679
21465
26710
9311
26603
30972
11078
1167
28339
15608
16179
14979
9315
15725
16576
27992
6252
16209
31213
25117
22036
8946
23165
16007
10715
11324
12730
22316
24001
7673
10593
13503
15709
19755
4614
4899
17533
30760
11194
10886
17601
27884
5584
1841
18217
14487
24988
5511
31170
15853
6223
7545
23481
29597
3224
22647
8455
9107
12830
30208
18653
19161
13734
20655
17243
28
30225
26973
872
854
23938
4060
18495
7922
13022
25293
9547
30469
20286
17179
20896
10227
29014
14908
14061
26005
13838
26475
22516
29280
22732
23958
187
25576
12547
5545
12896
21108
30855
23182
2000
10649
10373
2809
30652
27693
7836
7730
14143
8037
19335
25365
25292
1358
31827
28491
10909
13232
27890
6938
31563
30531
13689
4688
2718
21246
11559
16992
5083
26210
25456
20485
23804
18410
730
5314
20184
22918
2919
21945
450
29422
12139
10109
32248
31985
15128
30336
30872
18075
15472
30647
17088
20574
16923
9774
17062
1767
30759
27762
26363
26541
28195
31326
24466
32244
27372
22585
30914
17803
21788
10337
1656
28051
6687
18003
10847
22550
17959
4392
21894
15695
3481
2614
15664
5001
18335
28295
28437
26871
15389
32317
19930
26228
24473
30701
22289
24223
28644
24952
23241
6149
9702
28244
30250
9662
24922
5755
19730
19354
13219
4549
18434
9644
24936
25313
20761
3901
15001
19296
28581
3913
32393
28693
26055
30961
11825
18406
31312
7852
15774
30598
25522
25187
7456
24934
19514
14038
15381
15898
17576
18442
13694
29214
15558
451
25265
15838
15732
17428
901
15109
25101
9183
7610
19169
31531
19216
18369
2429
12817
11291
31496
7522
17430
12464
1874
1079
32048
11896
26778
21820
27097
10284
15742
941
15921
4393
3377
8785
9053
29417
2011
20083
29783
4159
1820
18902
18210
1280
7381
8863
21302
619
5963
16650
12795
15089
957
6040
1149
7225
15594
22547
29314
22996
8574
27397
18093
9581
32337
5617
32559
16289
11350
5526
7041
28756
120
26156
10194
4621
449
11679
31259
17435
26424
12542
24137
20491
20989
23125
390
6976
28495
22936
561
10610
13635
19564
30630
1672
28468
6290
17798
27177
30409
11820
26008
25413
17909
27132
27302
11574
16853
8440
31282
23594
29789
9687
27554
29273
2305
3201
13522
8034
10586
12574
31669
27097
9332
8332
13820
13836
31113
9723
18175
8246
24747
11404
12671
8941
30698
25367
14385
12452
31450
10023
21398
22391
28989
24131
962
24109
22333
9704
28899
8992
29978
23118
15289
22897
10051
22132
21111
4158
27247
30292
20872
27561
8494
29201
9657
9978
857
7778
8878
28235
31550
28985
27015
30108
22214
5483
4998
9844
15921
29075
29741
24351
18229
21003
15828
5086
15085
28630
32270
22206
13769
28867
6628
30780
13177
13062
28039
17675
23184
27565
26559
30517
19417
12996
24865
27524
6209
3782
18130
28683
3368
27308
3282
3374
26501
24013
6520
30676
21386
28178
3292
31025
925
7565
7381
29978
14008
30386
4760
10311
30446
22099
6023
24400
19996
30030
11404
27578
13900
6272
22918
9434
30208
21530
854
23345
2851
17904
22854
31107
31678
24365
23345
2158
12728
1268
21491
6718
31074
19993
20974
9961
23133
22297
4690
170
4413
19662
2857
14588
2936
20707
13213
13994
2101
2442
23374
30922
4267
11657
3686
27898
5741
9112
3705
5178
2220
25249
26638
17711
11828
24879
32050
2714
9613
5911
142
31001
7726
19246
22460
20675
21618
28627
12926
30779
22388
27048
11504
28490
8697
8710
18814
22337
11337
19184
15368
20211
438
21836
26139
3082
25101
16626
31447
32028
2902
24252
6188
28744
24019
24116
11936
3233
17380
27767
25304
10742
1447
29984
7280
1027
3619
22812
26386
5084
19658
9012
31498
17724
8810
7021
31006
27205
28791
15648
31145
775
5487
18990
20696
1862
21596
579
260
5411
30641
6129
5050
9564
32418
23915
27406
14057
622
25785
21338
2963
19906
20635
20076
16090
20709
16120
31895
6908
20427
7585
28778
973
7919
5979
32717
21961
6428
11433
27022
3348
21817
8872
7101
9453
7201
26057
1703
7933
32725
9819
26332
32192
23523
3892
4161
8340
17958
4529
29827
21169
3128
31343
3193
20142
11096
21042
10057
27456
3771
32040
23980
1161
11953
7600
13459
6056
25504
21721
23275
23615
24365
16685
31260
16357
1130
31240
12121
3427
16758
4178
4640
219
5489
6850
3717
2110
20926
28039
31825
28461
20210
28240
24213
1997
14252
5422
24198
5485
9162
30549
17583
6211
7342
3701
25724
31439
17789
25487
28761
7168
11344
32705
13821
15489
21477
4481
24606
22931
19838
5186
3626
1562
18655
5085
15511
5949
6017
13074
10285
10410
12190
5642
4301
15891
11399
13462
18145
13382
1
27996
27708
30203
5712
2553
24527
22785
7022
1632
20360
16730
30157
15428
13271
24817
9709
4163
18568
23693
12369
24262
7094
31483
12279
7054
19612
4154
511
19134
8407
4135
9203
11894
29299
19291
8935
3205
26864
32684
1156
26030
16
6869
2765
199
14870
9164
14883
19773
9107
31756
15344
7785
407
6888
8322
29915
11232
13094
23995
9066
24222
13978
4988
23645
30391
29363
6946
28191
23603
27684
12165
24118
19726
3240
27789
15566
7737
14977
16020
6251
24083
29797
17960
4865
32007
28228
6727
15590
16259
32086
27014
6976
11483
22634
24334
28998
32760
8591
243
11286
22712
24947
31645
20626
6526
13122
22955
11175
21972
7905
26894
4726
25178
11459
13191
28220
13135
574
591
16342
10619
25842
5619
17138
30871
13940
21851
24874
9649
31886
1083
4158
2781
12009
14913
22291
9678
10943
8339
3590
21767
26551
5906
578
24656
20141
14362
21540
30300
10687
16953
1072
21691
32296
2791
8803
26678
3044
13481
17149
29182
726
3898
3128
24583
30186
7796
3369
30062
26555
6400
13998
68
4757
1489
29133
19818
9128
4374
11265
13154
6679
29684
15808
1519
2689
330
11315
2818
23432
11141
23828
18009
30547
29017
26325
26689
20148
4266
3500
20363
20672
14885
20555
9718
28169
28593
4223
30065
16398
28463
8624
22320
18634
30070
4644
2558
23615
3534
25246
18013
13899
9020
26109
3241
28283
3702
7335
6869
26315
12970
24090
2887
1734
19864
17270
21524
8974
19095
19601
28036
30189
3310
31345
10670
9128
27803
28486
3865
6192
21961
31924
5062
23622
21011
17237
4283
14969
25826
28191
14002
15229
24420
28401
24167
11011
12766
15297
28518
30611
2636
353
2348
8571
20035
29518
28110
3227
32215
32670
23971
19423
23970
1719
27445
17164
28826
8381
28842
24140
28075
8910
23516
12823
16734
10390
14832
18584
17776
11719
19759
20163
22783
9611
28314
1796
23995
17715
24144
14238
21848
2662
20031
12456
22656
30343
6328
3723
23199
25136
12217
16939
31309
11400
24288
19409
11378
16538
842
30710
8443
27074
4839
23653
350
20587
11505
28139
7018
15610
20140
25141
13423
29069
19403
25205
21280
30997
1736
9391
11963
7310
7352
23268
9986
29770
6306
19700
23413
16989
27863
32001
12678
23795
2967
20113
28766
28816
3815
1785
21046
17899
15139
8271
25912
27860
14712
4061
15607
6185
20000
32322
11448
1179
25399
26133
5326
9332
21257
11659
20825
31451
29299
26546
29372
15468
25967
20250
21085
31126
9751
20368
11749
17956
19294
4353
28564
26017
18641
24017
19521
13785
13408
14318
29123
1019
29079
26486
594
9063
3199
15631
13183
3997
8238
5635
24181
5144
25510
25819
10550
2248
23840
32202
18966
32154
14564
10486
10538
21673
12884
11329
31111
20138
14534
31314
15983
11109
31460
4061
23907
3426
17419
2140
4363
13824
32073
30236
19834
15210
5018
26205
31366
4468
8565
16783
17856
7391
5546
4392
25301
32120
32028
31696
32373
14152
3802
24723
4407
27907
9119
26784
21936
21291
9862
3518
12055
21068
11070
23552
24626
5409
15149
23931
18469
5766
629
11346
31537
11214
7565
7907
26659
22185
24942
5838
16523
23567
23973
24464
31909
15172
8024
7226
31912
20210
18884
26076
12539
13018
3051
28344
11477
11302
30369
29957
24832
11260
4533
21873
13720
11623
4794
24745
10275
4698
6260
18696
22627
32301
1937
1712
17982
405
1856
12420
26374
27834
8775
20503
12960
19362
13010
31771
22296
24721
7757
15343
15279
21897
27273
3291
1283
1568
28364
8370
20110
17119
13776
10014
24199
3095
8411
19750
30023
8968
5445
1781
26078
30668
23479
26200
2879
24671
5345
26185
22710
3073
30874
12155
32285
12438
13772
29179
13065
2217
9764
14492
18031
12887
31939
12560
25012
4324
28543
1561
23759
28121
31303
12878
28217
7064
32761
30435
2111
16458
20482
22490
14297
29270
1716
28938
23860
19533
7507
11220
3109
11444
28703
284
21396
17453
867
7540
15938
1162
23013
27459
16031
6924
9192
9579
23715
23628
11656
843
18298
20198
980
24468
22747
1072
16559
32502
24378
2664
26140
23488
25000
32377
31894
974
18096
14009
12394
169
26061
5482
25166
6433
22018
4814
9981
12347
12356
24358
6181
29335
3194
4079
6822
13760
7784
23634
26815
18455
17762
23490
1252
17001
12809
15649
14205
13031
25015
29154
4941
29622
1633
2302
27383
24849
4633
11723
910
6419
13404
16664
26555
13334
14649
28021
2093
12713
1798
28054
8871
27603
26394
8627
21940
17286
5434
18467
26347
27556
15361
22081
7011
582
32307
28319
22577
19533
16762
22191
9206
17692
25761
31630
12544
11826
12686
21947
30860
24406
18231
25515
4759
18806
22272
20432
24425
13189
8718
4453
9106
15068
28159
11391
8533
15704
11187
9646
26241
19052
2608
24878
7897
9727
17180
14395
20529
18317
4516
7977
23634
11781
19397
31690
15663
24623
7133
28389
6376
1017
781
11827
24256
31470
1374
6036
26971
7162
21003
9463
9287
77
13870
30778
23135
26070
1550
7476
15768
9620
16013
11961
22809
30233
7894
28649
31958
16788
3827
28787
5183
14342
12200
19529
32230
2826
19105
29260
812
12455
28528
18082
15704
23612
10938
7557
10385
11824
29291
31055
12693
12167
980
7740
29526
22210
1152
16180
9237
24917
10063
19590
17228
18713
31096
30091
8908
8691
11827
27861
7611
27687
27255
29365
983
15622
15935
26145
14126
17747
31918
7638
6438
32658
19532
5818
14390
5688
1102
28377
21059
25844
31746
17949
27657
353
9031
18090
32096
13362
25872
19719
31017
31982
20222
24930
26616
508
24678
19745
20421
5060
24988
15865
14976
16188
18176
27131
10687
13638
29798
17017
31247
6529
20174
4098
14886
9358
17915
27046
3917
29875
19164
30422
19438
16107
17868
20951
31268
23666
31907
14124
11642
15913
12365
981
8130
10602
7149
19461
19423
16798
9369
22191
15048
9165
21459
15591
23942
20938
16233
2147
18113
26623
16193
14798
15999
24797
28425
5015
11643
4527
24798
6623
21512
23141
7904
4677
22415
9815
22372
22415
10570
8547
17036
6384
23019
1818
16364
26782
14818
18567
12898
13745
4585
26540
3322
8386
6774
15923
11306
30259
6609
9097
12442
8159
10652
28223
10288
15324
15752
8268
22420
11002
9866
5770
10987
716
13172
7376
16225
1908
19842
19821
20975
31726
24355
3797
18300
16680
13283
3973
24549
29531
16913
2447
8283
15519
30678
4307
7112
32748
14815
20472
31046
26361
1340
2318
7654
26278
20940
5295
1552
31779
16552
31582
27161
25961
21173
14353
14297
7033
21798
5182
12474
20563
4213
27835
23651
18369
7518
4376
17448
5483
29782
17310
8744
32749
22116
4122
2219
16345
21013
11233
11730
27176
21543
917
14505
13132
12008
24033
7809
23661
2682
8157
6570
28307
13319
19278
15131
25837
1114
7694
24853
25416
20609
12662
1079
21565
3004
2
25852
32569
29179
8700
15978
28777
26728
31468
20419
4238
5936
26149
793
7947
27029
14042
7127
18456
13179
12660
20790
13759
11752
16887
19243
9239
7559
10806
2476
3837
2739
17493
27747
14563
32600
5114
5160
17375
11317
11079
17852
19378
10954
3840
4649
15405
20655
22566
2538
29777
28704
24151
24647
3782
23663
18183
31566
21811
15036
17502
30020
3779
27280
21890
17473
15052
11388
13308
1666
5668
2592
32164
23248
11720
556
110
4298
3398
591
29860
6559
20805
8258
15419
1298
2495
31457
30797
29511
32499
22553
18710
32507
15309
30583
25811
5507
31041
15652
9929
31692
22699
21823
27132
30920
2576
2666
9998
3469
12799
27777
27150
16790
26340
10047
3482
27626
8839
13098
29792
30920
11770
3182
12193
6683
27340
1402
13785
17109
31438
2410
10431
12870
21243
29260
27517
32741
21965
1294
19591
2385
4791
25610
2162
7353
3748
25719
24066
19601
1048
23781
29002
9438
26352
5069
12695
26161
4451
24842
14944
16687
14767
23777
12932
22076
25397
25148
18930
5023
9563
30200
1279
29701
10117
1200
8698
19315
18767
9240
27368
9309
30793
4118
7055
2655
30962
20049
4639
2480
2049
28320
27024
7641
27415
32114
20589
32176
16551
31210
11954
7734
12491
30713
19628
16211
10885
20954
7050
13045
28719
3099
66
28127
13734
25026
7738
17664
1113
5511
28235
18257
1697
15412
24649
15236
31067
2444
3980
25705
8877
30522
23052
9627
20403
14377
852
13632
1164
19641
6119
32348
24062
30066
28086
3787
30707
16962
11609
5617
26555
21176
27812
29357
2242
2855
20175
15846
17503
9194
7768
13347
13789
30356
8275
8272
19971
7722
17917
14083
26037
10261
30287
20691
10247
18142
220
3007
14711
23178
19365
19473
10246
24659
26979
4547
11057
1084
11500
6523
20774
13190
26459
2889
24542
24922
32275
13722
18098
7497
27045
10272
25355
12633
30710
30956
7093
4842
23065
28358
31999
17136
26908
6214
2070
15158
598
0
11282
23294
28129
20054
13743
17406
29240
24692
11759
32450
25943
11340
19772
12408
7480
27005
7141
18758
9524
25664
4620
26912
4853
1649
25872
22525
14988
26474
25968
19419
28095
6795
20465
31989
16423
23170
9463
32359
1396
23082
27589
21127
31969
9390
17346
18981
15200
14900
10958
7697
5278
5736
19744
25726
16639
31425
1888
2519
22799
1618
18
32251
9703
28846
2133
14880
11493
26249
12036
26883
27009
7944
4278
20643
16949
4179
11934
16581
27579
7405
28526
21165
31763
6202
24032
5051
16610
12153
14708
26634
11266
6386
17329
10804
3633
3525
16455
28622
26783
26064
28875
30713
6550
27928
12653
6820
8768
16107
31374
6250
3118
14811
1915
11007
15565
29424
3163
27489
1799
30396
83
26599
457
19005
22261
2562
2077
9341
20603
14818
29989
19656
11629
16057
1045
17538
24646
28977
730
21538
27133
10275
28333
26667
16690
10068
20613
4671
32356
12484
8298
24077
8534
27522
3756
20087
10521
2178
12574
17920
22539
17048
1179
13249
31996
18448
26240
1558
19893
3975
30231
30938
8145
7911
293
19938
12620
31851
30384
3131
27968
25229
4155
24433
2750
21794
28675
19216
16338
13767
28458
27612
27130
27324
30345
24962
28100
13721
19357
38
23806
4681
1177
18049
3751
9454
15418
26085
19246
1814
7805
23644
19577
4155
313
4399
23343
16013
9659
29318
17478
7295
19367
28896
15509
4105
567
31347
29032
16481
10252
11195
10468
12508
31271
29031
20324
348
18134
288
26462
20861
27281
28942
17098
32245
8768
20339
22647
24547
11052
20917
7064
22590
5898
20020
5816
7556
14826
24072
15566
23430
30664
5381
14154
5451
16565
3773
31497
15479
10990
5468
31508
12047
26603
7852
24244
19044
4698
27405
31272
5836
21940
15065
8253
28523
11626
11360
15116
14558
21933
2862
10996
16713
17237
30108
15362
265
11773
2261
4856
19646
13687
6150
24334
30316
3432
25195
15847
22291
11988
3559
30985
24115
29427
14336
10532
8698
18892
3896
3948
3783
12391
5226
12001
14356
29100
5447
5789
3185
28778
19263
22029
14178
17200
22532
1431
19819
29111
21770
1151
28019
8911
9449
14316
3945
3189
21421
27993
15654
21417
2065
17584
25412
4004
17036
26115
2616
16717
27046
10804
15284
11018
21837
23741
18271
1926
23401
8943
5233
8531
20444
9491
19962
19007
15416
24923
6239
18198
12767
13603
30024
10925
23551
19724
4030
5417
5461
8480
12211
4153
24779
25310
30003
10850
6723
964
32465
29449
26400
9928
238
23606
5982
28520
2398
18131
24354
3272
31636
25317
12973
19217
1289
5584
950
1664
11486
18671
16855
865
7726
15615
28335
1560
27329
10096
19947
14481
18187
13575
30427
17330
11160
21164
19763
1248
31665
14947
11717
15068
2295
13467
2587
30734
18527
4260
31937
715
24016
2398
17404
6600
13449
1074
29157
388
16052
17792
11992
15544
12213
5904
18838
30797
27606
7669
13360
27900
29146
25280
4070
24908
28497
13853
9699
20263
23170
10407
10089
25711
29070
12508
29628
32248
31608
27758
3442
16581
16486
24615
27264
10289
14838
5494
31887
26071
11643
18375
30710
31118
5601
4723
2097
9653
17411
30537
31537
32525
10509
11932
25046
16588
28180
18570
16405
2195
18724
28052
30419
1499
31341
8260
10762
17784
889
31919
18686
12518
5316
6890
29413
24036
4575
32110
22914
21990
12944
2833
10374
30395
16686
23636
12285
7749
27976
19438
20029
12322
27650
8292
24600
4935
18696
14376
19271
8303
22100
30525
2305
21286
17477
14624
27592
19016
19315
2352
28739
777
19324
25564
3032
27997
27851
24357
9936
7510
9069
14925
19792
14017
23555
12375
21664
10174
16834
28106
13577
4636
30555
26801
30893
738
3796
32605
950
30508
15630
26197
25172
11194
29511
32710
28822
31544
6701
3692
5287
28785
14399
23344
1157
4909
31615
12531
14045
23830
15618
422
28973
11913
19870
12423
3997
28428
1708
4157
26440
24477
12093
4866
21848
21060
17343
30976
29565
22489
483
12666
20693
8598
22292
16786
19526
28253
7432
21603
10651
19539
29725
11109
7038
26061
11210
4129
20934
28062
19523
25282
7476
876
26600
7718
566
23228
14209
25329
22895
30288
30873
2391
1634
15733
6907
25320
23474
29667
2890
12906
10260
23405
4689
22129
28612
27311
15521
16377
27734
23599
3692
28000
26420
27913
30798
5369
22657
12156
29006
30693
8881
16850
3233
472
1934
12577
13320
23979
15232
20802
20318
18915
23678
2333
9667
25671
20581
25544
4241
18238
2930
5257
32056
27330
15406
24460
3176
24524
24749
30214
8798
7917
1844
30392
24501
23503
22971
2745
3517
13848
5058
15127
10990
27374
19180
11593
9083
24564
11050
23465
21065
4866
3633
9492
15673
11640
31326
17108
1313
18662
22765
30746
452
32631
23985
8192
10647
22574
10984
31904
8979
4663
13555
18333
3811
22369
13624
11404
536
13415
1287
12106
26441
23843
17995
25411
31445
13140
3985
6655
9843
29728
27216
13728
30470
17612
26866
29181
10071
29788
30002
5360
19054
351
13144
18596
29527
900
16595
21560
25712
14786
4716
32644
21600
20132
6419
24833
30050
32680
22975
22729
22570
14932
27654
23112
19068
25913
31685
26631
8309
1913
21016
23664
20977
26967
30684
10386
31370
17395
24905
7855
12241
13240
20728
19621
24562
8590
31856
13627
15955
3056
24014
23456
27914
25002
17542
12202
29199
3004
15426
17516
15313
10170
2742
5356
8474
24665
10439
16045
28678
26373
15767
12791
27599
28616
8398
11809
30439
12888
27719
32115
16995
17584
17217
17097
7802
1502
2472
23807
7392
3686
15767
2724
10044
19717
6419
6603
12433
27358
28988
30540
31801
14808
23550
19821
1338
11473
18021
22039
15643
16990
891
4827
22827
26087
17500
12537
28445
22577
8264
27044
24541
973
29786
9526
8317
29218
3616
28628
26736
6569
2787
3788
18315
24786
8756
21970
31706
13045
1054
6220
30730
28438
26213
28807
29763
1356
10972
29569
16606
9927
1088
12035
17191
32253
12951
30308
25069
1741
30050
6938
19886
12357
2614
8974
22468
14295
26181
935
13361
15527
31901
13118
30034
29390
10580
5983
28298
8486
22899
29421
13226
4888
1394
4228
22825
13477
19925
6989
7916
17991
3885
29598
276
28021
20983
17746
26590
336
6118
15135
15164
12064
142
1832
19308
14533
31379
31975
14206
16966
31459
25465
22615
24829
23283
12375
5004
1534
30878
23671
21078
2609
12512
22898
30448
28332
2311
21405
27931
25950
23898
10861
18421
9603
8558
26252
11490
21200
25965
3338
20780
23072
2798
29179
9299
31122
12752
16043
5644
32586
3313
6530
32753
26425
13156
31531
14116
21292
15239
1426
20371
1393
32151
27268
30119
27028
19888
23912
30084
9104
1509
257
11815
9753
6212
8914
2923
23161
514
12244
6317
15494
27172
28021
4214
26968
4888
4431
11127
16291
19341
14831
5863
13231
3969
4323
9758
16283
246
18976
4554
31494
2045
23539
23289
16448
22460
31973
1173
18034
25640
11639
415
19708
9808
26257
12089
20311
28202
14555
10031
19105
9726
5104
31875
2656
23009
6084
12576
29500
23206
17693
14471
30321
30966
13771
31955
28733
27355
30082
20284
1402
27397
1864
13784
1245
2032
17948
8131
10001
7919
14484
31620
2907
25379
18768
8221
20275
10849
21609
27154
9103
28395
18111
31696
14270
22859
5185
5640
12142
17691
21709
876
16489
17950
19134
6691
9104
10724
21443
22378
2213
25525
16674
2504
6281
3574
11259
21385
29792
17909
20318
26797
11056
27508
7554
28468
15100
32126
15229
18713
5866
30692
26191
9671
24922
24454
30401
584
19470
18736
26681
30
6184
25470
5521
6660
14387
19479
11362
1204
6324
5843
27215
1609
1868
18281
27218
4128
26544
2060
16469
558
13540
5267
29637
3343
12315
23885
1107
7991
9803
15092
21804
18824
29886
14441
27991
14880
4986
22683
1391
14435
26391
31112
14519
27848
23580
10441
6968
18146
15431
1687
27921
26139
32395
15982
6673
9163
19302
25982
5866
14565
22713
8500
7365
28246
8651
646
22844
8813
8186
14279
12157
5410
19728
28210
29487
32595
22133
27428
2602
15157
14217
13066
32108
23540
2551
13597
32012
17520
6343
9169
16131
6399
2001
7126
9969
22297
50
22114
17257
1217
25234
29207
12217
25741
31948
4283
7766
26260
28950
20640
26499
363
14564
9046
12925
23804
28006
9214
7713
13643
17586
19630
7931
7175
23879
11108
6235
29905
23867
13434
26389
4367
377
12059
16802
10389
13832
10162
8990
19513
13890
31639
7059
28744
24364
4156
13041
9427
7438
32180
13602
23464
16053
26035
234
31067
1718
2170
6198
1129
536
6348
10595
3887
963
15764
11642
29242
28794
13040
2559
29060
30035
24368
9659
11987
21267
27144
12035
10425
19674
8001
3356
22844
29411
188
25467
4985
15398
11035
13788
20561
17255
24809
13450
9600
26027
28659
22885
28252
18400
1428
25272
3314
3224
7114
13179
10083
30673
22487
23433
2835
31109
18069
1707
31013
29040
9385
4863
8395
15300
20078
2821
26811
31947
14219
15088
21621
17828
21896
22482
13850
12187
11354
18340
17197
126
4293
24063
10571
27218
5600
17571
7640
16436
12166
16112
32494
17785
3432
5907
1309
27242
14459
25976
23950
22705
31859
27211
7256
12103
17767
26962
684
28278
27998
15463
131
4955
3324
21631
8158
12124
12623
8344
1092
17221
31544
21494
19706
10855
5514
27713
17160
24009
3221
28228
2966
25083
31197
10086
6586
18285
18689
16702
25168
4697
9085
22546
4631
24900
28725
32058
14976
10578
20153
21555
11271
16387
31369
23424
4156
13221
25896
15395
22265
25306
21628
7446
23831
20864
31758
31869
1699
30654
25038
29649
8775
20206
20112
9714
6457
23238
3851
22867
8250
3766
29212
27801
2393
22173
19413
6481
22305
26430
30799
17186
3323
23151
23800
5254
13223
104
27950
12206
603
5124
27878
11200
19398
10162
21088
13806
26240
10535
14651
10248
6691
4706
8005
27293
9242
12188
17634
3398
16514
16752
29423
6795
24562
2047
28689
29458
4109
8859
738
310
21054
28404
26904
26375
17642
23230
13277
4336
2100
14790
1843
32314
1387
26015
2833
8135
2577
20311
27446
1106
15914
17198
14342
20014
13759
24578
25756
14620
31205
22414
2527
20418
5149
26907
4890
9536
31910
15344
7662
18513
29642
11508
8025
5220
19056
25280
1566
4974
9986
2160
11775
5112
6263
17755
9858
3910
27806
296
31326
30309
6861
10041
3942
17064
1787
14792
7862
7737
5539
20977
15787
12229
16011
31605
28169
27517
5011
32208
13132
28283
20156
12236
18227
18103
13387
17751
7438
14174
31847
1396
23566
975
21860
20431
25990
9183
5884
4961
3752
23592
18180
27499
17548
551
13733
21940
10501
7320
8222
32661
13028
13189
31120
27591
32471
8138
24415
5393
12472
30041
113
9944
15514
22591
5304
8419
24089
15801
31957
14766
27958
26993
6971
18337
17688
11938
20587
22775
23986
16480
25453
16519
10453
20742
26176
13218
20389
10309
4918
28532
11232
5795
13921
13595
26427
859
30003
22664
19218
29815
16357
29002
20800
18789
17748
15352
12761
8959
6120
21655
29065
5485
11596
12134
18263
6936
22808
6313
11196
26130
13069
13074
5257
20655
13960
15389
2582
17752
10729
5112
9281
10651
24879
28004
19168
30605
32497
20394
7395
5750
8006
616
26976
15063
13931
27479
27847
24354
8703
4627
8294
545
16972
10295
5524
20684
17029
21481
25549
27129
14480
23967
29224
22477
26186
7757
4903
26081
5069
15229
13997
28952
10026
13486
3922
20629
25991
25187
20453
17678
1254
9518
7415
28967
20646
22433
25140
7104
23647
26863
26326
3404
5725
15471
10180
998
16672
27637
13814
4943
13683
1184
3839
10258
27902
20553
31053
16713
542
13715
22748
27572
19057
22625
10529
16988
31382
23781
8313
11127
16179
31487
2941
19341
12572
15516
820
6312
31258
10773
28609
12937
13456
9378
15424
9112
4858
4
28461
3440
29057
11983
5522
15494
21790
12266
1769
28665
7913
1147
19380
22
28003
7849
153
18679
4664
26797
19090
15904
28415
6535
31995
26101
4379
13982
9034
17581
11649
16724
18154
13374
2271
16534
5049
27090
32280
21417
18559
4547
29935
23632
15148
26864
15486
1190
26912
13055
3921
14345
13890
25457
23762
11938
29320
31162
7747
6860
30011
7525
11085
29134
4783
5785
19987
2961
12295
28263
18125
15281
20378
2128
23773
7558
5742
2686
14919
26139
30689
28827
11506
11167
24241
15844
27722
19656
25042
9864
7192
28348
7521
3318
14152
19930
20489
15072
31802
18722
11687
28896
22651
14410
6916
6517
27211
25986
430
9877
10543
24032
17355
15073
29747
11462
23401
31927
31719
3817
6233
17060
1320
14756
8955
16117
32406
28782
306
471
12385
10192
30032
31220
28739
8397
7130
25412
30524
21145
22242
1287
5073
14071
27704
24502
10033
9006
23346
2992
13044
25699
7940
2374
23404
24873
6999
11271
28727
21440
19539
2443
11569
24065
17720
19020
7981
29206
14930
23126
3768
16830
21758
28542
12696
25534
19
27906
30362
29425
7564
8908
24717
15759
2513
13724
28424
6960
17793
4970
8851
17065
20123
26356
29781
19998
30998
11574
8257
28449
26400
24374
377
11234
4522
3888
13503
32207
28930
28905
22071
22121
16274
3350
12402
13521
23057
6932
25608
25316
3427
21517
11829
9410
10326
27523
8466
25773
4020
19079
18716
1278
6790
32001
21975
4369
26806
20595
16479
5974
25452
2214
17569
21624
2558
28066
1538
28657
21015
7677
13691
9695
18383
11083
4060
17299
14728
29139
13173
17169
2934
15851
27478
7179
3505
15288
25709
31569
24028
11711
19689
5685
31176
6855
12310
31425
9063
3829
25038
21723
7909
20229
15699
31213
13207
28730
3400
29007
3766
3626
29
19225
24334
26539
77
16016
818
19286
8512
31083
23437
18087
23630
16368
8739
12790
16172
19666
14521
193
27961
19972
31100
22492
22088
11827
5214
22836
8433
17217
14038
12615
21676
10203
20278
1008
30924
29386
12454
26463
10593
9153
25205
29092
27031
31175
27341
14893
23195
22499
12019
5432
32182
32202
21303
17524
12121
8074
10013
740
14749
30726
2423
15613
5963
17214
1498
5321
2896
5674
5792
11655
5449
28028
14071
3520
5697
3705
730
8097
32087
4841
16536
11313
8956
9516
26457
6945
2412
27283
22459
11581
19021
20594
19157
13808
29321
30066
22483
32762
3918
24075
630
310
16739
30938
1426
8527
32404
17604
31993
25256
31557
21841
31768
1828
23040
26675
26997
11762
9918
10602
5553
17668
7167
18303
30432
23609
17915
29947
20329
5541
31986
4746
12974
3230
29220
14812
22355
15477
30647
19864
16793
13479
12569
22439
29599
26991
13813
22747
24255
8547
28389
23771
15333
6693
7853
9245
6378
8665
29910
14189
16494
27634
15039
4612
6569
26019
2303
3193
27600
6836
7411
5277
26909
31884
25178
8581
6634
31969
2058
20391
12790
28350
28321
29231
13553
21075
3382
18446
23436
15476
9929
25032
6037
19018
31890
2993
5066
3272
25947
26846
2222
22926
31587
16370
5449
25965
21428
18207
23084
14376
20628
23351
3121
30408
27547
12976
14604
16043
3932
24566
6788
20125
12551
22746
19053
9255
9542
31180
7389
28714
21238
11618
22807
20956
17295
8064
22396
22911
29645
7408
1563
29583
4137
14216
3054
3386
2463
13334
24017
17268
3186
25810
23405
27974
9142
20705
3369
25312
17346
25659
16889
7442
11961
19079
17320
21477
25208
6447
32550
19415
27795
2818
8582
3179
17814
19558
14737
904
4945
14851
3994
3
18956
8354
12008
13668
886
13614
27960
1170
29125
11957
6271
10527
28376
18897
14043
23333
22852
701
18321
25868
4827
16661
9845
16277
15669
17448
27053
6041
821
14948
26415
24414
16355
12939
7878
7866
4707
11634
18052
20573
12330
6190
15302
15331
21296
13806
7035
435
12704
26486
9681
1397
11045
605
18929
17943
30434
7363
1205
27167
21982
22599
8785
30287
29397
9244
21815
20887
30949
25162
26115
8303
7267
26270
7048
742
18357
770
5590
18634
2361
16168
4550
4841
13683
28583
32761
22834
2908
9836
15092
14128
28243
28235
8435
19416
29359
5349
29319
27017
24282
31301
13455
25279
20788
14832
12460
15355
12934
31753
22805
10223
21420
8395
22127
26554
28711
24939
16448
11755
32292
19089
25608
29904
15168
1276
20755
8359
5390
25014
6503
22835
30040
12673
4248
12978
29273
4077
17095
30479
19688
43
3511
9204
2018
23856
24635
3975
27326
1362
25577
22687
22729
12199
23663
2444
14553
2857
12209
2395
19883
2194
31259
23094
20704
5307
716
28797
18665
12133
6363
31458
30358
2374
25091
21816
414
8645
18858
16673
19174
27678
2789
29590
3856
27048
24690
12450
9289
14505
6605
25093
23062
12306
6523
23462
11683
17357
32546
30337
23382
32576
11427
17513
18803
7385
24137
31255
19444
28631
21880
28143
3363
3528
16463
19069
16296
25983
27186
9752
4135
1046
1877
28902
14721
9607
6985
13407
24372
15548
19892
20876
17963
8856
4552
23561
8857
11843
14264
18757
25396
24762
30246
11775
1288
20944
11922
15917
7714
13418
568
1424
5371
22715
31315
23988
16215
14070
5014
6190
18891
11660
22102
23668
10468
22731
3203
18397
14515
25471
31682
8562
21951
26039
29409
9747
30836
10517
17701
5971
22949
18851
13094
5838
17089
4195
15875
30773
9842
27929
22506
5681
21785
29170
11294
28785
1688
26468
2760
27219
16922
21754
28525
15760
12581
25612
16554
27626
2933
19464
10696
5967
3043
32017
12429
14171
30385
11148
27224
18813
13734
6803
10704
212
26072
30402
13963
19310
22354
31312
21402
21924
9989
19086
27761
14712
11636
7407
5460
14253
21902
9560
4507
30836
24424
32710
5191
3507
22751
17962
22565
8673
29130
18288
15773
17006
377
21457
6848
16115
753
5902
18123
31053
11902
20862
320
2715
20362
9285
19981
29980
4799
27567
14064
29907
14420
22697
7841
29805
11372
31493
12829
17897
29260
30908
16852
30603
10928
29836
22450
17561
32657
8434
28619
11568
25177
983
16023
462
17481
3367
13568
15627
30972
27916
18578
2633
4057
22848
3967
9690
31913
1083
16154
607
2568
6323
9254
10280
27726
13159
20020
23610
25443
31058
25812
18110
8715
4636
3632
28834
24532
15293
19561
18249
11770
7558
3597
29774
14153
13272
18075
26917
16501
7194
18913
29702
7135
14888
6856
31650
30327
7282
17604
4234
27640
10886
7429
6941
24381
7496
7035
6951
374
32151
24827
29508
17559
275
15029
10412
28307
22554
24945
6560
19325
7947
19054
1518
25660
12887
18271
20627
23812
25314
28210
17782
17447
6139
10592
27111
19813
256
24275
27927
6719
25226
31619
10806
12338
25237
15597
19928
8029
23150
11171
24372
8422
3033
18768
16170
31120
27339
14061
21138
18157
7830
30607
4147
11241
30310
3344
4207
28462
25545
19207
16751
14096
8015
316
27242
13929
26415
14651
18482
13626
21526
25961
11143
11365
31800
14520
22064
10047
21265
17265
3212
10516
24390
1437
8501
9548
22980
25662
8964
3207
4558
15826
14094
30393
19550
18643
20898
29929
23814
1976
26614
17242
1789
1649
76
29880
12626
13138
28311
29774
25714
4040
28108
19290
5863
16277
32060
24295
21232
17856
5807
30695
26865
3611
27487
6603
14116
17448
7414
8072
24449
4353
31549
22527
22260
18936
20650
2541
10371
7161
20574
19844
7848
30217
31711
28609
21379
16586
12207
5211
18872
20188
15952
17527
19044
6075
30619
3707
13244
21567
11730
10302
30066
11768
3389
21653
31937
3545
3084
6456
30918
22037
14991
16499
409
10000
19669
13075
22269
2664
22513
20793
4547
28360
20418
6801
32161
6634
9471
30635
30624
20681
28317
27739
31302
640
24239
8437
31262
15789
23240
5316
28501
11011
16380
20106
31155
13339
7767
15055
15542
16783
16532
21934
24171
19281
27751
8201
5112
8961
24342
5316
9554
26365
32611
14472
20241
20664
1424
20487
29533
27550
13844
25787
11260
26785
4978
24690
5720
21888
12746
18065
2974
9857
15400
19657
19154
15275
28023
16871
7442
10682
7546
15260
13843
29543
19703
5362
28391
31191
1026
12652
20700
13857
20885
2856
5944
24930
21883
543
1153
7606
2378
13128
28712
5268
13285
8658
21301
14590
160
3840
11419
3773
22036
122
32152
26534
8047
5452
2585
27337
12307
27542
29081
19035
27465
30801
25696
10791
32384
25423
22218
26645
21178
21909
11301
16528
3920
17188
5581
21415
15543
19090
16428
22512
2233
6254
14989
7142
24717
25657
32217
28007
17352
23503
10121
10910
19079
8323
24229
22273
25374
31807
32727
22352
20724
17692
17370
3517
2959
14491
20285
23715
4869
27409
7591
12624
24156
32132
11568
4126
6246
25030
19612
3707
15763
28889
2653
14228
21715
112
13891
24139
3798
5259
18350
12105
3090
10096
13693
26392
780
16465
30455
10361
15904
389
18458
22585
28124
7006
17167
25450
5794
23671
27825
31907
13215
9581
2340
18008
28404
6539
6627
26314
7014
4105
15706
18787
5366
29779
2693
2200
25498
24835
8892
30389
29801
28294
11665
19310
6389
12039
24537
5606
25429
8483
1082
25798
15901
8226
5682
12937
933
6499
30692
32132
23419
9476
32287
28441
32682
10626
20968
11908
8902
22142
27938
8365
11312
14747
13101
31070
1439
19060
31203
25432
10302
16216
2159
17851
19657
24440
14211
7461
16434
5723
7835
24086
19458
31153
6010
20060
30975
18320
2683
15820
25594
24439
9528
7777
31965
25499
2801
2573
24305
2477
23903
8770
4455
10364
16793
32617
18279
23938
30711
13594
29630
18377
18204
30111
7494
27627
5341
30493
1634
25246
21238
30138
10979
13459
4877
16325
18881
19966
21971
12088
25347
2909
8220
30885
15157
26394
29900
30261
30953
16152
25022
17583
15249
9797
24605
15679
19520
25324
23977
9187
8277
10222
8407
23803
17267
12039
12869
3543
31176
31427
22709
27378
18617
20621
32057
11658
19035
28016
6329
14549
28542
3243
32564
32337
14742
11675
25776
17887
9559
26417
2712
21944
1003
4187
1470
905
28197
14641
26428
23356
12634
18172
13603
8196
23041
29931
15044
29535
21720
11069
29043
30810
10106
27549
29262
12286
17994
23944
2223
32
29411
29074
32065
27471
16317
21327
24521
3654
1861
21946
2471
29506
17935
22674
8557
15185
28999
28942
21437
22634
18156
16684
4400
4389
13621
32731
8332
29383
26297
26190
9782
1088
15182
9578
11734
27420
4903
26232
22376
22226
14970
29240
907
30846
18177
28420
6044
22892
19062
25210
11180
18198
20471
24539
12065
14123
17813
7612
1249
5665
9143
2066
25851
9228
7531
6139
11914
27423
26328
29424
19493
32215
3670
18179
12755
9949
31466
17380
1584
30942
2151
22263
2424
4151
31575
7852
18170
13509
18537
18808
8235
19881
18480
14854
23344
17994
3664
25995
9808
29725
477
25078
29671
9559
3864
13808
16133
18698
9592
21668
27004
10887
32546
21829
22290
15344
28963
8754
22598
17741
29398
11317
17648
15459
12101
23394
17991
6087
26256
23399
9955
21886
6473
4684
10580
25133
30916
11788
8566
6440
977
10069
6368
22748
21852
24697
19265
12454
1379
27651
7182
25316
15786
2044
21249
5410
29464
17817
31272
3382
16070
11049
2244
8420
13261
8449
25649
27562
28999
12201
31842
9629
15705
19948
19842
5022
19368
29864
1816
27436
27807
3220
13495
30688
433
4711
6855
19226
1297
15291
20936
84
5172
28908
7202
7293
24465
23630
16854
25404
31834
2277
32441
19574
23623
21700
21011
13857
8496
23166
5573
29073
30998
7990
10904
29636
15518
6137
26466
14185
1700
2663
1581
26774
7390
27942
24631
19523
28364
9489
10731
1421
1122
18065
187
5278
27602
8054
29477
2653
10497
26464
119
20872
29302
23815
19233
690
14438
6291
26402
10912
1557
7039
11199
903
3466
28247
17882
28386
26804
4866
20390
4267
23637
27179
405
6516
13294
12517
9058
2100
16144
25650
30940
19366
13214
1961
16986
26955
17700
26188
16937
14094
1443
31966
13793
14263
27764
4837
16920
28110
3245
4922
24611
12081
21844
26685
9347
9531
1612
32538
25411
21533
2290
4743
19373
17941
4820
12293
3140
29292
23742
6532
1463
1631
26074
23436
19515
3605
3648
18740
4696
14785
22853
19153
11259
28939
10007
22697
8826
13791
15927
5431
8806
2982
17968
27286
25138
933
14120
22356
32586
11025
9468
30546
13628
32500
29871
29063
14657
32237
1979
21859
8699
9042
6925
27413
21852
14069
30936
27125
5954
11544
8982
5993
25289
24636
29389
10582
25752
15252
21199
2576
25527
8779
30802
30646
16314
16502
6483
5371
32281
21987
11153
10150
800
13154
27821
6083
1308
23086
17972
9878
18917
27145
11758
5055
12652
19438
20627
31951
15596
30081
24402
14703
17997
8063
21148
22466
14713
11146
16771
27020
9067
18952
28530
24963
21122
24052
6500
21744
229
22575
25915
3884
15351
12827
23150
13392
27251
21008
12566
10268
24905
28105
16550
22711
1725
8111
7319
24616
6217
2352
12516
22147
28563
16290
20331
19045
2984
10042
2348
21539
24455
17103
25420
18723
25542
10845
6174
26623
15984
18239
723
10942
29187
4104
30415
20128
6411
16023
6483
15813
16094
14332
12749
29884
28204
7870
24195
12249
25234
25377
24289
10595
15923
133
1430
19257
7843
21676
19976
6803
15604
2401
3740
17828
10570
6094
22617
26847
1151
28875
6725
26888
1598
26336
15638
13441
29904
13851
11792
22506
29791
14961
27618
12662
24504
6232
31122
5163
10419
2375
7237
1418
8230
4063
18722
5915
1402
4526
18587
15026
28887
6826
16077
25891
23500
18643
21919
21466
31074
2325
19770
14375
21980
17989
25446
4609
26600
3425
15773
6602
27068
27925
5069
13635
29540
16201
10429
19149
28452
29853
13114
13408
19266
15323
26903
15610
809
26976
12076
26769
10958
24310
23168
19019
4648
14506
2098
7224
23828
7538
10041
28140
8047
28434
23046
3755
6519
7242
5197
9306
30646
29355
32643
17842
1282
30439
12125
18554
3911
9596
19581
17461
27652
23305
11913
4957
19271
15079
7834
25106
16083
27093
1376
151
22826
22317
3399
26648
13107
16988
5245
12665
32367
28916
235
10822
22676
29436
31782
29761
8620
12152
6421
32150
25227
11175
7906
25921
30872
31235
23789
23659
30702
31841
19808
9724
5978
25871
1882
271
4636
32691
4193
28981
1109
2730
15022
736
9669
13893
2835
4421
1452
18148
181
22579
2583
20461
19612
28992
17253
24109
21724
17545
5060
23835
2826
18851
9235
1628
11644
26357
16619
5014
26742
21425
23381
13046
23093
21285
5968
3910
17510
16069
31098
14360
2198
17807
19993
29041
15825
31204
11948
11663
17835
18259
5936
450
2102
289
617
30271
7616
17648
4180
21147
28171
16343
16753
299
695
4854
11105
25904
14284
21689
13696
14493
10452
26921
14934
32693
16529
17239
19023
30678
2785
14404
29003
28136
27919
6490
78
31634
21267
29724
26312
27866
24350
14761
1734
23819
21794
19477
59
9834
14308
30329
12824
23790
18824
7998
23030
20769
24843
11295
25479
3169
21898
6694
31240
19177
145
6405
28425
12655
10551
25479
30223
8852
7122
5178
6755
22610
5013
31641
12508
22776
6824
13495
12796
3669
28095
15769
18352
11887
18094
7109
8496
5954
29974
10257
1892
2978
2041
5447
22610
10813
6886
6145
31543
26993
27091
23807
20469
7322
26493
28447
31846
7073
7325
2903
22087
9659
18435
18787
2489
30909
13274
5256
21397
20201
9416
26352
21514
10379
26547
5424
4955
14263
9461
25297
23732
18298
16565
12785
11217
20114
7855
3674
31883
2044
8093
20222
267
31034
24036
9347
11687
12513
5171
4168
21863
6325
3848
31547
24764
21483
14551
14536
7111
10152
17728
22706
14506
30062
971
3437
9748
24374
28821
32281
289
9093
17619
18699
5634
5663
15796
2043
31993
22325
15037
19751
18254
19105
25384
21185
22723
7960
24009
5965
12676
12842
15150
15147
8436
13290
29471
19665
5256
26784
13862
28235
12262
26619
13666
4136
15261
6938
31691
25617
5972
32037
5557
20795
27376
10232
11685
12821
18980
18311
25089
15878
22804
11662
1230
18480
5604
11303
3443
8416
27870
12835
26351
5250
1410
10749
17255
22344
31209
21281
13000
28283
21771
22457
6875
32660
10798
3712
19782
24272
5786
28000
28702
10470
29020
7804
2928
9592
15269
19061
6654
12425
19770
8026
26368
3913
31178
20740
1405
15145
3768
7961
27146
30436
6808
20424
26036
10718
13863
5504
23738
22246
23799
27996
2351
11336
27520
13669
19506
14922
24981
21875
19326
13109
1907
16021
1814
28576
3370
31733
13924
12645
4167
11372
3255
1167
11157
29283
7754
16233
10445
14424
25537
8447
32123
31437
10553
23251
11786
31751
6263
14601
7492
29053
31201
171
2091
17420
18409
28793
28081
12977
14833
32307
28914
21138
24158
24099
21979
563
7191
29918
22549
141
9890
6923
28976
5153
31925
26100
2592
23438
15597
9593
9743
4270
22621
13841
19525
28979
10311
18660
4961
18421
5301
22779
4903
5141
6128
25766
6483
15971
22085
2367
17997
13893
9052
30884
20676
30195
11802
20406
16601
22248
27685
11200
28151
4740
25515
12525
30871
20353
2379
11285
31011
24670
30107
18903
16421
14108
16113
10502
22632
25932
19630
11693
16240
1562
21894
29029
8927
14854
5191
15940
17371
26704
24970
32379
16656
1196
15435
3708
15228
18630
26458
32136
21712
4652
13212
28702
4644
4388
16600
22167
25750
21367
23091
21857
1640
23814
10555
27350
5062
4178
12637
5255
16164
15999
26708
17183
28443
5780
22230
2634
7885
4203
9380
28960
25222
14967
15411
18410
28690
5292
12317
22689
13926
4444
5710
26492
26257
21458
2767
3059
403
3426
13854
20813
3624
29274
23595
29697
4045
29400
16062
24359
3318
26346
12757
20994
13194
3090
1524
8217
22534
19551
10040
10745
14463
966
26312
9657
2856
3138
11508
14288
21424
8522
11879
18222
31521
5192
2169
16492
4395
3135
17202
1737
14040
18698
12414
12992
27818
1545
24665
29021
12197
15641
11861
2175
3837
29996
11027
29936
31578
26656
22846
25008
18914
18532
250
14763
17138
21257
15093
15036
2101
25988
32004
9029
11746
8652
7112
22322
15030
17691
4961
23162
24022
15938
30026
4768
2469
28818
13179
18894
4535
9878
26754
19085
4684
27493
10767
13073
27800
24830
3391
22785
622
2181
16786
8457
6767
24106
13785
26630
30898
21456
25968
5142
14431
19345
28568
32217
29012
19157
513
14493
15657
6424
2628
27296
30334
18001
27347
13763
22577
22396
8313
24715
31114
12852
29855
25578
23616
259
24696
22300
10564
4933
19152
32649
8040
14440
2750
20975
14106
19345
14088
5482
10918
26723
25231
10613
24421
32743
18264
6441
24913
11651
26053
11532
17528
1415
18528
29464
21007
15268
28554
28341
26047
3813
31449
24869
31545
21747
32725
8619
12910
3255
7450
24956
26986
24391
6455
16749
18630
31090
9195
27909
23630
12757
29912
8379
1266
2187
20305
17005
19150
30890
26360
9848
15589
30718
23262
14934
13474
30096
22485
3946
10955
26102
8087
23685
29573
5916
13146
8870
9999
6337
2173
4744
16288
3780
18818
15736
29059
19031
2012
3255
19183
24369
12520
3520
13541
5480
2824
21973
16459
26224
24252
22234
21046
2720
17803
5138
12583
16067
7047
30442
23774
18210
5575
25824
2981
23381
27692
32652
241
3388
13010
6894
6747
28968
4247
13497
26500
28315
23816
11648
7840
28923
6601
28521
30352
32289
21386
17216
18812
18372
3441
18895
21438
6286
17753
18200
27577
26102
24446
17147
7859
8242
23602
19400
2205
7756
24896
7504
5546
23916
2701
9815
146
7201
19828
27841
31161
2515
4312
693
2822
28531
28814
14588
28020
22666
28144
400
29391
12481
17669
28266
23325
14895
6833
20867
5713
31574
267
2308
23851
20207
20841
11159
7984
11086
6267
10246
7020
26854
29511
1652
29603
10884
19902
32132
26942
1950
5741
28803
9423
21073
13981
5412
6170
11690
22358
28265
3739
13604
26345
8789
32282
2283
29810
9644
15506
21244
26053
27649
17752
10106
28858
26466
12561
29245
13792
21019
29167
4544
12891
9441
19735
5767
12463
24194
31187
17556
14417
16588
7267
7605
8356
12828
5391
19942
133
3334
768
29469
25051
24890
29974
6413
19508
9698
14599
9904
12310
29510
23429
6168
14323
6793
22624
21259
10466
16656
3195
32228
7358
645
24212
9817
16716
15201
536
18122
4090
21603
27276
9768
7085
28235
8612
23831
29377
97
2954
32236
9999
27931
28978
18357
18685
14455
17975
25239
4970
4445
3696
14131
19049
952
32045
28517
30015
8661
13815
696
19811
3067
29743
26498
1567
14991
8230
8311
10859
17895
30065
1644
15144
23790
9631
23283
25346
6616
6589
7741
20429
18222
9585
2684
16758
3693
27001
5512
18183
20131
298
1389
17486
6472
7342
2219
24714
15554
8429
24376
16266
11863
30639
26248
13952
14481
19385
12773
31350
16954
3098
24401
2239
22747
26300
3083
6555
7045
23124
2228
31439
31475
13639
28614
28179
3267
19872
30330
3121
6998
13709
24676
24056
25386
21873
1142
15459
26946
14183
24918
7067
11288
11673
24814
11786
7292
24751
11794
26952
9718
14891
23338
6936
30656
8771
29649
6881
16832
31414
14156
13985
21443
471
31939
8521
28957
31993
5899
7677
6096
3341
32062
25319
1053
4718
5112
8148
2955
30456
18129
8118
14486
24457
22010
16580
4431
29802
28680
23999
20664
24345
24551
12157
4528
5264
5315
11403
27633
27185
17420
12268
28357
19382
7879
28694
8156
17990
31613
2725
3775
14800
14751
4697
29772
16725
2439
1208
508
27879
14976
10645
20360
20810
30868
10724
24263
15003
12536
6824
25785
30134
673
3606
25107
182
1637
1521
29123
20901
20833
24793
28945
3369
7706
18914
8345
4868
7479
27478
30969
29466
31276
5978
2238
2997
18809
15525
28207
31913
31166
5113
5704
21363
22982
27035
10125
5892
1876
17074
24970
6723
16822
924
24433
15624
3933
24036
6581
9988
14818
15253
10278
7171
13370
27163
642
14374
5498
5355
28859
18318
16969
9670
13568
24396
10365
8939
4984
20629
14086
7216
11423
17837
18582
9636
2555
29651
2059
4146
16307
5274
161
23260
26414
16523
17411
28607
23717
8531
22691
19263
12780
2135
4405
14931
4628
7965
6749
28792
32625
13468
14197
17349
6469
8895
2413
11558
11875
17911
32460
7277
12595
1985
29041
15418
14175
12843
25618
5157
13045
30346
9555
7217
11873
17924
3135
16636
14929
6287
23437
25751
1909
8379
6544
30482
5238
9742
11095
31021
25762
23871
24525
14639
18432
26375
5834
5290
6573
7389
13801
11064
12850
12095
8725
30446
17045
14697
6343
20676
8828
22050
18171
31077
6609
8517
13076
31153
19009
8626
8028
5783
26836
21547
3308
1100
8525
9757
24332
23641
14809
29251
17823
29839
12223
9471
9332
3803
21675
11960
5333
2208
14084
3173
8026
2504
27992
4117
5817
1351
11246
15045
5433
8378
11181
26210
32045
25897
6562
8274
18746
22174
12899
4497
5817
20070
28362
21723
16489
10936
20294
23676
23769
19158
11597
21324
22804
19643
22334
9158
19867
13542
10136
28993
23560
8157
2550
16267
16779
12215
21963
10
6864
7151
7404
6665
546
8390
11438
31633
19115
7171
1168
9751
30540
12651
15528
32554
24321
10880
21506
5102
16598
21473
28616
13869
5981
17756
2432
10623
16336
27068
25819
7832
28760
32191
7421
13633
13341
14945
10017
28884
28807
27365
15285
19830
3918
21998
1376
6654
888
22728
24224
2933
23682
15804
30528
24339
16378
8552
3941
7060
7927
27462
15543
8215
9962
5184
14489
28652
17746
12354
3237
10765
8941
9154
6585
17865
15019
15948
9515
12780
23490
20426
3732
11093
12376
6826
17807
32269
32104
5617
27582
17477
15916
8885
24419
26078
20296
29084
24570
20917
16784
8776
4118
6660
942
30270
20453
32480
23068
26999
15787
24879
30769
17708
13919
2721
30011
19871
23953
30754
8640
25133
21856
21761
17970
29956
8874
2983
4042
20127
783
11466
25836
10246
2369
8935
31109
7839
19646
16220
1846
13820
7809
28906
21230
20691
22681
830
6585
13632
28043
25618
6886
20476
24340
13971
31818
8229
30151
15226
3456
3639
14988
24169
23163
12816
31699
6243
12880
30997
9910
15570
23619
23318
32122
7813
30952
32109
5227
20175
10461
15867
26271
7034
5552
13841
10928
620
7965
18532
20960
30040
11515
19225
9072
26812
19502
24549
4528
26124
1174
21334
12
16134
19506
29830
5063
28166
7103
30894
14670
21109
18628
22247
8743
11857
1168
15965
16026
4539
26163
1314
14449
9394
31816
6720
94
13855
3642
21334
3255
7001
29530
2145
27620
15071
4606
5177
14694
10759
29053
22506
4219
5357
319
28962
7716
22405
9948
27045
22275
2091
161
8747
25472
6132
28215
4513
31332
2696
673
11585
9085
1303
10789
5731
6317
28349
4523
15836
6913
30730
30649
11234
7681
15300
12052
11599
31869
22241
23038
28700
28361
3082
6778
20667
3438
23179
5167
15056
17728
27161
1881
17323
22907
11667
9887
28366
2036
623
10658
3252
15676
18530
9061
17951
22365
8755
1130
29514
23415
27555
7123
16093
25906
28768
16765
24896
27815
30903
19535
30645
11026
22867
18064
17829
32228
27295
8083
23190
6673
12840
6106
25283
61
11522
14800
5403
28645
29025
30203
22672
11094
19694
28069
26304
2609
4119
15354
27522
25103
25174
11314
5856
19888
25130
9770
20764
28918
17905
26954
7006
23394
25376
1528
4740
1408
21615
16700
31372
30071
4026
5757
1304
31541
6810
18284
14276
8007
3561
28927
17722
27247
22969
5523
24221
29907
21205
7869
16697
18497
17878
9497
15301
25166
18047
20101
30486
31507
10018
19273
28068
11292
11559
23640
30453
8357
3369
21621
6954
20435
7960
301
26577
26106
11068
6513
26433
24778
28759
2665
18542
18476
22404
20080
19250
6629
32695
25528
21572
16004
7047
27913
27174
13128
28536
15529
15582
31322
7636
23946
4145
4845
5131
28198
6038
18177
20916
30068
22280
9816
18853
13083
5481
25176
11149
10722
30937
28090
18511
22829
2582
31263
29204
12517
591
26905
5727
3315
25568
9061
13202
4813
15020
18428
3262
27799
19262
23707
11083
5660
19920
30177
31543
8454
2601
26273
31610
26343
16893
12935
4309
1308
16368
26021
22127
3156
10334
32104
29442
6256
11907
7913
9027
9353
2214
19574
5170
3668
11871
5257
4302
21684
16164
12993
20896
22819
25468
19540
9961
18405
10183
7926
32651
5195
8107
1833
15851
9488
83
14579
11074
3021
17542
24069
25467
28960
5364
27960
10441
30885
8114
27747
10885
14734
25239
21476
14808
31085
9738
871
26604
5701
25552
10756
20445
14724
32072
12976
26743
11006
19681
22873
29889
27421
14750
15242
22706
8063
18841
9050
16527
31916
24857
27814
29344
1270
10565
8141
24479
3604
19253
19183
21349
1719
7784
31069
23405
26672
15319
512
12561
11128
7933
4045
31305
4917
26309
24277
31199
6852
18822
24951
11981
5111
18227
14945
16678
27169
10773
25301
21977
10117
418
31268
16558
25313
25487
383
15005
14775
23313
9783
12418
3781
2015
30306
32574
8326
23169
20004
22652
20324
22144
15746
32715
18832
17327
25334
11417
3480
16424
24736
7726
20684
28561
22913
22214
11867
27631
4157
27597
5695
11203
9387
18314
6340
7315
14798
1369
17073
9816
16620
20280
29540
20333
30269
5005
19970
17233
18540
21115
19156
25899
17977
10713
210
9382
8494
5533
10685
14281
4291
7268
1819
2069
15129
440
244
17471
32234
18877
689
30856
16843
31008
220
9105
5947
32692
31031
14674
28948
17095
13
16862
6144
24580
26628
6909
7277
24871
16380
31717
13976
18749
8988
12542
2906
12152
16819
12407
3419
5492
15529
30750
4586
25583
14859
24017
29538
28437
10587
5481
8197
7091
10496
20362
5498
21572
6145
3797
16913
16650
4888
11033
16879
7086
12066
31728
15723
29685
16107
6913
28566
24964
5599
16699
10776
14503
20332
27136
4435
3400
14360
5915
15555
6328
3855
11701
10726
13065
1460
29894
7771
11287
14275
25452
32346
30691
249
1159
8119
28872
17806
25809
18557
4345
9212
2994
19144
23816
15587
5984
21738
16104
5314
22556
27263
8114
30192
12760
809
1214
27536
27606
20215
31297
28954
12437
27930
5707
6282
5978
15319
26073
5426
24888
7774
3892
20890
3535
3251
7530
32350
21241
23521
1314
7068
6612
8526
31206
14939
27174
30431
19193
19347
25512
9339
25207
14955
1858
7750
22153
16379
26879
12648
26988
19696
24186
17854
9411
23011
16928
28288
6868
30088
32125
18349
20119
17715
12358
21693
16063
6475
27406
15541
12480
15821
19136
19863
3897
25219
5533
22263
3039
3428
30261
21170
24378
25054
2137
17919
18031
2073
5545
22348
28363
32049
7479
30426
26478
8363
9239
14366
31208
10479
18052
31262
21285
4913
19575
28651
32055
29789
13616
6006
11350
5025
2962
31072
24378
16924
23787
6799
9643
5524
5690
5039
885
8558
12298
15574
12926
21970
28165
3747
16032
4610
25116
11782
20934
11318
21634
21504
20875
18798
14386
29447
23123
27499
28521
17730
23147
21081
26587
27595
9023
20504
25833
26053
10375
32514
18268
12387
13334
7026
1878
13755
9504
6213
13612
28652
56
8428
24532
12462
4950
15978
6898
17660
5525
5170
636
13744
23263
14866
21421
3309
31591
9631
1381
31138
5366
21838
20835
30643
28679
29953
19336
31150
7650
30876
5386
22921
15991
12287
4317
23972
29504
15412
27448
7393
5481
32518
12946
18707
490
5175
25200
28287
29044
5864
31390
15851
11650
27111
18695
905
25032
5704
8843
10747
17664
10468
9917
16944
15577
16629
1782
2401
27343
24925
26928
12636
30864
28143
20010
25266
29121
1945
23448
26315
23933
18275
2749
1960
27329
25190
5284
759
25544
388
23929
28875
8137
24329
21659
1782
5109
20610
22975
29333
20820
30789
3170
1288
7174
18269
893
3759
24859
5821
24779
19443
21959
14551
12342
9537
31987
29830
31938
18247
9978
3443
23193
21002
30888
13087
5273
24186
3148
29534
10670
18458
8931
18696
23466
2636
29084
18533
15279
1983
22540
32338
25409
9155
5258
17141
19700
27014
19902
28886
13274
118
2687
2743
32137
3611
19846
28777
31993
28829
1602
19787
22239
12987
4031
8424
15453
25706
16329
27341
9451
17294
22786
5134
13646
7936
16342
30481
10425
2751
23755
8057
29723
32622
25608
20381
24890
21555
19387
11247
13135
22737
21322
23211
2730
2397
31700
22270
31858
18414
22645
7405
20792
14165
6348
22963
9040
28888
6191
13265
3894
16186
27490
11915
28650
11147
31697
17031
21837
2707
27595
5254
9018
17730
10422
99
28675
16736
4506
27069
30555
10824
27331
17155
25440
12240
31842
4769
23825
23292
30194
28310
19703
8941
15315
166
26822
20160
21680
26497
8397
14084
21907
32371
32477
229
15929
6701
27974
4433
11556
900
28607
26497
17809
7088
15663
26814
2544
17428
18025
30834
17758
4152
25746
21042
1916
15501
1605
3488
12315
6514
15363
4028
2645
3767
39
2762
14742
9650
23064
5037
30283
21404
10702
18623
2080
14502
934
25391
18024
24207
23489
14885
13930
18289
30077
7932
1339
10502
19658
10133
3426
20561
16467
15775
8315
1950
30831
6095
19275
19905
8862
10860
7697
6498
6220
14700
32652
27000
25076
4010
27872
31883
30230
30105
2125
10153
11530
10647
14243
29134
8717
18741
17364
20543
24142
3562
25713
10411
6781
7261
28061
24103
16367
4333
18466
29109
29362
28895
23617
16540
8487
5834
5439
19983
29154
8440
21764
13308
8965
10025
19065
32446
31236
23894
26137
27477
12500
4886
32347
2250
6382
26749
12716
31089
3374
4656
2456
28159
3669
22763
27783
32067
20115
14169
21675
3996
78
10015
10461
1321
27038
2585
32148
21565
31621
32026
30209
11926
8217
2471
12963
5425
12986
13363
5424
23633
19401
31338
7649
21488
5580
10288
18356
18337
13578
3779
24579
18813
15524
14591
10265
25346
25189
826
21119
14011
3153
21253
8927
10812
963
25910
31646
4866
32039
13896
22191
14637
17568
3024
21175
9885
1514
21381
19202
5592
14666
5428
13825
22330
26163
5334
718
21856
28069
28906
11016
16216
14050
1410
28429
26186
32018
18780
1955
24483
11633
7930
10505
26563
6823
6429
6474
24214
3668
19057
13961
10018
29373
32475
17312
26516
7199
4115
19861
18928
26764
31146
16055
15727
22207
11664
12640
15801
19633
26267
559
26188
17749
17055
32720
20626
15263
24083
17095
9740
25807
5439
21144
3466
24231
26527
1959
9760
20212
24008
17199
1509
32351
16595
23986
669
31959
22636
10803
19992
32134
5790
25608
13093
21665
11573
14821
19403
28887
18999
1791
26417
1613
19674
18141
15158
23056
8106
10947
13442
13054
27712
17753
28600
32483
31804
32721
12617
31913
25263
9004
27853
3796
3844
19087
27948
24521
1327
21029
5786
11561
21955
17700
15988
31014
18738
4253
3079
25571
3012
31804
18198
10156
31143
14541
16284
20478
21321
7437
32469
15058
21816
14415
8046
11881
23043
21371
31755
27719
6846
17617
24192
17957
15216
31683
19506
30412
4579
3910
1571
23681
25868
16310
27319
31656
9155
11955
30591
26796
4118
26153
23520
9336
30590
5970
566
23355
18692
2542
11793
6451
3167
6701
9618
28455
19937
30059
6521
23893
16526
22958
30080
29748
29001
26371
9486
13123
289
17488
19647
1378
31629
6929
32081
23676
12639
12818
4914
15300
25411
16213
32683
15482
13817
14597
3747
19226
5226
236
2073
399
17923
3300
31450
3581
28422
567
28748
10828
18419
17835
21782
14680
15256
20199
5915
34
18156
19692
23332
25718
1797
26980
28304
816
5991
1860
22247
3978
18696
19587
25639
20489
11865
29332
7201
6737
707
3000
18583
15953
24367
10448
27639
29782
20474
21208
8465
10117
4846
23545
20534
9410
8627
15726
577
25819
30698
2488
429
15762
25907
20836
8877
709
25061
8600
4750
29136
19319
8905
28093
32142
29000
22604
28279
19105
13017
28236
18974
5048
99
7362
27865
12440
16467
11178
25045
27535
23045
11167
18751
20673
28719
29697
27639
18544
4225
25414
29959
1058
1342
23303
7935
20151
29304
12192
21947
28073
19955
27133
22804
32189
13150
27297
28158
32241
4038
20243
14811
25313
23271
8786
3007
4114
7291
3980
19287
28709
15417
16592
20178
6923
20764
3336
20201
32428
1883
12313
14761
14806
22
21446
32361
24339
26295
1283
26944
22055
20845
20961
21056
8801
13692
14836
30630
17865
26544
2076
20660
8102
32592
21409
32062
7983
10612
31790
1035
5162
26434
23734
20633
16480
14496
3697
27246
7949
1967
4619
30643
19709
27709
21451
1025
12430
6361
8729
16521
22975
11635
9711
8453
96
21910
12647
6471
16034
3747
17616
13474
7229
18442
6065
29973
19891
14137
26538
24888
455
16455
2621
635
16686
20672
24724
10989
9394
23380
5969
30022
16187
18001
15856
32291
18917
3084
11483
17542
7641
18738
104
28279
19678
18883
4168
9725
19042
8828
13801
20837
715
18353
19796
862
18886
12505
6055
3474
1398
28221
25235
8781
23620
9261
27785
18965
32628
31122
10448
14789
6155
28582
12502
19506
14194
24323
11677
15238
5549
9571
13666
20744
16692
13651
3058
32163
31785
326
7993
7676
18334
16569
1151
21870
18509
30254
22757
27572
29220
20633
1962
29913
26330
2380
11865
28300
10149
7018
20403
649
19961
4385
32424
8796
11008
17982
32091
10805
22173
15783
32342
29283
18666
3271
25943
22770
26051
13400
24259
30211
31127
26571
30947
7118
445
17660
1804
11903
7730
827
24422
24497
19327
4718
16861
32195
15326
10278
7957
407
14920
17183
22069
19446
29200
26641
14170
7496
8978
18719
8720
16496
14550
8880
30770
23450
25059
22593
15512
13496
8028
9134
31597
25117
31810
9189
25302
16561
26205
21681
7499
4478
18090
13877
712
5587
8406
551
25261
15021
11821
9739
32593
1531
22993
12266
7711
23589
9724
31955
12360
8670
19824
28110
3218
11303
27247
1598
19714
30386
14353
7934
3431
30159
1727
19072
11293
2882
118
30629
25515
24310
29109
12780
15010
22677
28415
23124
23693
19839
18683
21523
19807
7672
10856
12533
5757
2051
5555
6627
19604
6232
5991
26001
9395
9867
30661
28324
32289
18083
2693
24862
4281
3644
11016
23077
7656
20109
16909
23607
27903
11438
7693
9071
14686
19426
27669
791
27921
3254
27484
8348
31940
8128
11636
20476
22590
25033
15843
4330
29801
26303
4841
350
25419
30086
9736
31634
28175
3280
26642
11750
22813
21993
9499
11359
7548
14872
14011
2505
31386
12111
13404
22140
16546
6907
21785
21644
31405
4686
5254
19601
5795
17625
30137
20618
30420
25352
18451
31103
31957
18475
15835
16596
29167
29644
2024
548
1850
3253
22841
29326
19976
22902
4706
11981
8951
4845
10547
22730
11926
26168
23006
4412
30289
26668
13247
26890
7726
27919
8482
572
9989
10326
20391
23949
24558
4466
26224
8349
28901
19942
14330
24164
27685
23687
31326
9771
12096
15644
16585
7226
21559
18721
5207
11242
13444
8380
23784
10534
19390
27060
14928
15700
2339
3894
742
32693
28629
12352
9704
100
9961
6785
32736
7142
20896
29840
9116
17582
31066
17582
30764
22646
1906
32441
8820
30023
10522
3559
31384
28369
22920
16132
4154
7641
9652
3886
9414
32027
6729
32179
14857
21383
27053
20507
31732
19140
17468
7655
11103
9401
15505
9933
5099
6174
29892
20251
23729
11624
17475
13564
9845
5420
25746
29802
4596
25196
8561
7191
17733
20500
27178
8030
23012
11581
18419
12633
16790
2784
6829
30708
22511
10060
30059
9038
29944
17189
11367
23075
27306
22218
12790
159
24355
15748
16271
5540
3988
18749
15078
24985
12230
5546
4009
3579
23942
3701
13351
19320
20751
32589
10215
3775
20140
730
5243
22381
11570
19322
8594
13138
23021
31829
18904
3599
29257
18704
14020
6186
31492
27155
32552
27946
19554
8533
20055
24320
14873
5479
19887
31023
268
3804
23811
1832
9397
29982
29038
32675
10235
16988
30771
7213
11495
29999
12559
9122
21512
27847
15136
23253
10311
9407
18327
27568
9145
32133
1553
13564
7504
12395
3641
16295
26721
11331
22004
14503
16551
20489
21432
27663
19333
25857
4133
2617
13736
18658
15285
21610
15178
12595
1995
29495
11410
16923
30749
28799
22097
3547
31809
12796
15059
25331
15453
10382
1179
11513
21642
3750
29986
2373
26458
31450
9848
12691
30977
7441
30364
16669
22118
7365
7500
31754
5820
28741
22035
6292
30963
17841
2045
29176
20190
27339
4389
12126
15530
8829
1142
27287
13181
4998
1833
20520
17597
15227
15897
21732
12652
2848
3797
3353
2269
20239
17830
11482
28646
7474
19198
23957
19317
16003
26240
21327
21926
19076
20230
4849
11021
6589
31908
15310
16477
25255
2194
15713
6677
12522
23321
5201
20811
13553
27707
23543
18656
11002
8202
2826
4109
17071
20473
2424
27194
20848
24388
28576
27278
28368
11847
1794
4347
9235
15743
2330
14431
18333
16864
7747
15100
19139
5439
11286
15823
8513
24057
14469
16228
28781
12519
13808
17494
19379
14581
12726
26660
4319
6056
7417
21468
29627
6007
29859
31520
6400
27682
4890
21457
7249
5276
20806
11219
23728
2202
24175
8721
4811
20840
13543
19207
12893
29142
22530
2187
21766
17940
28197
16209
7510
22238
12900
18790
30662
19223
5962
7551
9090
18478
21032
22665
3324
30057
6947
5878
24277
9919
26672
28046
6918
9840
8306
2324
19796
10319
23755
9889
11486
22757
10159
20414
23927
503
17615
23390
27884
7676
13651
13717
3449
10387
1414
1060
17201
30793
14613
15375
8917
8812
21142
28195
2627
3948
13551
27081
30369
1157
2404
1484
28808
5051
12169
31797
31618
6797
22513
17447
26148
25266
10376
25768
15107
25280
26025
11972
7823
30859
12808
21784
15874
16235
25638
6711
13874
13878
4185
1452
19305
10477
626
27468
15980
13883
31548
10207
4294
11465
32038
18853
15063
29807
17864
4053
28403
16402
2426
23271
1761
4707
15688
1926
22587
6408
6349
24007
2654
32724
27439
6826
7460
1158
6106
31479
26164
29505
4413
12064
8258
26949
31470
30563
6201
9331
395
19625
15294
21500
10902
5369
17547
17579
30222
10478
15168
22079
12643
11606
22680
17283
29744
21780
32104
18592
27012
22617
3516
21078
23408
15659
18658
9324
19713
22397
21723
4155
6274
28742
1654
21874
10593
30626
22086
14945
28847
14000
22193
2817
3646
6514
8082
15510
4072
16970
3930
28875
27134
16478
31285
24628
18044
10830
21526
12126
16220
19050
6119
25362
15298
20625
10844
14443
25412
16847
5488
2392
18568
1230
11976
3467
8379
10183
12965
26314
1941
3868
652
22290
25975
3175
16457
236
6315
14997
28114
5365
12268
26301
12863
29278
16419
31659
11778
7058
27432
10307
18302
32731
20387
29051
17633
20656
16595
817
24014
32686
11446
10748
22646
10769
4735
21479
6478
25679
21418
29778
30995
29448
9834
4373
18381
21555
28545
23227
6267
5434
15038
6781
28151
9303
27079
14097
25847
20080
814
10867
6209
4727
22984
20687
26178
19072
15491
22554
13996
4772
22422
12610
18311
15278
4240
6022
12409
26815
16249
14214
25527
32369
19639
2433
14361
19699
10832
29132
10439
2406
22590
19018
446
30764
1032
8086
21899
30051
8007
22059
30967
28637
8582
26519
24967
25390
7211
13573
16276
11852
22997
7481
4979
23272
26347
21965
20958
17525
3903
4278
15833
4769
8694
25575
18233
30080
18681
8411
23860
21062
23691
1966
10719
17255
29336
3810
17979
13769
23487
7665
6143
30003
3539
22660
17832
27199
9785
32545
21755
14283
1099
8245
4699
26824
26130
7864
10959
22808
9440
21465
1130
31032
29980
24361
29688
7415
14887
11387
26915
19332
5150
9002
10488
9723
8723
11523
11241
22537
1300
24690
23953
6796
13936
20954
29374
8346
14757
26607
31273
20392
16680
18024
17967
23874
16232
30416
18324
20864
22936
24635
23581
27245
27779
777
4644
22506
4019
30362
8156
20753
3102
29298
24253
14906
5318
11315
3244
23436
11515
31125
22571
16054
5490
21654
11962
23014
8427
23898
28175
20605
1863
32378
930
7050
29084
26262
5830
4534
3820
29221
15323
10072
18658
29044
26581
30579
22787
3337
17480
3693
14950
10660
32075
5256
21418
13251
18654
3509
28957
8940
11343
21107
4258
27507
11506
31307
12364
2795
17147
23828
27775
16477
27415
18150
26780
22030
27796
19592
30782
21127
29613
17658
16198
22471
23259
21130
12260
16586
17401
17652
19766
10257
31648
21022
24731
9046
31812
15153
12527
684
28306
22192
6296
10580
11783
11650
19858
8040
710
1218
13863
13705
3439
31383
17805
4414
14457
8702
27585
6057
26891
3155
19001
30625
18828
31645
25171
789
22377
18921
5951
29861
23919
25885
15156
23423
1539
24475
4548
4402
27835
3261
17782
12719
2597
27047
9408
15712
8944
28126
615
12524
31849
18426
27883
17351
31545
7036
32423
3401
29114
9556
2703
28846
8536
1559
1
19956
1103
8064
32649
3038
2366
8221
14266
12394
8387
25928
28713
27231
9489
9996
15292
17268
27724
7804
22532
9099
22393
5576
2153
14857
25189
15717
12862
2245
17292
16366
28093
5238
10500
3927
8679
30974
15348
32374
559
25212
19488
15227
17580
30499
21526
3266
12618
20526
13020
3071
26099
470
28936
8321
27140
13084
14242
8288
12416
29592
32233
22493
7885
31339
22393
5297
25037
32020
28176
28680
30308
12403
27899
22013
26150
2307
2909
29809
10208
1362
4487
13729
8687
21716
16524
18769
17491
11966
18587
16011
12591
10690
8093
17795
8146
8297
13467
27920
4314
28359
9217
9569
3243
2743
7266
16902
1093
171
13323
16348
21316
32083
13558
24173
1009
12447
8807
4407
29864
31651
17709
5128
23023
10052
8619
25814
11785
30196
22369
18182
2050
24114
13764
11966
9269
1499
15921
12955
22034
16936
30586
585
13588
21171
22378
27525
21592
9602
13797
3913
5073
11146
3336
18491
31463
23293
30738
3420
24552
12445
9809
27249
19529
31077
12999
5088
26965
18028
6072
12646
21527
27242
1382
16893
16325
10081
7511
1618
18113
26534
4839
27915
4087
22
30533
13465
20578
8346
26285
12054
24977
5683
21373
15629
10236
25044
5311
26520
7323
27252
27436
27782
22800
7511
9929
16905
10878
14815
20947
8380
22348
26440
3498
24957
438
20610
13285
21036
22726
16866
31169
6624
7824
22609
4209
19982
16399
24726
17410
22704
16723
13300
23929
23233
7931
1296
3266
26195
1574
244
16479
11984
30152
26466
22606
31108
7524
23602
8711
10001
16934
29816
11720
14582
27414
21151
26846
22239
16283
29604
13863
14067
10091
18179
23541
15645
29308
29037
2313
4107
20355
10422
9604
30931
7301
28569
11647
18014
8026
2644
6153
6333
15140
31609
12075
6867
4540
29938
1286
24407
17404
24688
4579
23192
18454
21133
14377
22927
18283
16820
31533
8719
29248
24383
17942
645
16198
30816
32714
28709
26587
27022
1207
25744
28445
5613
20966
30031
32396
25653
22831
10040
5551
2085
24469
8044
25611
5078
13679
23755
2934
2690
1561
16584
5723
15610
3320
4513
27025
17334
7415
30084
29595
1902
20624
18596
28693
4956
22379
22124
24524
5084
6642
4532
11286
11556
4993
19205
24891
12016
16140
2717
13874
26282
10138
22392
23624
18518
2904
12115
19118
18067
27765
5716
32020
8150
18083
7753
1420
9495
13243
29851
28046
896
924
8410
30893
9137
6200
3883
24024
5793
12356
6193
21331
10692
11770
18171
3791
11072
5303
17684
15779
28203
24379
26943
3699
4462
13861
3778
27329
29279
15428
3869
9071
18260
10952
4230
17261
27895
23244
2113
12839
17471
30418
26356
29037
17734
17067
29986
29330
17355
4762
27135
9218
8726
23334
6514
30603
7082
27499
17993
16113
18418
15232
507
21907
24973
19559
31150
19710
21132
21604
11071
29827
32283
14742
11036
16686
1373
2779
26246
29509
22142
16673
30771
8968
28288
5927
21444
15556
28969
22783
6962
10216
9657
25882
4574
1357
4563
27929
16988
17514
26901
9752
13477
9174
24367
29758
17187
14881
14654
15950
20950
29751
10833
18731
29798
2883
31952
5528
21206
18864
32383
23212
2225
25740
17606
13794
29336
19809
21516
30361
13039
1124
27415
8699
2557
16838
20786
7654
1323
2805
179
2023
12773
21672
23192
28097
3810
30427
10546
915
10368
19483
6222
18918
10074
24826
21381
8203
19614
25008
27941
30704
4026
25520
23408
17961
17351
24790
3880
24486
23659
19543
24932
21776
20664
16495
17920
7760
19228
25641
29544
14259
26607
11128
14842
23951
14116
30097
14283
9991
30215
5212
9533
6238
13090
29256
4518
3946
14091
21990
4094
12976
32
6028
29797
23601
1640
20825
6082
22785
13603
18278
28139
247
9060
27174
4975
24081
16599
23069
23874
17731
2864
15108
13518
18832
1323
28878
825
16005
21108
3938
2847
11071
7761
21841
19849
4104
14437
16817
755
5783
