14
7194
19780
28555
29831
21680
10515
26097
9311
8515
26926
6387
29606
11561
4146
3061
13842
30891
9791
13476
21870
31395
9961
23066
21950
2371
20141
26737
24635
28336
22713
30183
23908
10103
4595
10305
5350
19363
18660
32314
29921
1636
12929
15875
25918
13016
30756
8053
228
7067
3446
19202
29276
25627
7040
3911
2670
1067
3325
22857
6975
19818
18002
28328
8751
6979
17592
4265
6421
1496
7190
31808
27792
12394
3010
18846
20146
28754
32027
23886
564
13175
28804
10109
15739
13200
25992
21520
13799
2110
18609
1221
15487
21260
6376
8934
27710
13935
25217
24132
12887
32436
12722
16332
29548
23111
30470
12807
25922
13357
20313
31496
4532
14090
29123
14096
15203
13037
3676
5054
32294
2584
32212
19639
8918
30459
6938
18657
26295
1012
13087
6621
32639
18555
10328
1212
11220
180
7559
21590
14918
31481
25394
31953
16958
31511
19810
30759
27864
6446
13873
11907
14068
9575
29482
21167
7685
1063
25327
10609
16830
10232
17553
2839
13648
24763
3106
8127
15043
2129
30896
25921
2540
11359
2384
17726
26139
2033
7664
13301
17441
5393
5370
3581
29337
2190
27126
18826
7607
24351
24634
15139
8920
16973
20539
27350
17800
25949
7608
25571
8008
10218
4687
6817
855
20466
28083
28673
17112
8180
21999
8696
237
23910
4346
26349
30739
1369
12062
19231
20941
15857
7232
23283
25461
28715
30079
22071
12053
5298
11522
9953
25541
29697
32329
14898
17509
18594
30092
3769
16338
26880
11733
14447
32290
10317
5251
24946
2637
14323
20936
11897
17556
22198
30976
9216
6275
8048
10316
2643
9311
4389
15571
15857
1796
17053
19391
13048
14551
11075
10912
18874
29856
4448
16086
11343
914
10372
14905
22433
8292
18458
24427
5199
2869
22029
25601
16404
1528
1722
11158
5697
1650
14092
11684
7577
18596
19148
16803
31853
1584
28764
30800
22006
585
5064
25376
22114
13402
20752
26613
9419
28224
20066
9911
1331
3896
30692
75
8502
17780
14147
4446
22782
1600
10964
14509
19057
26747
1051
3099
6079
17741
809
28785
23594
25645
1399
10101
28689
9435
17433
19958
18886
23626
3051
21880
1976
25658
17771
15147
10492
4342
29408
27368
18097
16276
26143
14369
553
16016
23547
30612
18068
5419
23164
14283
12275
16207
27083
11042
14907
26714
20245
16511
32711
25123
4341
26356
13092
16605
4534
7663
4835
25196
15745
23665
32069
26229
3625
18062
30065
21411
25289
13546
20488
19790
31009
904
12031
27261
21837
32284
15485
24488
25794
32579
21733
10090
8881
5818
337
21918
14577
4080
19079
12013
8273
32639
2713
15245
11905
1743
6125
12625
21175
25200
20570
6162
30007
19801
6382
21580
20097
4241
4573
19182
2374
5105
24425
1519
27541
24524
19153
32394
10235
12607
1612
27667
13765
20017
31249
17730
3042
31959
20830
12344
9960
10985
2328
6537
17938
5705
24553
21658
16403
8763
8057
23713
20566
16929
1735
3944
1351
3853
4196
14747
8298
28003
4987
2147
20311
4340
2643
26958
23855
16829
28061
20197
19296
32185
4446
16751
23748
32098
21097
18236
10684
15493
30096
20830
28393
26242
11478
14382
21115
18951
27949
22975
19574
25495
9382
31775
3633
9238
13731
21606
28787
368
7463
16091
1993
6601
21466
20235
5822
6890
8445
6407
14514
27611
10029
24451
31469
11376
8523
14952
622
19198
18477
27830
9054
25111
15449
26968
13761
12613
18236
4467
7835
15657
2924
16065
29693
13546
19075
1934
2588
12294
28122
24111
23265
25982
32178
14861
18665
23412
3923
26861
21847
27180
14440
21001
29627
14615
3768
9743
4243
29554
16669
28013
18122
23698
8890
29141
16199
1681
20398
4856
11464
17086
907
21715
7377
8801
31280
13761
31202
19534
7762
24024
16653
12586
14000
3855
4730
30127
31068
26989
22375
19805
28686
11496
18587
22698
30026
3574
8241
23840
26007
10991
1994
22991
15357
13967
31144
4854
29914
31786
26453
2006
32393
2511
21082
2874
19304
8090
20154
32751
11462
26235
17585
11050
27868
16215
29363
20270
5838
27201
23847
9374
5082
168
31846
19897
29497
19464
28020
15686
24462
1384
30622
17290
27351
17735
12498
22026
22993
28443
20854
16830
31114
267
13414
30297
7388
26938
20598
30814
24031
5183
4366
17851
17839
9026
30451
25956
22227
6593
351
11925
6791
13965
671
32736
30220
13226
9585
21689
11281
20615
26249
30675
4699
16799
940
10907
5800
6353
15590
11458
29220
26856
2403
18773
28720
2640
24001
12788
6672
21024
21867
11035
22719
28737
31064
8558
11435
24223
24020
3320
1425
6636
3902
29970
15092
8985
4625
5790
21889
24668
11631
9879
26386
18914
22934
30892
20545
1026
18909
7368
11889
5081
32016
6876
31127
5112
7757
10219
13191
370
25846
19740
30245
32087
30761
17578
112
9934
24147
5966
439
21965
30013
4485
16449
3046
25924
29859
4733
8093
25527
5543
19852
28200
6295
30908
25059
4786
29057
17472
7865
22829
22923
21528
23594
8449
7623
23921
4843
9641
12386
4842
19243
17167
8018
15116
31459
15291
3215
9580
22937
22563
30030
11281
5539
9215
31262
1876
21662
501
28612
14882
32395
28825
28270
14022
15242
24186
23041
14461
26724
9064
4468
18170
21140
5870
4962
31751
1305
23806
32412
16753
24796
31001
31931
32566
23629
31114
21951
14312
32165
31701
1809
11873
188
3580
13357
17091
6142
31418
834
29674
32600
14177
483
4017
20672
25846
25207
22145
29423
20457
28574
10797
26871
29548
4863
19057
18305
24398
18942
5568
17012
27
13232
13679
18442
28894
23442
1635
21461
3601
7136
30506
23404
4426
376
12038
6698
25808
22015
10669
5439
22183
28066
896
31361
2075
7251
20608
6940
13284
32637
9088
11663
4420
4730
6918
14418
6987
13145
24000
30500
9868
25825
31368
24860
29184
20330
21790
9074
31156
17959
3941
22982
31024
27126
16270
8854
20131
15069
11617
22283
14100
31915
19120
28326
21488
2545
17682
4237
32167
9759
1461
14316
29064
7249
8723
23843
4340
24901
25456
22836
7047
18376
5508
10908
5394
27821
1634
7909
21009
18230
31390
4850
812
557
26490
2876
16663
6290
28203
6712
3755
6879
12852
28938
25806
23155
6126
12855
17338
21509
22783
25961
5639
3157
14295
15060
3381
7296
2996
2304
25188
1025
23929
21656
29830
31409
22742
21861
18853
24330
6683
4289
512
19301
353
27221
30718
28390
6839
32604
23325
8778
29089
7356
27308
17758
27821
31434
15758
21413
13635
13508
13779
2967
17084
12895
9720
17397
842
31594
419
23317
7053
5997
6212
3019
24417
30381
29757
3311
30034
13057
10576
31925
27375
4525
30802
2078
20054
5974
10751
20755
14330
13596
20791
32609
8454
2138
2654
28509
24724
10673
4287
7476
28316
19608
13737
30336
18123
8495
91
25750
29783
30768
21633
3536
31920
8790
3035
3367
24209
2388
17597
9911
18809
14347
25734
3238
8763
805
31002
29356
9628
2721
19771
2050
19610
1418
19083
5737
30877
24404
16085
12816
14752
6831
21356
28783
6383
3652
28230
13728
4570
26352
14175
20670
13741
18093
32492
11285
27338
7611
17388
13811
19219
31858
1798
6593
24352
29992
6799
28937
12757
25861
15606
23803
31929
6578
20163
7417
21239
7469
30814
29131
26651
7851
21876
3966
6854
29453
673
8824
6183
28575
7145
5150
6384
31173
13691
30696
663
6188
4499
27201
14279
31819
5151
10648
13201
2441
4949
26129
31344
32651
19265
29038
490
16458
14826
1195
17136
16901
29476
26289
24011
28764
12143
17220
14111
1707
10720
29808
6207
6832
4300
27984
14010
8641
2086
3536
31302
9917
12196
13874
22915
22758
9467
26160
14749
4230
8118
12716
25243
2216
22860
2485
29003
29722
25902
2400
24928
4417
2927
6040
12465
5127
2536
1719
12435
31945
10136
20832
13805
30633
6096
16152
23206
27674
18048
27710
32729
15176
10716
25789
3786
31978
6762
2880
11960
18864
2788
18769
10669
12092
7852
6419
8373
29537
22517
19261
19659
8129
10241
19067
12854
9245
3371
27542
2360
31072
15336
23515
32229
18464
4287
13027
26267
32163
3543
14135
9807
21778
10436
684
2055
3013
21744
5665
22641
24953
12868
12369
29421
10245
21194
1198
13707
3416
21755
8983
18245
10535
5569
29497
26266
3931
29069
18228
12645
26207
12992
15621
17500
25183
5572
254
19244
20659
8931
23635
13260
23116
18651
631
22076
28215
19874
13164
13206
21987
20964
608
3814
32319
19160
14173
10119
7121
14420
13977
27274
23352
11518
7274
13685
27357
15181
25024
791
3811
22818
3596
731
473
17812
9336
19475
8839
30578
15849
28138
10659
20098
1083
4478
7998
30238
7305
21260
19759
23577
528
5087
22760
11654
2218
16397
21408
31184
2062
9409
12071
16160
8881
6284
18954
30732
1308
31995
14630
25239
28472
24082
9270
2199
29645
13622
20069
2081
27872
5966
3736
10981
14736
28119
16586
24408
22306
18522
11901
8030
11914
9675
4666
23953
4546
27933
2205
18420
29558
13090
3329
25642
26606
17748
14654
21154
8810
13852
17670
30523
18659
3444
29878
23743
9972
24453
10326
22138
27680
6680
24717
14890
26452
20515
18261
18249
12909
21198
20447
10867
3875
14224
12197
24147
28876
12360
10870
7418
16126
32139
8363
17049
651
7399
10608
19441
3087
24728
20170
14190
18453
24636
13776
7915
20852
27833
16746
1933
31346
22069
5795
11920
8976
3760
26469
10334
4779
25678
13091
1310
22249
27001
3029
31864
28712
15470
7041
2427
17975
13118
22416
15782
26767
16526
2146
31687
32429
25647
23058
21268
9506
8975
24380
31895
21494
5247
6855
21367
6125
4524
879
18883
15858
9004
683
21100
26368
26921
16837
4347
11817
29405
18186
7766
19602
4543
30570
27703
26675
6273
18799
19355
27076
6105
5238
22601
24769
26713
9056
17725
15482
28725
32129
12576
24240
21945
13066
11351
20594
25730
20022
10917
28868
9769
23954
22777
19688
19402
26070
2506
32148
12603
23107
6183
29992
16467
22492
10016
15437
22482
10387
1893
29147
3763
8969
30744
13951
30022
23501
6529
3882
29860
29337
26419
18199
15405
8409
10644
15051
13089
20773
22319
31706
1459
10549
32109
7008
22488
21731
31081
26772
19587
16533
4432
28254
27661
28820
30143
25481
16934
19207
6559
7852
26453
17383
11628
23862
8903
17146
20141
7497
17211
16686
27020
4647
22553
27468
29802
5172
6706
32474
25779
30796
12841
17580
20624
18834
19551
29748
29223
9016
27565
1343
9830
28938
23182
23469
12746
2186
1914
22491
32033
16488
12766
15615
29602
27778
24380
16769
29379
25054
16925
31724
22331
5936
11466
11386
2037
28504
15705
10525
16880
1715
23664
27836
22265
13576
15431
1108
1882
13774
32147
22181
8715
17038
997
16546
18639
6591
22751
2506
19525
22915
15494
7215
31214
13343
5602
14829
30497
15275
19745
4122
28124
13718
19950
28905
24964
13196
22054
10426
7033
19913
30874
6858
7268
23766
19064
13619
4750
3621
26547
20742
13212
17463
4094
28299
7516
31170
27556
27560
4492
29834
28795
31050
24235
12854
28747
16435
459
26175
29583
15785
19201
31323
10747
28164
21181
14350
29310
21721
3797
1834
13581
14746
28416
2343
26120
2514
31475
4757
5839
26973
13967
29453
27529
3851
18575
20867
28132
31566
31861
23113
13670
15814
3986
1902
12237
1178
26469
14238
12725
12834
19315
11238
26056
10458
17802
26470
22447
29513
3009
32204
10342
29940
20181
23249
26065
11165
29657
21894
18152
28344
24478
12458
29865
31654
719
15935
13011
23071
30224
6717
8893
15913
17260
6931
31037
31203
15322
9758
13391
31061
4888
25616
12337
19452
25912
4328
23024
23880
3431
20858
25436
31330
17606
12570
11839
10143
11337
29735
15768
21846
19063
23941
1200
822
10692
29005
12164
19058
13995
28155
609
23485
9199
4012
21009
12249
29882
6756
11905
29449
7600
20623
2398
4528
3090
25207
23173
28060
2894
11017
5602
22277
11039
24230
10111
16302
31526
18233
3796
6641
23725
21404
13971
22981
2330
26486
19435
196
24508
20882
28914
17970
26008
4638
23517
1132
24195
28194
25855
23358
2486
29378
31486
4270
19063
22961
12127
14065
17718
6053
30986
8655
1358
29025
1695
22875
2118
8206
23256
5129
3243
30363
9975
21414
15276
31715
5253
578
11141
23936
25777
15266
13252
16158
32746
29805
8686
14631
20884
21659
20887
1623
21819
14043
29340
9863
20739
15758
29024
3395
10997
2396
28979
15012
11500
4925
1066
17005
31533
8758
27951
7860
17987
29893
13596
749
5006
7771
5461
29484
22484
22220
12258
17651
16210
32639
13636
27500
596
12502
19211
25001
22677
2753
31251
4021
6435
17483
12852
10571
19477
3424
7894
4678
18389
3867
810
19406
15339
21194
6222
18873
17384
20114
31541
24556
15933
10036
28664
1790
14318
1897
22105
13185
7072
16206
1885
8174
7811
13068
13212
12423
9199
25333
23203
6354
27656
11950
10339
29413
8845
29045
2144
3321
226
24845
17846
10399
20433
4352
11859
5558
25021
1972
30673
24383
6368
10792
13450
12
28118
27813
12807
28133
22391
25069
987
28772
26226
31648
17227
26055
24104
19699
22108
28586
6232
23230
22239
30211
12480
9397
5565
21488
19579
8947
30417
13237
1472
13475
1085
10871
26026
6294
29625
5862
13822
11658
15179
15345
4666
28291
13860
14410
19061
5353
23190
19416
17722
12088
21442
25112
19691
21272
13586
30929
267
15759
32448
24650
29889
15024
2474
13466
21751
29952
26853
10309
31685
29610
16743
4273
24222
25468
16628
26834
27145
27597
19585
26053
12790
11013
18707
10010
5683
12728
29520
26586
15963
4448
3227
4236
7835
23990
1549
17823
17869
16853
11642
24726
25908
16261
18775
17940
27429
9067
27137
10448
8099
15331
23451
20063
3700
1005
30521
18798
9902
1529
2071
25743
9280
13591
7801
2621
30229
21241
12782
16275
26697
13320
2686
19691
17421
15398
10225
10329
28292
25091
11576
18035
13286
22340
7470
2488
28805
29767
13839
15896
190
13311
4177
24541
17706
31814
17614
21300
29804
28035
2962
19087
5768
22995
29612
1179
21253
25848
14657
17238
18967
30341
31731
30655
25637
5139
13825
23540
305
6823
26653
31801
17787
19529
26440
23561
16132
18464
18845
7900
18427
14070
23385
25381
20969
18224
30292
4552
1259
5699
10323
22557
12080
10960
12024
15764
25092
28471
16368
21030
14046
11577
7454
23488
13465
12317
11350
5993
24413
14300
12651
5004
23033
29537
6959
9296
4973
19092
4778
17418
27944
15084
2039
27110
10294
32033
30414
27798
11271
23024
29524
11519
10181
27489
15420
17743
30072
26502
19194
29869
27060
10257
5022
1330
10023
7257
14102
23417
19501
7508
7755
12115
30350
21980
29437
26278
7690
28507
10120
1001
29029
14913
28836
29133
11930
10852
24611
19623
32628
22835
29372
3291
27785
32216
5993
9738
11938
5385
2723
8666
21930
20605
3481
8793
15992
19099
24862
29577
12038
10182
31952
338
6083
25772
12268
5780
31185
11309
4451
16590
4412
7811
17585
5825
12863
21136
25181
22857
3195
5494
2645
12933
19032
30136
14444
29691
3916
31474
12907
30986
16458
4006
27027
24262
9170
7129
31450
15077
11502
18511
9819
13540
22476
2290
8473
29057
28075
5260
5561
11061
2641
31053
8343
28008
5619
15023
31913
4927
27117
30238
25997
29650
1765
22471
3671
24195
13909
27386
6506
22914
31621
8262
17847
21821
22521
25805
976
3703
5652
32265
28779
9553
19093
8279
7573
1356
9183
4749
8212
10131
14515
17356
4103
9826
19877
30428
29751
28354
16078
17719
14151
4462
3633
10807
28300
22496
32100
15899
4459
9138
12503
15917
9960
2052
20923
4466
3450
486
5902
24087
10178
7732
6547
14401
16780
15982
7881
7756
25546
22274
15054
22773
2997
20406
9914
25282
22656
9053
3463
17354
1784
6887
22559
26802
18871
20385
28743
28902
66
25629
18921
2313
25034
14871
10614
2333
18273
25310
1342
16804
29220
11942
6251
21731
15412
21625
7120
19109
97
23033
7012
23591
21252
339
5646
3340
14505
267
7382
27301
9713
12079
31361
18525
5920
28350
23329
21068
5711
2624
12017
18764
7215
23480
18168
31265
8487
1084
2408
24096
31630
17123
7478
26334
10149
16997
9519
6734
14304
19983
23491
8285
16198
20575
17485
15246
23600
13160
20023
17886
15016
7574
14033
5837
8390
24423
29244
12488
19038
6500
32445
19455
22147
8543
25711
27002
2785
7020
31414
30085
14057
6944
10108
15344
3942
16411
24157
19923
9964
15744
11232
21402
12695
23474
21952
2835
28684
10229
29340
7472
14803
18391
21359
29441
25368
24911
619
20252
27934
13767
26923
1835
15984
30917
21640
13032
17493
16063
31300
16789
28351
14057
6803
27170
2010
32390
15412
19521
4632
23932
18364
9058
26911
16060
28210
32467
26990
7749
15976
8503
2605
2111
22308
7298
1877
2214
12517
6721
4584
24090
3079
25468
9886
32294
5001
2249
23299
11841
18409
1414
29000
14734
4252
32739
25608
3801
11518
15419
27993
5252
21925
8903
17874
26609
16288
11250
14895
30170
1851
9880
20979
26221
11192
26252
22456
5905
27214
20796
10851
24131
18062
7722
22787
11436
24827
13381
26265
32056
25219
20500
14081
3650
15537
4681
3113
17165
21768
9417
2744
29064
27618
7996
9855
15968
23917
25228
13445
9985
15052
30862
29918
6350
27657
15558
6063
7526
23477
16436
415
21229
22004
31579
3742
22361
1008
9460
6149
1012
12388
16140
3578
12154
1727
23888
23827
22849
9565
2653
25494
20283
27517
27685
24812
24379
18637
26640
21078
18115
11134
19937
11526
7759
30405
28044
22941
28754
1594
25619
31876
13075
29281
15172
3211
18229
21497
2197
1479
24415
4556
10486
6921
23755
26056
15098
19285
27928
690
12234
8564
9096
8919
32148
9918
20041
13294
14986
24226
17385
96
23808
21159
4615
9536
24044
2247
8510
28117
10682
6141
31138
19666
30128
4657
3578
14491
25048
25604
26199
11639
14371
7524
29591
30896
12053
16288
2662
24281
15228
11143
27540
21813
378
27091
21082
12704
18375
11192
7005
22753
16922
11063
22860
7555
20137
18503
4490
24742
29298
10971
6928
500
23937
24886
13021
22649
23249
20460
31901
29956
3178
17557
18469
6821
29436
28341
7571
4018
31692
19903
10465
21956
456
9435
18715
7978
25436
5189
15877
13549
16021
28118
19876
11566
1951
18200
16422
13804
12052
27399
32552
31877
12921
24467
8327
16892
6934
29620
27711
26927
388
8960
30350
17900
14463
23806
5039
32539
21730
24535
30367
1547
10386
8664
20015
5260
5979
1937
6032
15771
9963
1360
5330
14595
25742
9371
25960
7711
24271
2392
600
31982
8843
16324
31417
5898
311
13993
6818
31180
23524
4165
26187
12031
6738
19163
13394
709
28191
8935
17166
3937
27374
11981
9870
27616
7356
26926
20642
11919
18227
20987
7062
14064
18622
32085
12408
9209
6867
2012
20187
8810
17592
15143
7462
26633
26799
2270
20435
7203
10678
6517
9347
19847
27694
25008
27150
23533
30042
8977
12909
109
7561
28909
27438
12253
15411
4956
14991
16250
32226
7167
13056
17875
10901
23164
20162
8089
27768
7348
10046
18370
4916
28448
10986
15284
861
18298
8397
4548
12620
22633
30349
19729
15368
23204
16234
2458
16654
20555
26326
25639
4102
20888
30561
4698
776
9752
8806
26798
10470
20185
9771
10241
28023
11946
17998
5787
32745
10155
17531
23650
6284
26919
26455
4349
21913
8515
7281
23475
23628
11933
305
7979
4472
21116
27401
28390
28606
13035
20663
31887
21069
24832
18325
6610
16777
27850
13792
28323
21792
17425
13755
24547
19279
27439
20134
4901
6340
7698
29260
13605
7812
28593
16271
15876
16300
12176
6899
14601
31838
19739
12265
19341
11039
4117
31949
30832
20941
28375
1709
19583
277
5495
14185
6890
3496
21736
14829
7321
7076
13540
3653
1034
8275
27467
31553
28610
24023
31786
512
30201
4809
8142
22234
24412
14900
30943
8927
3172
20857
6950
5770
31554
21058
9342
12781
11959
2865
21549
15764
13546
8791
18925
16232
10790
14062
19045
20506
11740
16784
10961
24187
14361
32545
8186
7223
8106
30367
34
20335
17847
3167
2074
31315
11943
4291
11465
23031
25976
29490
31065
17512
2229
24175
15859
27087
16885
22060
10742
1174
15623
20601
986
4634
9153
6390
9932
16063
25942
25135
12273
21447
11416
7353
704
17039
32760
22881
17803
1913
3946
22882
32618
22850
2669
27690
6406
6733
3432
16995
1804
26238
5131
18539
9841
20422
20866
27240
22228
12225
23067
20539
17107
4403
13448
27421
10239
30248
3459
16099
25129
26948
24901
5605
22151
6158
23140
26796
13192
21439
9538
27564
8882
29839
3141
25167
9961
4865
27603
23060
28433
8844
15733
15646
22943
19680
31439
15909
23696
4965
726
1078
15444
4184
27546
13923
32216
13755
9664
11600
23998
4697
22294
15170
21283
10001
30379
485
9816
1050
4360
9941
5872
26841
4768
29995
17102
750
7041
564
6024
2606
17858
7554
817
21517
21510
17269
30870
20352
17651
15875
682
22652
3535
7882
8741
7328
19315
19378
26495
955
21204
30874
4004
5986
14497
16655
18231
8043
7202
20531
4012
16152
19574
13395
11031
5769
1573
8027
5486
11940
23554
32250
22192
26110
16260
12474
23762
3170
13905
29541
7092
25936
30356
22958
4927
21920
8097
7041
15267
11499
28625
3132
27385
25332
11633
14570
7168
496
22327
25170
10633
25868
352
19211
11639
30795
7590
13133
5620
26396
23299
16495
17512
27650
8645
19739
28411
30397
17347
32212
12013
16467
14260
19715
22606
1625
22967
5223
21043
11414
7860
30254
13589
15587
15213
15399
1189
1792
3318
9699
10734
18338
11151
21731
21169
25705
1082
22073
32412
17929
28901
25089
3860
31965
2381
2041
16117
23601
16569
22155
8928
5139
29377
21506
14521
8298
5256
30848
27466
15893
26294
6950
187
10408
31914
19942
2141
24780
7055
5228
19083
7319
10299
4014
8546
18529
31792
2175
24534
17446
10496
31439
1875
22239
6132
13732
23106
30224
30381
7436
10810
5401
31385
13015
29644
13239
30862
23879
2719
31391
11625
15705
2396
23009
7215
7402
18963
20850
10989
10307
16386
6906
6458
26133
14467
31718
5033
1230
23799
23691
12286
32175
27651
13189
13314
4868
1160
30269
6431
25185
18538
28152
23542
21917
8017
29957
5850
18921
9265
3055
19591
11751
30891
8197
26839
6080
801
5255
659
25157
31009
31617
30674
24261
13477
1564
30619
17860
25529
23062
10090
5980
26745
12206
16025
29297
5035
24944
7613
1406
23172
10711
25185
13412
31074
27634
5489
26293
18739
31443
29271
31237
13139
23061
14726
3736
11433
16717
3754
8277
2118
13054
6153
2074
5154
2125
2816
25625
22287
31288
6265
23504
11693
14992
29901
12581
29297
29279
12524
15891
11261
4768
14801
10436
26418
26783
12590
29063
19972
16095
11133
32056
11294
25822
9553
21432
5265
8449
26728
6704
26942
11175
22493
20708
22121
11080
28008
13896
21822
18359
31645
7669
28161
30333
10160
4426
24917
13601
27277
9646
9044
5558
30656
17192
27575
19889
458
27651
21725
18934
20608
32133
30715
11496
19806
10455
32750
4560
29719
23611
28999
23037
11649
9299
22952
1274
26251
10622
26239
10415
29516
5346
8809
20795
26976
15203
3391
24554
1350
9371
5569
12201
23398
30046
3693
31134
22852
18076
30747
24760
5311
21670
8645
16301
8050
2854
5197
13615
17388
32432
3118
5427
21637
12456
29193
2352
21597
27729
13525
9409
6304
16551
5629
9746
27058
14509
25821
8281
1024
5266
6878
22309
18992
28878
4693
4150
25660
10194
21230
22612
11206
5220
397
23587
3107
18026
25145
32067
26622
4220
12984
1267
15170
6599
621
30752
4489
31473
26625
9060
637
16527
6792
4330
13312
7766
12166
4244
4359
2632
26409
18229
25210
9241
11150
24398
19686
15004
12157
32515
15081
27655
9179
1204
4064
3131
27318
332
11306
25666
12910
15922
24280
24006
15863
25185
22951
15283
1899
9117
17423
27761
8165
29022
6105
14913
8988
26276
9354
25297
10235
5770
4900
10030
7248
24635
6324
25183
23894
24468
30781
27063
21135
18872
11218
22749
19678
8016
18195
18456
8754
16234
14731
9167
31286
8273
24911
21961
14645
16913
24961
25069
28918
21801
9664
18626
5864
13637
29383
10840
4517
22156
1326
16004
2090
2724
16072
13897
9988
10838
13866
9158
2652
27805
24260
28369
20383
27175
6533
17363
20745
30432
14632
13950
4854
22514
28411
22350
14123
21078
11549
2147
10107
22371
1124
15999
7176
8524
18165
24608
21109
4779
22227
26036
1147
17703
31451
9988
10122
18439
26703
28197
10295
19189
3137
17993
7394
15772
21563
13626
30343
1493
10833
26814
3495
5246
2657
5462
14872
28893
22133
5870
10007
18249
9562
17364
6535
5420
2964
8797
3559
6520
21574
12343
21436
4348
25901
29585
8991
28440
26735
3083
18010
27009
29532
29156
18160
30996
22442
2253
23535
2267
19304
2293
11087
15334
21868
10223
11042
14714
18304
8044
10584
24885
6004
26867
11099
13108
4980
13230
21246
15752
30424
23534
21034
28054
9668
23596
16898
4931
8859
24721
14566
6666
18220
29731
2888
5495
420
30027
9137
469
19568
21915
16510
13410
31938
17857
26695
22429
2528
29485
4982
8092
2807
20864
27618
32300
8003
14746
17952
20241
23725
25654
11690
8440
19382
26657
19544
20792
27638
22007
26560
587
5500
32289
26452
22034
23318
13501
3711
32405
2289
1674
2845
30835
14628
32112
7885
7072
7057
5576
10880
20930
21383
22888
19863
3353
31411
2260
14848
5225
22213
17565
19064
18794
5342
20579
5062
28689
23637
12968
9849
10587
10041
9903
10841
30123
1444
21908
31508
19654
6745
19343
4300
27698
19832
4107
8562
14074
17443
15334
6287
3330
26944
32658
17398
13703
22259
16092
17411
5684
17375
28821
7549
3687
28328
10367
13898
31137
8421
6410
27069
11617
26501
10456
14216
28019
6082
10246
32003
3971
21851
15890
7960
31231
18094
17199
27274
17885
10041
3966
20085
1256
4240
13536
6034
4796
17918
936
16228
17269
7943
3463
31523
7063
17401
7927
26420
10100
12202
20840
17538
4640
5471
21390
8191
23898
28763
21209
1999
5003
28462
3955
5222
23155
2144
16085
1800
3110
7732
15278
14985
8354
4310
11441
21916
14708
9153
20382
22433
9192
14057
18300
3496
19347
24576
20313
7439
23853
26153
11416
19723
17188
21034
13316
29799
10786
18893
25530
31807
8456
28800
2653
17432
17935
9399
18672
6687
17343
18798
2985
25477
11838
1787
4485
17993
14998
25992
10956
12898
31328
2704
31521
4392
221
5892
32231
21044
2120
16086
27439
15226
22367
7406
20197
2076
17410
20586
9217
18051
32241
1047
27523
2878
28644
14754
28954
16542
27687
5089
22205
27009
13462
696
17315
25913
6707
3292
14732
13131
21686
14247
26935
30481
18315
29119
15590
16387
3033
23223
30947
16355
26910
3335
11005
5010
24328
17207
8884
25244
11166
20858
21499
19123
22859
16716
32569
11703
28935
2644
17279
30442
6789
30583
7643
13791
26290
17091
1435
21540
20762
16760
9171
17621
24808
8950
63
15490
15913
13223
2137
27809
27981
5730
5399
5094
24903
28340
16614
6748
8307
2491
21830
1359
18247
20796
1138
421
29541
19188
3466
9476
12320
27285
7071
17918
14055
22709
12264
25670
26200
19927
32274
11375
3554
763
31263
28787
12410
6809
7717
32151
17999
22139
17297
31629
21280
4499
14931
7476
27978
5086
32160
18464
14289
13112
26682
30468
9710
16569
11221
9057
20779
4199
30178
9350
25634
5514
14940
19865
24749
25211
22540
23714
27139
30796
13723
3989
24405
14349
8576
19403
27778
16761
28857
6605
4134
12873
23618
1108
21326
11319
9622
4318
9962
23919
706
30059
6677
23847
31847
13316
30549
17721
17246
10155
18196
8150
23013
1337
19688
3001
3566
10779
12386
21870
38
19038
22849
113
22984
20971
27112
22043
1717
9720
4374
24455
28267
15008
3170
24128
18005
27670
23463
15795
1226
28344
26063
32720
32036
27328
12432
28154
23565
6635
20131
9980
124
30603
29344
23752
3078
25058
18998
19761
767
6222
28918
826
1453
7290
13981
32123
17754
1499
25544
25781
18546
27126
7909
2724
19017
22618
23047
21177
6509
25728
2660
18285
32645
14905
26341
23543
14442
23854
12862
29454
26857
1930
21832
17204
32043
7743
5
22360
4263
3272
1675
7685
15687
30163
9790
23789
2604
17465
10320
19750
32033
25186
29581
15907
7288
6380
1409
11269
31560
7744
17372
3784
8119
11414
26111
6101
20882
22147
985
21839
15306
22680
9904
3524
1407
19606
214
418
14484
5495
27589
6784
20016
20585
6121
19498
13030
8480
29207
15166
4524
16399
7402
21061
20861
1036
15650
15043
2079
3283
30339
25958
13173
19212
18995
549
24569
733
10749
1493
6822
2488
26683
12316
17302
6699
27053
30571
1434
18627
16443
13237
7328
21978
13673
969
3443
9271
6256
32437
19335
8220
12620
343
21436
28101
9040
5911
1379
2927
3918
18929
18619
13055
6299
23336
29271
11390
16158
26682
30731
6078
28309
30733
16964
13362
16382
23313
28971
19971
22773
22183
4303
40
22513
4006
7153
4901
16969
4553
12683
2829
3047
832
28036
14316
29341
3388
25655
10877
3167
18840
15380
27400
27749
4229
2287
22987
10206
24842
5654
27990
19578
27836
26346
19141
26653
3584
32542
15447
24900
29736
3070
22570
24270
30055
26633
27193
16133
9545
13808
11103
12695
25787
18484
10154
26665
12295
8432
19885
25599
8852
1963
93
18287
7237
13048
17801
5973
379
16289
24824
3696
32060
7208
22269
3633
2508
12396
17200
1136
1924
9792
9626
8438
29052
4568
31323
16140
18602
1413
18157
17145
15609
17807
3905
28115
2687
11729
29995
30838
16987
19741
23868
26317
1465
2798
4193
25725
752
16624
17506
19342
30183
24010
8671
996
8687
10451
21526
9916
12592
16586
10647
18640
14727
10140
20375
12070
1145
28866
5123
9258
14514
7486
18793
11076
6860
25747
19364
21333
30582
17546
31451
2931
4519
18343
22139
28194
23100
21234
25310
31422
31521
28818
4284
19657
7071
22567
9041
23146
20234
18067
11911
1850
17449
692
22276
3584
28112
26901
25844
5194
14827
19922
29028
680
5607
27760
12633
16085
19115
13943
14406
12900
12001
31650
1297
27999
25440
123
26447
23905
11863
19955
1790
9070
9941
21023
739
7054
854
167
14917
349
21035
7501
21812
13125
18765
3920
22827
16142
11652
8126
1338
12529
26188
1942
9689
32120
6422
14265
1942
11453
23465
2089
14901
25507
7276
32292
24816
30793
4648
28670
354
24344
17610
16215
31076
19754
23191
27942
20858
28292
6846
18764
5766
13589
9021
2484
16975
23723
9653
16042
17741
7431
24606
9101
28838
9586
14751
20968
25985
5143
19030
19564
2598
25786
20032
328
10407
715
20211
23281
20864
12621
12904
16832
5855
4369
25144
39
9145
27674
31266
9690
17249
29756
23738
26864
6002
27680
9218
13133
11583
25769
25827
13540
19267
19821
12345
3895
8322
10989
803
25068
3883
11214
3614
27155
16704
9952
17715
1235
24899
19108
20459
32534
7243
21916
4307
27407
6073
11578
22958
31112
8894
21390
31150
18508
13417
7237
24580
27015
27695
31430
29290
27315
5418
1921
4596
7800
5338
7418
30708
20122
12926
23976
20950
11013
19273
1614
26522
6639
16846
11461
14556
1755
23154
10313
3746
20596
6302
659
25818
22253
8211
13040
28007
28944
10052
31802
10380
31732
21238
16744
26939
28975
25336
9964
31518
18643
16627
26957
3238
2505
26690
2849
1081
7428
17028
10410
6277
19504
4763
16247
4329
1825
5617
10266
29656
738
30235
22803
30725
27703
22223
30060
27922
28819
6524
10725
21829
24766
4165
30130
22362
17159
26352
20511
24071
3577
16427
18286
10262
2818
18950
17691
25363
29925
2150
27145
9090
28594
25579
25373
17003
15698
16529
22584
15199
20506
14950
24611
5028
19894
12733
805
6957
24830
20759
32560
16813
19376
1067
12367
7282
5856
1902
29655
5956
16137
14493
6164
19756
30073
13037
8181
19913
29858
7002
12673
12659
31515
9020
14722
25841
10544
28954
1093
21214
22182
21238
4146
21600
2214
17488
1668
21616
6876
9176
12324
26884
28882
32288
2417
31626
26358
724
3930
26795
7237
8058
19687
16784
23512
1190
6651
3663
19135
27113
25142
1819
30251
17653
26448
2450
21153
2193
21916
22252
8893
3190
13126
14017
5385
24005
29416
26814
24222
5953
18036
11366
1073
8052
31530
19620
10708
17804
4622
10768
6603
12517
5933
25720
7429
14048
29341
30797
16963
4893
26155
16413
11867
20575
3541
15366
17229
22816
12568
29670
22738
6724
8953
6427
24090
23008
12771
24247
13277
11614
20837
19692
23451
24223
3872
17686
5258
29868
11293
3972
22185
2098
21169
10742
12255
24517
25463
20054
17745
27939
17328
23318
22758
6392
29628
28841
18077
2230
26800
2278
17087
2714
9669
6001
14728
15774
20249
24388
4900
2616
362
11559
9886
9479
27966
17827
26271
7516
23828
13132
6725
7138
12309
22100
13397
2949
20777
6776
25786
26822
2212
19742
21974
29553
17660
25782
27012
30040
12328
31025
18609
5774
11059
6543
8334
4572
12599
1833
17568
6336
26026
8742
21167
6606
7968
3608
14867
14018
2049
8446
6841
12837
8916
10013
25650
14708
8475
8107
26904
15750
21638
17104
2152
19719
12761
721
23503
27196
18769
15480
4573
13898
12246
14346
29135
17479
28269
14767
18421
4176
130
17219
30458
27792
1933
1660
27111
25815
1697
579
2944
25393
32269
19596
23
17730
28222
21498
9765
22723
27643
13399
16736
3586
31651
6746
5617
13217
29595
10814
26030
25676
1250
32360
19152
14226
27830
6032
29778
10439
2729
10453
30222
12302
16126
30153
32704
10854
6306
17930
30929
15274
27758
5910
14545
1361
145
13390
8727
31392
12995
14637
6862
3155
31182
4219
9886
25011
28307
19806
23296
7843
26970
22346
11495
30213
25723
17165
16600
28045
17906
2054
24467
26065
18742
3725
19387
17074
21795
25662
20529
13329
66
4898
12007
31007
26787
22074
4860
20300
19991
10526
15244
27071
11095
15577
19182
8117
17933
8457
1394
30704
29850
4763
25002
13329
8461
13291
17757
30829
31657
14
28842
7243
3872
28574
27238
31414
10171
8407
17034
31098
6583
16530
27720
22714
12010
18425
13237
24119
9329
23538
26988
18876
5006
13482
32762
15209
31076
18763
26477
9999
1196
26529
650
29580
13440
1611
28830
17596
8961
1418
23079
29769
26972
25049
23348
4502
24497
17239
19552
25820
8310
5642
15537
22574
112
29551
24095
14135
3342
15039
6250
3583
15654
4658
50
23242
17196
13460
1704
14520
32296
11083
20464
18071
13077
29059
18501
2359
9724
25710
32525
6049
11748
7414
10275
2992
3644
19726
11625
31096
19189
25889
25103
4318
920
6184
26308
1930
28975
20075
29757
2906
10286
22063
29588
20916
4651
12734
9151
26383
10926
21154
2289
10672
21536
18764
11999
609
6511
30602
11950
16436
29689
18510
11768
20682
15798
13152
3595
21413
10719
23911
2839
16958
4794
26553
860
32457
22653
5917
25792
25330
2970
719
6546
10420
22122
26807
13533
32032
11111
20020
22783
5516
28973
18848
15762
13203
9406
17892
23878
29859
21933
1176
13677
2269
16571
7737
25061
20979
4838
16285
22251
14528
1948
12028
23449
947
4024
2921
30976
5996
18676
2558
3030
32380
3662
15941
28342
11396
26727
1197
2666
28521
24599
12100
25285
24526
30472
16144
24226
21446
4072
15481
14134
11820
28282
13388
6753
22794
9673
8202
17596
8060
491
5246
23533
30507
12801
14367
20875
3962
28470
15598
14333
28114
3086
21640
25031
17569
32195
29937
29081
22380
28781
1599
25309
32514
15278
32428
10879
30872
29030
9205
6288
26526
28340
24965
19399
20650
32551
7442
26451
16296
31212
13148
22267
22251
8902
13765
30901
15586
12013
28678
31995
29275
18537
11361
7866
13232
24356
22602
4353
3073
4314
5866
13976
29953
28893
18873
4763
21520
21122
18400
512
21270
2185
29499
11762
24101
9651
7726
3946
20687
21633
30190
21260
12702
9601
7128
32429
7153
9100
19939
13384
24275
17181
6343
105
9643
15143
27832
9748
11802
19677
23234
1918
24047
24943
16239
7140
3867
22808
21214
7920
12369
2665
24504
14200
4493
20834
20267
682
16864
31228
965
20176
4319
12126
5049
14030
22993
12284
25312
25301
1991
1020
7944
8856
5970
23524
6191
16705
1945
13688
30025
14240
10349
7572
21537
30128
27665
13069
29444
14419
5494
8941
6541
21874
15084
8901
21992
21279
3528
10150
31532
23723
16318
15245
18251
14570
9236
30000
10335
11278
2794
30718
19648
27530
9264
31544
24129
921
11124
30536
8044
17706
16368
12977
24173
15924
18207
27830
7812
5610
28802
25824
25215
28089
32051
21730
19942
20771
25784
18511
8525
31867
26079
12844
9091
13598
2045
25388
9730
16064
8674
11349
25307
632
876
18701
21238
16121
23115
29660
23554
4676
18340
29375
8379
16274
21620
3385
32592
19110
9315
3106
11748
29047
2391
19631
26132
13732
2770
24245
13409
19554
9527
2580
10390
26443
4955
21595
7221
14404
26940
21619
23275
8153
9431
15156
8228
13905
4579
122
11326
11926
27844
4403
381
21286
21088
28372
15332
5530
6465
29410
26340
15575
31063
28631
22521
23349
32591
9585
17804
16044
18596
29515
13018
29635
24279
26537
11777
10197
31111
11432
4581
4048
24776
12631
14383
5545
13662
29862
27984
7957
943
17116
22379
10442
17322
6532
29479
264
3358
14145
13658
6432
20690
13912
23305
6077
26287
26659
10392
11778
32597
11036
20140
29795
28682
31973
25655
17431
1970
17264
16578
25214
763
3216
11002
15694
3713
16535
16866
13101
20460
28094
3047
26411
24230
16021
7839
5632
20731
28612
6576
23621
32558
2977
1654
11073
20584
3571
18792
7132
32695
28676
15686
7918
31776
14439
21891
10579
13253
14613
3292
21297
15553
21753
27456
7017
7401
10646
13328
20973
5617
3600
1210
16949
8367
21175
31856
31550
9381
9866
5552
32191
28928
29234
28342
28752
12636
28303
5963
11671
8293
19197
8614
17817
8077
20898
28110
10707
24
19831
25295
4275
8457
8935
2769
26134
10565
9127
15552
30377
30517
24114
31070
10416
3996
32287
9557
1632
18603
24669
1305
21223
5948
29186
32382
4780
12074
21611
30662
18929
4958
14743
6287
16074
17176
9936
23225
6808
22534
20084
31149
4186
29055
14753
7496
26781
28673
13017
17062
9674
756
24677
16495
16394
727
12366
26373
15227
2142
10912
30544
23881
10111
28512
4562
9051
14700
30960
20837
23124
335
24347
23220
10898
8036
9156
9121
7225
30310
5909
30440
11150
6852
16436
6976
20774
11295
31399
14078
22278
23604
7710
12320
3648
10179
2295
13678
29799
26473
5835
14465
2203
254
14126
16192
24807
6105
7355
2632
26888
14350
26770
32048
23680
8428
5311
6136
25084
24883
11225
22209
17753
24505
6719
24078
9409
1530
1211
11034
2731
14571
15033
19408
15024
4084
27585
744
23733
20828
28110
21835
31268
59
10550
8755
15880
4369
1984
29402
25307
23277
30220
4422
27109
20250
6009
1746
18768
2906
18528
21352
24313
16981
29495
15370
32559
683
1907
8164
12680
21980
20463
23096
31509
986
1294
19896
22578
17454
17323
8076
22850
28822
18170
9564
14585
30610
594
11101
2481
25577
8028
3772
26088
14601
11758
19863
32151
13601
18808
2159
26037
29075
1656
26978
442
28184
776
5809
2933
5802
21898
1513
13858
6691
23838
21408
7243
11133
10509
5053
11868
27100
21027
6344
28253
5926
32351
24729
28190
18751
5958
20181
9728
28191
13953
19250
2396
2735
24173
22287
18204
29840
9607
3395
18129
29751
32613
30165
8777
23604
5126
22523
19848
22158
9959
31786
19542
19007
9669
15081
27889
4197
10097
3829
10381
13945
31224
15729
16427
23660
32708
30368
15991
29330
8528
8059
28748
12467
7087
743
31803
21369
9824
18085
25935
20463
9635
4727
22000
14185
16309
10067
5265
19805
11786
19730
3993
10559
6668
28580
23694
23250
18199
7414
14007
31577
17252
14182
19676
7247
26490
19645
18603
28974
26591
27087
25563
20582
7559
15221
12788
21443
17208
27798
16268
9825
1537
8815
11576
30860
2991
22554
7209
31016
6133
31891
2995
31039
28733
18561
9460
29252
23340
30323
9723
19715
25220
23101
14291
27766
19627
25437
30934
27906
9248
6967
2949
9433
2764
5749
15609
24061
31423
4378
23270
23739
4481
10383
3655
18871
14757
12501
10025
8173
16689
8519
6800
13812
24848
177
23599
139
26297
9170
5232
30798
8596
4147
21321
18649
28842
17880
25952
17982
29572
36
30445
8980
11876
23761
13177
6873
23320
31493
16103
10488
11639
16391
4163
22783
29571
4805
14151
9018
11690
15826
6776
30646
2538
1488
29501
3554
403
30889
7096
3354
6129
17034
15793
31209
8211
5098
6452
6889
25290
25093
8843
17651
10939
15753
17296
7764
4138
24216
13896
21899
8849
12763
15891
18961
4112
29923
14098
14487
27195
8582
28335
17970
89
787
21953
21755
16551
14069
18800
28078
31848
16316
21232
25286
8127
9264
26630
2536
21031
8855
24605
18762
15842
26756
13447
17387
32167
4903
25538
285
7451
28761
25471
31606
23131
25992
15358
15853
9850
16360
23509
22145
21373
8101
3561
21296
4006
20798
3706
13279
5049
30725
28557
19295
29771
30037
28638
30590
13268
14254
21176
18286
14916
1531
17175
4403
2245
15907
31388
24565
32558
16573
20693
8441
31682
29538
23818
18169
18753
23336
25362
102
22927
2360
10156
22298
6254
22586
17812
29793
547
9975
16707
10939
1715
12298
12743
8818
28555
26719
21460
25143
419
7360
25701
19204
13993
18830
18263
18140
4745
17074
9517
13313
1715
13022
25409
22003
14376
1786
11767
22652
12733
30970
24455
19955
1964
7135
3878
3476
26820
12891
30504
15647
8828
7430
13114
27083
10602
27382
22031
737
10166
2492
2199
11087
3315
10622
17380
29605
4197
25909
9604
10680
22272
23323
3095
27828
1044
6092
31203
17027
12677
11712
9209
17499
7309
29174
19613
15967
4085
5947
6478
16010
24370
29735
26103
27873
3527
24533
15286
13846
31312
10387
8638
13848
9860
28858
4077
3135
25605
16510
17650
7179
20345
11540
15068
25106
14758
11960
19526
27178
19475
14856
32717
13803
27651
5556
244
10149
31076
28755
24080
16925
29665
11203
20888
21382
12391
27970
12034
4553
26962
12142
27413
5457
3009
32360
14115
1398
19175
8893
15810
15957
12658
24701
25505
10064
21551
4354
20194
637
7465
21104
8772
15409
3755
9160
29809
963
16613
16522
27566
18824
29203
7489
22574
6876
17592
14067
9362
22135
14541
4078
8032
29844
290
7638
4225
11512
26776
16859
12981
16765
5056
25169
8235
22155
5445
19487
20757
27330
11573
9327
340
26340
5772
7480
1983
28699
5443
11094
12149
27422
20367
15166
14153
24007
11619
15516
23093
12576
3737
20271
32113
17771
23966
30488
15679
21660
20435
12323
18584
29070
9801
5765
23518
30887
11029
9859
13818
6314
4631
24331
12424
17825
1689
32148
5570
7985
27085
25694
32535
18867
12808
11498
2821
25959
29053
24439
20489
675
22141
5196
17254
25849
5509
1479
3810
10364
624
18098
10103
9262
22660
23575
10010
1386
4952
29911
21371
6051
13285
15017
30825
767
25774
4888
6455
14742
23326
12851
23523
18735
16743
31097
5554
11605
3557
7122
25693
13939
25678
12683
21263
30330
25431
28189
18751
18980
24925
30515
20494
12125
10211
10830
21792
30414
26668
27292
16216
3319
18995
23927
5227
7371
15251
21509
21602
24519
30920
21672
8589
9273
3448
18478
14459
13029
5283
8898
31752
14486
4339
14793
26541
20385
17755
5861
11368
13854
4375
29048
5268
25270
21048
31272
29502
15832
1530
2663
773
15483
16841
13746
31018
26855
9839
27933
30484
22006
4875
24299
25220
11443
12026
4560
1799
20233
21044
30278
11350
32294
20214
12342
19826
19317
18008
1532
28318
17743
21140
8563
13494
6696
11752
30415
7149
22521
19859
6195
22654
15968
18082
20757
18583
16373
18088
16847
2542
15254
16578
20883
13889
14721
27775
27686
25621
9377
20102
32686
5016
11530
27735
9484
25791
27729
5931
2178
6585
4976
23222
31184
10093
5693
2822
7429
12128
21768
5476
3914
5244
27328
24786
23430
2734
6528
12918
29195
12574
6022
20656
20604
30473
6230
18066
20886
24047
2606
32401
13144
29212
20080
13921
22849
4222
25754
3325
11246
12511
24452
765
30113
9420
8347
8295
8793
2080
2743
26081
17974
29397
6012
1440
14462
24681
4652
11774
14762
3135
15529
7334
173
3554
19981
436
26367
10568
20841
27504
12709
3458
13213
3860
20363
15492
27982
32615
27678
22624
23539
26367
29871
1043
10621
16360
11182
4559
31206
14498
26171
8156
16284
4291
577
7075
210
7196
9326
23189
21162
6731
30372
5268
24345
10453
7765
30707
28596
11187
32355
17911
28158
18449
27349
31908
32721
8579
20925
8626
13040
5145
31744
31198
3973
5615
27634
32376
2672
8927
17878
7610
3991
31946
20003
18765
30831
18086
911
7365
27987
6461
24928
6543
13288
11128
4140
28712
19998
23694
17108
29258
32757
29441
19761
16986
24301
18481
27146
30009
11742
10863
12959
25951
746
21454
17825
15593
16753
11925
23226
4526
10607
25592
32115
17502
13068
5308
19951
13744
1296
22545
17267
17873
17323
17547
27319
1209
1681
12401
1239
10677
3677
27856
23635
28933
25497
15619
3996
23751
8737
3272
13425
23431
3970
5886
11498
27653
8761
23838
12217
20386
17348
9200
11801
11179
7440
19258
15521
30133
13442
22640
1559
26820
16760
8560
19494
8438
24494
15298
10459
15552
23395
44
18431
14822
19888
6323
18581
23423
6199
6120
4185
31414
28826
19953
15286
23301
10470
2204
31176
4021
7857
30419
18718
10314
21295
3666
25587
17066
7283
14508
23283
18302
19970
11970
25196
6654
1887
32083
14406
5741
17385
395
24812
10097
2636
20631
29130
29036
13810
22898
30826
24590
10500
20888
13923
20960
28658
13466
13125
21049
7263
23201
15701
16719
20116
6891
2673
9946
12696
18504
6331
5739
10012
9856
9908
12953
22094
22836
23635
28545
25224
2842
23610
12433
16576
30575
7286
13881
14548
18656
5798
15567
2996
16470
8337
15472
12521
18968
13869
23427
1194
27745
22181
31804
167
22316
5678
21619
15751
19848
19227
5436
20870
19933
49
4464
8038
31651
20593
15300
19559
2280
25704
11235
9809
28452
3152
21340
3358
31194
22462
22651
26953
20409
27776
1897
10743
13637
1659
7941
3668
23522
30808
21590
10397
25034
28862
266
15937
806
2833
11573
31932
376
23940
25086
31837
1173
7361
17186
1854
21430
2186
7835
24112
4303
1369
28948
8729
21377
27545
14135
4331
8305
17125
21821
31364
27606
1499
5569
9988
6989
25620
6116
10317
2877
28589
14294
22897
8223
9620
28316
11704
70
5498
14740
5175
29018
16486
1295
12481
4890
5485
31566
247
22155
27943
16702
26489
12748
19724
4414
14447
26360
25451
31645
12819
13178
22748
28313
25774
6325
20800
25346
28266
25930
32702
13781
26625
22630
9330
7373
29308
13643
16229
16883
93
11049
27853
13339
1681
14062
17329
23642
31167
29549
22692
15599
31934
29759
9047
19348
14836
13565
30914
30746
10913
5930
9320
17623
26392
22051
11104
6613
6896
12965
31241
29304
7005
16139
12019
16885
13772
32309
26191
18404
18617
13806
3945
7294
21306
32104
15821
30261
13530
23733
28383
15638
11030
12403
10909
16692
8337
7381
3603
7182
4798
8658
5353
11779
19382
13936
12352
10009
13511
12127
15658
14339
23676
18176
16348
10839
22882
14525
7975
13544
2668
18106
22393
7093
7068
18065
19285
15927
21245
15850
32633
14507
20506
30765
5993
10488
13080
5096
26677
26105
18714
841
25423
9692
24367
32329
6900
24270
20870
8506
14343
594
4749
19489
7492
20949
19228
9009
27151
24406
2132
19856
14553
10955
13255
30266
30324
32193
4454
23937
9888
20389
7891
10877
5877
22228
31614
24238
18013
20683
4383
19800
6550
3894
12660
10144
5527
790
18804
12722
2459
3611
3780
15256
10338
7444
19224
29724
24906
22331
19559
19001
10416
17527
25682
7489
13300
3588
8027
6464
12787
3145
1879
23594
21703
13661
21165
20117
14159
26494
12005
24094
597
30607
26866
3832
16877
12631
22172
32754
14731
17036
27998
16798
24344
20668
19896
29368
10468
16279
13591
13992
6197
26391
27578
15532
32070
8979
21146
27976
2937
25226
24864
17458
30707
16078
22479
32356
10170
16132
3915
2998
10537
6832
8416
2398
28661
17886
30595
25461
8063
3544
9155
4248
24460
18044
25444
20343
28838
18683
28905
16947
18162
26315
29540
26779
6139
26465
29954
28523
14188
1656
13711
4632
11071
19387
1213
16596
25867
20001
2446
24357
5145
17575
19629
21660
24128
697
30204
14885
22189
17796
12537
12799
19820
16251
30927
25547
1222
11080
30701
14205
25690
1903
23884
3729
25633
988
1856
15765
391
26191
30853
18088
7831
15634
24768
32321
11536
22139
22557
5231
19417
18941
1643
20731
15201
23957
2946
2649
12282
24610
23512
31640
8275
31180
13388
7546
22396
19345
21204
15023
14429
8116
28214
29584
9052
1905
20307
15667
2704
28780
3201
28072
22339
4635
27040
13571
364
21941
32237
11334
7944
31450
26481
7484
31759
13537
17138
19071
26413
20762
29717
26724
6212
1467
28774
10443
15003
17705
30409
17191
24531
4447
28793
27986
16697
24836
28204
28237
11786
20818
6154
26197
7368
29087
26168
5841
11834
1662
8189
12448
27307
7599
12659
28611
14256
13177
2921
23785
12426
18054
8032
13642
7269
23599
31070
29823
8700
21152
31613
18437
18571
25311
23910
29090
9871
24598
21238
32580
14595
10317
20664
19245
10117
5183
16044
9060
25128
2239
2308
3607
3454
17673
10302
26598
5786
24237
13523
17556
26777
14859
1729
19226
31798
24852
16213
11053
32178
13952
18830
29366
28321
5006
4354
17575
11493
12441
13362
18885
16851
13791
5429
28184
9039
22673
15341
17686
27016
9633
13279
16094
8894
293
330
28389
14669
18877
32592
8841
2827
17345
2109
8016
1031
23552
30816
1496
23871
6248
11756
7457
20835
5648
13241
17772
2135
14337
15435
22895
27853
14738
20205
9914
7688
12465
1532
19839
28220
6267
28932
3026
15425
24458
14972
29343
29762
16298
7024
796
12343
802
22775
2884
13624
12887
5151
27696
21209
31690
9249
8218
12320
8869
30381
13855
15595
5175
28877
734
13104
4177
3708
18685
22068
5434
26761
19962
20656
15532
20553
12238
9950
14070
31966
22142
29008
9586
10828
17146
2230
30952
28964
8756
29954
29379
11611
28142
7726
16534
26865
17265
31543
10608
26179
32749
6658
5032
19605
30008
7974
2
6125
21849
3424
8401
12616
9523
31009
14281
17316
17212
8824
31699
4134
21952
19433
26288
28168
16520
20365
9408
25388
18859
29310
3154
14434
18115
16349
10132
9407
27506
4043
7261
10862
10424
15348
2719
12034
21087
12241
16392
15801
11144
29865
27271
20845
15069
27164
7758
17240
14736
17149
21668
18079
18343
32320
18938
2619
1577
32191
27305
23552
23636
7515
18101
1846
3624
22546
13460
5635
2217
29231
21252
12192
30547
29482
783
6086
8303
22833
18612
15076
25047
18770
32071
15436
13122
3991
23597
29328
29445
21108
3001
15158
5929
11140
20554
25799
26820
24232
32109
18673
15805
17447
23314
29391
29462
27287
13651
9431
2511
16784
20593
31785
13452
7507
18375
26656
28059
22231
30062
29730
9893
2119
18504
10894
8375
1929
31833
1248
24664
23116
7256
23203
13057
22762
10007
30
27341
21708
27413
21209
16140
31679
27444
23532
272
21908
12070
18230
5476
30917
2212
20064
32338
32709
1926
1572
22981
2679
16047
24414
26034
19699
8092
28855
7775
19326
24555
16272
32331
9889
29881
15022
10659
13547
19076
8004
4896
19344
5620
14376
4646
5296
5534
32312
3302
31399
22325
1186
28471
3646
2282
19482
29029
17217
19177
18279
28486
21667
23245
26297
2875
8763
23575
20940
28493
411
7934
19163
29054
10013
14881
32352
27729
13414
24577
19080
28911
29311
18451
15364
3119
23252
3311
16596
18010
29687
1792
16464
24906
12484
26365
27878
27555
21035
21816
7901
9502
18844
7914
18649
3326
32382
15520
13266
23256
9166
31610
1126
19830
12209
9253
10837
29906
6095
27248
28145
3856
10892
10476
21248
21617
4523
14161
23537
8784
1796
19461
15014
9943
10527
2992
31998
6130
19809
4478
2401
15255
29020
10292
22504
19598
14002
25084
9919
20228
15960
29256
27123
15214
28867
1877
417
4887
24832
30649
10892
7283
7712
12538
6632
7510
26309
3083
6712
32338
26204
16037
767
22048
8706
30917
29939
20484
21205
13199
3203
21840
21202
23284
13529
31963
11767
21548
10151
11342
30807
7955
22337
32352
17995
18574
15554
29190
22850
2465
18274
19420
21644
18030
8199
28200
25000
21789
10052
26774
26746
25760
3273
6153
16063
3334
968
18272
14511
8204
31553
11045
4195
15039
26856
13046
453
29313
28202
3469
10586
10196
2279
26336
19390
9478
28193
16670
10066
8620
24100
20954
4715
24524
17458
24111
10821
22449
15067
26095
7120
29067
19027
25575
26054
18055
30072
32750
12548
2970
30821
26911
15605
10126
30090
26656
31504
18990
3247
24254
21513
2595
4634
18235
2126
2530
394
980
29334
29750
9627
30999
13582
26142
31457
6076
7642
31315
23756
12922
18755
31498
23102
3210
7748
1474
1679
11377
20629
21282
22907
1085
9622
11980
7165
14439
27657
9344
707
23465
22778
20777
24868
11295
17141
11207
26583
3258
29836
28977
5527
31930
13850
26163
15730
7823
4025
2917
3116
29994
22394
23450
15714
20448
18809
3797
11726
10699
23286
29495
21394
8791
4445
10226
4083
22654
17612
19221
2950
15829
10628
24568
17798
1481
11668
22315
19523
6007
30377
15547
14274
17855
9385
17959
15882
3018
29544
30897
5928
8156
9138
12635
19471
26041
29717
13409
21687
21841
18746
3090
9492
13837
4874
18571
6203
22679
6464
23670
25568
29076
16829
28043
21679
12612
28553
16294
30359
12768
22846
15129
13361
10440
10089
22508
12301
1507
613
20964
20184
19270
20597
20700
3121
3761
5583
9642
31648
31990
2599
7907
12594
1640
6068
14360
27550
21495
28556
27335
25871
27890
5278
23415
19636
17154
30650
6120
16761
24307
10467
18854
5640
29311
26184
16606
17852
15865
2542
14009
29640
962
5003
28476
3194
11328
19038
12879
13745
29589
30959
11736
29387
19728
23157
19365
32137
10394
18868
8232
16674
32510
2404
19902
24
28562
11221
26309
10717
6238
2495
2377
6684
2091
19859
15750
19050
15155
9999
1189
31055
25891
5412
23725
23987
3042
15247
24525
8329
8893
25537
31238
5413
15332
20378
6806
24296
18413
19809
3656
10129
20177
29061
8816
6617
10124
14050
24419
6199
32172
8706
15936
25298
1155
6064
16440
7202
26497
15566
16529
28363
11490
22944
9088
25874
20018
16230
12073
28663
30851
16016
1132
32534
14312
6228
3164
23933
19116
23457
13858
19250
23886
24848
19282
29124
10804
8549
18019
2163
9360
24798
1933
32502
19478
2133
2864
8691
30402
17945
9547
8601
1435
28385
32422
6862
30032
9483
6945
28022
8883
16970
6185
4506
14411
17741
13190
29780
32417
15019
22496
5660
26910
16178
28539
5855
23742
9349
24632
29820
19644
4705
23896
25414
11570
3364
26551
16125
4732
6965
27924
18806
28135
22761
25841
25181
30413
23380
10097
5878
15547
29632
7157
12310
20066
25919
29485
32638
25124
30831
14342
15717
10386
25515
15368
6676
29569
16347
26617
16176
3475
14489
28455
27542
14618
20931
7564
18708
29849
23867
903
21143
28417
1618
17291
25567
14677
1450
10920
3179
14217
4443
22204
12851
217
21711
31829
12425
6365
31084
9931
3572
9183
18747
28726
27309
29158
8801
4676
14261
28897
15267
12285
15371
19413
10235
11716
18453
1578
11348
9726
31377
14476
7963
30926
7912
1779
2538
17312
20565
16710
17831
18353
95
24036
29948
5782
25911
28783
14893
17402
10305
16235
26049
27409
12643
11738
3763
24745
26613
8546
5331
18215
2543
16973
8975
3990
15116
5138
25348
6688
11599
28611
23139
19820
11915
4340
10883
7950
19160
26000
13750
5477
7471
16332
4630
32630
4731
28629
21228
18826
25769
30957
21696
14759
146
22479
1471
13164
7972
14000
25905
14383
29666
21578
1777
8986
25154
4737
24044
16136
8410
21401
6716
9340
14311
15792
30988
3783
19909
28947
28224
7846
5519
7751
6590
15922
27705
13827
19075
22270
2828
11292
10059
21511
31167
15363
25806
24531
17874
9968
32002
27566
14876
24250
11904
26884
157
23481
10203
11443
14709
17280
5661
24711
9100
13443
29014
1664
8152
22718
24773
5958
13484
28883
5647
32532
3598
22956
1706
23961
5077
9318
26311
22897
681
13801
14007
14024
1965
30755
8257
2669
31886
26995
18753
12565
15585
10543
5480
25498
9390
16809
20996
9576
28366
7482
8202
16802
13408
11500
2290
3847
27747
18497
1967
31455
10340
12044
28124
9979
22512
15801
23963
14445
31605
22222
10293
1782
10222
5555
10180
19250
6362
15763
8838
4556
16739
25884
7325
9579
23146
9791
549
19247
5283
18055
10963
6233
2379
25720
32365
26418
11451
25393
12255
25157
24724
31929
18151
30307
11730
16399
1712
23919
10911
15810
5054
8244
1335
14917
29067
11135
23675
21645
6973
9742
20819
32178
4236
30025
32581
22165
22703
29148
19639
18154
4787
15956
27932
30107
9814
11486
14994
14851
18569
28664
5214
8365
5796
24725
26055
20882
19316
23891
8701
108
31534
3328
21951
19720
72
28107
704
18577
22911
29562
481
19420
14552
6197
2345
406
2664
29540
29804
18318
22673
9071
785
31368
13740
3812
16208
16451
27708
31758
5269
2984
11544
24454
4224
14159
27464
20365
32198
2248
28818
12688
926
16897
3972
27438
27931
9982
4320
28881
25559
10425
19891
22169
25447
2848
1672
18226
12948
13478
14359
1971
11336
8447
23188
20356
28342
1986
8203
14869
29970
24012
20291
5404
5107
15162
20196
18309
782
28173
1614
31875
14093
23273
6473
9917
19633
31883
25106
12642
7092
24675
1736
19771
3511
27040
553
6332
29308
11810
30771
5658
4996
15729
15823
22465
29239
16331
1198
23848
31136
32697
263
9406
15819
6421
15328
10347
32046
26964
4227
27543
13248
30534
20685
6141
26207
20250
18461
24015
32008
6148
21335
13287
13633
16928
8638
4134
25905
5387
28248
9203
26053
4053
25636
1182
27182
11398
28304
13862
7384
32153
18376
8036
6065
3690
21256
31213
319
19573
10224
8055
12062
25511
610
532
27581
27682
12540
18249
2580
29052
21126
16197
16226
32075
28031
32044
25294
26559
11870
24997
31427
30136
4155
28347
186
4318
26402
24827
9632
13032
5889
21993
3262
13170
29194
9096
20808
11526
9664
25684
4838
6961
18313
25833
7913
15182
30591
20504
96
13932
16378
31747
30484
22837
24993
9714
6338
8430
820
22512
19578
21363
20502
11513
12173
25148
12817
13621
16772
292
15364
29903
32051
27517
3108
11433
31453
4873
27892
3247
4265
8738
24326
4244
1681
20412
338
26353
889
11198
12747
5388
25882
11560
27317
24425
5968
4816
1010
1342
4719
16754
423
936
25052
19664
2689
1085
12932
6991
8947
32362
1548
12054
1331
5363
32247
10966
29939
28794
13656
8828
26111
30459
9025
14860
17167
6580
28826
18313
27176
25795
2715
22488
15933
23588
20689
12172
31260
4034
16956
18759
293
2205
12520
28188
23895
9595
11162
9666
801
31365
27229
21550
26482
4244
7947
5298
6271
23772
29692
20131
19059
2798
20602
11187
31267
13921
18781
17028
10880
1283
32659
26847
4823
4753
2694
23574
29118
24890
9009
18374
16103
30181
21249
9742
6565
6392
14388
31023
30516
4084
24010
13384
25083
2135
31552
31820
16840
29469
14642
19762
10292
10253
7461
26897
11575
14478
3602
32615
15149
22516
21781
31351
32752
15666
29055
9712
26090
14276
6187
8226
4751
8712
8049
9569
30053
2418
2409
4434
24087
2323
15382
25899
55
20346
23262
25243
3044
27327
7124
11673
23319
28309
24561
9529
13268
1929
18594
23863
27648
15415
1681
27276
17423
8686
1769
25704
7083
19233
15038
25276
13354
19933
21784
8828
2648
25463
19886
16914
7708
1091
30193
26752
171
19343
27295
24974
23155
12990
15462
10312
11408
22332
19074
27576
5204
15021
9619
8165
21728
22094
564
26743
9079
22635
22603
6967
28355
361
23541
11545
11497
7975
13829
29791
26525
26104
7675
22610
16582
8204
26435
24992
6934
21620
2935
16386
19442
13339
27318
2860
605
10437
636
32331
5569
90
13674
28510
29535
4953
17976
29118
15656
9499
14751
2716
16191
5230
13996
30397
13885
9907
13914
19045
18384
22015
20770
27850
5492
8480
24076
3303
16292
16409
16156
18822
23072
25069
23408
22206
15636
2655
11771
32677
19794
13250
14730
8048
7560
13788
17090
27260
26022
20052
31421
14649
15602
15189
32288
21112
11289
27054
21562
18158
18095
21140
16344
30808
28608
29218
32226
14809
378
20349
29165
11408
16968
425
22090
25702
2675
28650
8786
19253
26758
13180
11518
4274
25914
23180
22757
20564
532
26312
4974
21016
8383
30743
32414
11652
28559
27947
31943
334
12846
32625
22500
18764
19196
17970
32680
29005
16924
6294
7083
30876
26002
18356
1324
12202
31426
2873
16247
23995
800
24950
25382
14436
8282
32638
30313
19182
6802
13226
21938
22454
5909
10068
14166
15711
1972
30268
26703
13122
31734
9772
29940
32489
9302
24369
31689
10260
28152
31471
16259
3453
9445
13271
15701
17950
30204
25231
19373
30195
8038
7878
13194
3431
5105
10094
31897
830
10593
4045
32196
2075
7623
11923
19935
31939
15050
4197
18293
19730
17993
3130
20580
14077
7424
2738
5988
30795
8583
24500
14967
24016
20686
18214
20304
5597
8159
25512
12924
6028
24522
21354
9203
15593
10727
15442
19413
1982
11944
7562
22285
23876
22559
15782
32142
9619
30200
10474
7140
22749
31032
26504
28882
9025
26699
32364
457
19558
19659
11297
4841
877
26233
25522
18328
12584
20489
13994
3695
12033
9358
20637
17432
6849
25121
25471
3638
7312
18864
24210
3816
27042
25448
2722
28045
4578
6688
5589
1815
21498
17305
22974
32558
18996
5828
22745
27083
25134
12333
14670
18062
19858
1971
23992
10729
10953
2982
9274
15568
18591
9896
20390
6597
24093
4954
13367
22472
17966
22231
29268
11238
30659
14199
15290
17185
25746
8677
24589
12631
20042
422
14956
15160
848
7142
6940
26090
19178
30178
21543
12781
7745
9733
7022
25681
8155
28682
4892
17122
24282
5971
6316
14101
28641
15907
21497
13395
12836
17297
943
30025
5677
20002
31483
28205
29171
2879
11900
1137
25739
13754
1223
9298
521
4228
23004
18602
13372
4694
17770
4797
30380
23353
20597
1859
26241
5871
29967
22519
31626
3789
28976
32083
14351
25967
17171
16129
22391
23524
5525
2121
2053
21434
5244
22029
21482
25063
17004
21119
30705
13244
17290
10389
25749
3304
32165
29245
6922
15827
29522
5312
9503
4732
8789
15710
7652
17381
15615
2924
26792
26305
19417
20130
15502
4520
14363
15256
13596
1618
24761
2353
20172
16771
8963
24298
12355
22689
519
9256
3348
12789
16131
501
1054
9841
6249
5856
28887
29478
2128
28256
20090
11865
7241
22257
4929
1794
17700
3160
6422
4359
6942
7883
11088
28462
28385
15170
6379
13560
29026
503
24603
1810
13902
26374
17706
7817
16199
28383
5743
25525
23843
30590
2995
11190
12626
32426
3102
7364
28194
2217
29902
16199
29895
12722
27959
16770
23032
12305
11172
89
1209
1854
7840
189
2008
4792
14047
834
13949
30835
6344
18562
8564
5291
29839
25564
21319
12823
30651
13459
16681
22026
28201
21168
8170
32129
20606
5701
7764
31199
28304
9426
15697
17294
30861
22159
2360
987
30018
23266
32322
1079
6324
2974
17285
13870
15394
12921
21071
8895
10963
11665
985
15075
17943
32688
17331
32048
3828
17652
19069
29661
17175
2332
32324
27954
23547
16037
11816
32062
7776
5040
11262
3603
6731
14362
18538
12242
17067
29075
19035
10608
6671
13195
25259
27672
13320
26266
9367
19010
10855
10767
23556
4413
6376
12552
17813
16989
6993
3249
15448
1216
2493
12489
6798
31648
17160
19214
20140
24273
5112
10301
19061
2650
26205
23200
22114
6067
30269
2846
21744
8167
20677
30961
25900
4332
22160
15446
30295
22168
25043
13563
976
11614
15567
5049
8359
22907
13150
8388
13544
29160
27340
28761
5234
18193
23951
27530
23071
24072
18312
2768
18957
25196
28349
20588
27418
7047
3108
3416
23503
24690
10764
16666
11384
17489
9382
23189
20042
1681
23382
4230
30667
6482
32579
25176
24076
2339
4630
12964
31461
4770
22003
28557
3929
3205
11576
27151
15901
3274
15993
28234
20785
10283
27779
27926
31372
27155
8580
19476
26474
19123
29645
9750
3997
7817
11162
1045
9928
8307
5414
20230
14650
11754
28494
30390
32405
2350
24625
30943
15523
15224
19057
21889
26182
28712
25480
23540
21775
8186
12659
19849
6363
31679
2832
24856
9756
28765
31478
27464
12882
31108
912
32474
17480
23544
12892
31116
24462
17480
15311
24594
12401
32467
22583
21038
6353
9706
8888
4523
19630
32136
21858
20327
17983
17832
25389
11000
23338
3565
23818
10882
31509
9684
23392
13965
25349
14073
32120
9011
22555
429
29681
31506
6424
2565
21958
17872
18793
3698
11894
20150
19901
4083
3953
7318
11186
1910
12189
22067
4033
6223
27326
5372
23865
5058
6772
9516
27552
30493
27767
15731
7750
13619
15475
18178
12346
14536
32267
14329
25110
30016
30904
16318
14544
5245
30573
3315
1753
18777
13833
14531
25810
20895
16729
16400
1513
1970
14035
12649
4185
32535
3522
3082
1248
31108
16222
25598
3335
9780
32246
29798
18463
31973
2285
23384
7907
18160
11828
16670
25013
1683
21989
14511
15400
13665
21116
14380
14820
8532
9116
29473
17260
30835
14012
21933
7661
379
21968
5341
12290
32159
4733
6007
24308
14669
5310
3817
14343
3018
5194
25624
247
11712
13398
15845
16087
16025
15289
12482
26745
23431
22479
15811
32495
4106
14318
29074
2781
30216
3346
4598
11516
28378
18597
28879
19864
13491
15955
21549
3388
5813
27372
32325
29193
2981
32063
25136
24662
31035
25065
25301
12150
12820
5323
3792
3628
9626
11765
412
14460
15328
26697
3976
24752
7964
20323
27713
20553
29954
2311
5605
10572
5106
30635
12154
30827
15838
10074
23235
14374
4712
14802
20525
30206
23140
11551
24229
11154
20675
26209
10878
19
8779
9151
28917
19392
2754
28738
23567
23459
8206
29022
19058
2567
9674
16489
1720
15796
30994
32035
11273
17601
26316
21858
3900
31950
22600
20522
8294
16113
29485
7455
15480
5204
22168
11400
8526
29170
9088
31532
23534
5542
24158
3945
16855
13545
1341
19932
14526
31118
31795
30669
22430
9050
5896
31500
5869
8786
28924
759
30174
25828
12764
6075
31040
32084
3594
24376
4699
10945
24838
10542
15983
16510
23597
1548
14923
28317
32389
21904
19442
6022
1606
24750
20910
3448
30296
22826
15840
3588
12885
24582
9347
19097
3961
18791
17236
27415
30506
8416
13673
30757
214
12982
15756
14941
2303
976
30540
18019
24640
24964
2133
4260
2598
23818
3273
31576
24132
32109
3425
22305
29394
28192
6706
18933
10694
31580
13236
6250
2528
25331
21568
31052
22696
23591
6418
26574
6025
29426
9228
10136
32707
14781
10356
5685
13553
17836
11882
23053
30549
9609
10812
3763
7229
10197
8805
16822
17074
14849
18574
14846
9964
9971
20425
3362
20088
4627
20466
12344
23599
16093
12799
835
4000
121
3580
31519
30377
19097
13243
15822
16387
30274
1934
27987
11945
17247
399
7994
21450
4533
19380
20339
16931
13267
31512
25487
8349
1829
30507
17481
13342
20006
9670
5402
610
18813
32559
4271
31865
21033
15008
3116
10680
268
14938
19586
13985
9647
6727
3131
32027
27550
15253
24058
12240
21985
18424
31742
2432
16296
22085
12082
31732
22206
9877
15630
19743
31372
11498
30388
12066
10302
23314
27099
30283
31722
13818
16846
12646
18655
10595
13199
29086
25267
7328
12451
14937
32556
23387
9661
24937
12418
22248
2633
21930
1027
30857
10647
20880
27299
13989
15183
9524
4812
17161
31287
26679
16919
1554
14706
32411
20703
22536
14610
19613
13669
32459
19125
14215
22082
30287
24452
15943
1279
10023
489
15715
14777
18905
31412
5652
17162
21938
2392
11831
18361
17881
14185
26807
27726
6566
1250
2905
13239
29055
21502
20378
25647
21645
1053
17231
31126
13420
20567
20863
20914
18098
2349
8629
13130
1532
10413
10345
452
23866
4002
2850
26778
14170
21968
2694
8199
7638
10436
18588
32487
29331
18784
282
2715
8171
10715
5479
6245
1369
31022
5629
19842
10500
13017
16919
6276
22313
20848
26811
13835
14664
20584
17384
9906
7492
17849
4094
13066
27072
16039
6249
19509
10180
32506
7152
1291
10826
20004
72
22287
3438
8941
20577
2351
3380
3370
12579
9460
2114
21942
197
10124
19182
21634
15587
7742
9873
19454
22882
6575
32694
9684
7506
29169
1110
10711
10118
29738
8910
4929
5328
12283
9488
17610
820
9997
13673
19947
2563
2216
16919
25024
8023
3957
7485
4654
10032
11088
13741
32096
20474
10905
18077
19255
5165
23132
2974
11859
30859
26535
18601
19530
25240
28928
31644
30721
2228
23456
13270
12990
9641
12920
13378
4706
7107
6672
16568
18380
25603
11138
11697
25571
13760
4659
15547
23670
5475
21576
4555
15745
10883
16010
4610
5734
5001
22739
14695
31698
1086
19588
23109
5523
16050
9604
20357
10632
27442
25879
15128
973
18544
10485
9359
24900
28073
5483
25918
10015
8016
9458
12523
160
22722
16866
31467
28365
5810
1051
20720
3124
2565
14427
3479
31702
28231
2366
23626
18947
4394
16839
5671
26971
26361
32428
10472
16682
12088
22268
5492
24004
27662
14823
23672
32684
8840
19497
7770
8573
17214
21396
23999
7788
10630
15262
3295
21425
14232
28198
3330
32108
9222
29734
3114
3688
29269
19260
13451
5040
12734
28648
14174
29357
14286
27477
538
32211
3565
9738
6662
5509
886
16971
15872
9051
22909
17949
2713
21154
7818
24326
16683
388
29318
22538
357
3668
17246
17741
932
27274
17595
11054
3943
30138
8416
22823
18848
16956
11538
24238
23167
8987
27474
7724
26542
27689
19622
2625
22209
8412
415
25509
10362
23994
30708
19717
541
15338
5135
29941
20484
503
14270
25767
2981
32166
27053
28891
18656
32287
26480
24616
5597
19126
6795
30121
6312
18244
14276
15923
29268
28813
6460
9748
4287
4067
9202
23400
538
8106
20141
16619
31822
27140
31240
15028
2827
31748
31376
30082
8335
28451
19332
10171
29047
21513
27727
20382
31410
31208
5364
31190
32321
12958
11215
20245
28370
25703
18541
4845
27274
9525
10358
31209
21931
23610
13321
10582
25118
17961
4409
23755
12465
17739
25609
2154
1937
4101
7977
23790
12884
8043
32226
4418
5275
18426
1608
1131
10666
23626
11678
7994
21636
10518
16110
14662
25401
19621
5717
8965
20751
16865
28056
8500
15402
14995
22038
8723
16905
29092
5432
27668
25937
28107
9515
1878
14189
17801
12111
22518
30927
26852
21002
22625
3745
15676
23069
17035
9196
11818
12580
3165
5029
18314
11090
4033
9256
30162
3265
9496
25053
17005
14944
19098
4065
20767
23785
21698
27214
24098
18269
9517
3521
6735
23583
28955
6537
17103
9472
22697
5664
26509
1013
25082
6444
21694
32504
19240
23508
26300
30967
30097
16054
31069
20530
20955
10108
8277
2195
5779
30537
6335
7719
23173
18127
6416
20223
1820
14411
15774
21177
22422
12739
6560
28909
11911
19110
24325
21684
6118
22470
27792
2337
14989
28982
561
30501
28525
93
18509
28344
4750
8110
27085
9204
24497
19898
6969
22967
1603
25324
3922
1313
9960
2349
23982
21696
24571
20174
9720
32292
9452
26862
7520
7534
14831
29791
7583
5224
32576
18035
25924
18024
18127
4624
23893
27072
25251
25587
8190
27391
10151
7271
27849
20153
31988
14622
29808
16606
200
13895
26286
12201
29108
21498
13562
13217
4757
11928
4005
10246
16356
7434
24102
9071
13229
14769
31424
4107
8702
19976
3406
15009
28663
28601
25087
10447
26351
12913
3424
26113
661
15733
7140
13830
23312
4047
5146
11407
6932
5265
11896
2080
6473
13021
12250
11190
12304
25046
20534
24779
964
24495
7399
17004
7843
18065
26761
4130
29997
28081
2963
25144
7043
16941
6560
32615
27781
2431
12309
14307
28996
9067
17270
30993
21198
13491
14672
31005
2398
4341
26219
19755
2457
31180
7899
4912
13292
11268
21376
14570
11456
4048
17200
32114
25430
30594
19410
19743
30696
2428
1110
4840
11795
4019
15168
12171
12527
31386
32459
31908
31757
10103
11914
2664
52
19015
14984
11002
27575
24816
11522
30582
2351
6750
1905
15240
16478
11949
25357
12311
463
14098
25558
17898
12749
25996
29920
2890
17145
21104
12977
15196
26218
20370
21281
14803
9093
2389
398
27785
20032
20258
31490
31259
24940
16466
8727
22235
18165
21243
24159
24358
9914
22718
19708
18453
731
26452
18267
7559
18979
3411
21232
21784
15862
10988
12810
30332
13236
399
32013
12210
25311
17363
19505
25961
8038
23860
13433
16076
13785
19709
7230
9527
22569
7141
16707
20415
31841
17720
21407
13647
2177
11371
25414
22593
15002
508
3922
21883
997
22444
23073
11190
30889
26916
3490
31368
22001
8435
6500
10620
23762
17132
9300
28291
24470
8001
26122
8054
10798
27363
29336
29359
25753
14436
15040
15047
26545
17337
770
1633
19416
18828
14451
16896
1970
11361
7575
21827
572
8599
1380
14418
31484
14303
13385
304
23830
8159
706
5733
6984
15988
7912
18999
24377
17500
19915
3829
24240
8293
18276
15251
4293
472
18214
28042
24995
30890
31822
1046
7250
16129
9073
5231
7063
19776
16634
14503
23426
10793
17090
21619
31638
20424
6210
9182
28324
17839
21548
23490
1708
31917
16875
7075
25809
32544
3825
25616
3372
28266
6848
27532
12314
1791
20777
27014
3099
20705
26161
9449
24156
15808
19256
30382
6842
23625
20439
22411
25983
16664
30363
7859
5814
19900
6277
22852
12900
24809
22520
28809
15135
14227
17168
10530
29164
26778
6993
16803
10828
28412
17780
26059
31686
17161
17784
5321
29240
27134
14273
17523
4909
3195
9182
2636
9400
13764
24634
17663
23417
26916
21372
27303
14649
10084
1590
16120
14021
27358
15088
20363
20409
31276
32629
31456
8717
29832
27232
6461
31705
5268
14675
784
27034
25695
25099
28460
21997
28515
11995
32722
26803
12658
391
32066
2033
12532
30000
1521
13964
21921
21772
28521
21604
26218
17871
13716
5622
13712
9403
23046
23017
1780
17981
10916
355
776
7873
26118
29236
13933
1796
20614
15107
23410
28604
14412
3409
11804
27341
15729
7463
31135
31003
14242
1
18988
479
13274
4433
28592
28908
24396
24137
26781
14888
19848
29840
1364
11821
22618
10141
23033
13233
3522
9632
12221
21790
26304
447
12214
14919
22336
27595
9500
14389
17124
6563
19769
4923
32371
26837
6409
29923
16175
14530
9798
13747
4531
19159
24816
16097
9664
16051
1348
7301
31327
26467
9810
7090
18403
3132
30583
23590
22283
27110
25206
6887
14904
17079
28372
14325
32573
13591
13427
31476
540
612
7377
20112
32096
15472
13265
31985
6854
23965
26041
5008
4664
4817
20439
25447
20495
14983
5444
10105
20154
31520
573
14117
13131
24354
30694
1008
18839
11448
21068
12803
23549
20214
20264
18831
32176
7920
30692
27778
521
10913
22259
30227
30426
19352
12124
28884
21942
28666
494
1419
25313
6257
827
26356
7774
18626
10244
26894
27586
9280
20965
29972
2453
21793
5723
2931
16500
17535
13134
29489
13836
15812
15207
14759
32300
10055
28292
17293
5813
10542
2679
8323
5734
3230
31048
342
17425
19890
7346
4242
5988
19451
22552
31369
11908
20316
31537
30473
15600
32
28736
18614
27900
32061
12516
1682
18378
12809
14458
17489
3245
23984
3580
12987
29399
25853
24688
23989
2389
27944
20316
12789
6665
12031
30488
18531
31975
15393
20918
18473
32259
6952
12111
26353
5163
2215
719
10809
29722
26908
26255
27712
4035
7602
31682
5677
12680
16919
19053
31267
2800
13780
18447
31520
5267
26709
4805
13265
26804
1182
5435
30984
23975
30001
5071
405
3445
5559
14338
21564
12411
23862
12882
5512
16641
21020
32575
19204
319
26408
16571
18493
25157
16458
28841
24188
14960
26019
21713
21583
27094
18395
32134
10863
19167
4264
5300
22762
3018
30779
3290
2084
11534
12823
31491
28488
4520
6691
19549
21533
15424
10435
23920
8345
29312
9777
9623
9752
13679
8692
20245
20469
25906
18804
22164
15002
8064
138
27193
3568
4684
28134
17190
18039
15468
10111
29971
12688
5480
16699
16813
11946
27020
17193
11210
3537
15673
31311
23454
9272
20245
14203
105
4418
18502
29064
24708
30076
30220
31946
14767
9880
30509
29243
5502
24867
7081
12405
6605
6874
25435
4917
21240
26805
2374
14602
22111
15437
7047
4415
30203
29064
22128
27807
27185
247
17231
9745
14541
31188
12760
29044
17282
15739
14996
25019
29233
20337
18051
3197
20840
16273
16882
19077
22432
18701
9988
8065
27671
17222
11765
22270
8776
28002
15650
23779
29289
14140
11373
18095
7878
3793
16867
17834
29299
27433
17030
14118
16655
18832
15376
4583
19763
19991
26037
28647
30533
14882
18516
23383
5434
14602
3547
1892
12941
31817
30611
7585
29831
27154
30012
23725
30949
21885
15385
7988
24700
31690
6100
9563
15581
7323
7514
29186
12167
25559
32613
20791
12686
21470
28955
14332
13614
19770
16658
17760
23175
29743
28739
24460
2629
20925
25997
12120
11891
15965
4268
331
23483
19716
2176
32766
8922
28403
23754
4207
27248
29911
13744
30990
13582
30402
1563
4985
12632
13497
5848
6564
26545
1565
14581
32081
14551
1024
28015
11413
21095
11529
21914
28359
9266
6693
279
12260
15425
32751
11854
18611
18806
16896
15222
6649
16957
2421
1402
27968
8476
22137
17689
17968
20429
5946
13270
9916
21061
23541
25101
5858
30969
5549
10094
30915
11014
7953
29634
28793
923
28865
1087
1908
5246
21311
8803
17582
16457
21120
1466
24326
1727
29750
18249
20493
7786
2300
12651
11648
542
11887
13387
22833
30704
30261
20988
6268
30989
17140
22023
1983
15736
24730
3486
394
14451
25855
15770
25121
23925
6102
286
20383
18797
539
11053
26688
4641
13762
18714
29775
21426
30281
3915
30983
24506
17039
20777
29199
695
31009
11453
18082
8240
8829
25919
12376
18029
24000
25556
4279
9889
16248
14164
16935
31676
14553
27545
27160
4473
21255
10459
26773
14134
24302
13956
18060
14967
5424
23716
3851
4433
8934
13170
32355
2300
3178
22338
5395
13628
19780
18748
13333
26608
5864
15491
5935
14736
7161
4649
6163
5633
24146
31079
20404
12175
17499
15155
20841
13264
14412
10409
22017
27651
1271
3439
25683
14279
21875
29397
8026
31472
12136
17333
3786
26178
26808
8117
24231
1049
5310
2825
4794
18074
15297
23667
12352
9348
11382
4425
11815
16693
8341
25559
16476
3747
28099
10728
18725
23600
12722
28532
23019
4561
5127
6480
15396
9221
25529
29571
8454
15275
18378
7082
22886
32003
25282
7472
27638
2811
585
4232
31787
1949
2247
13815
14857
15279
18351
27290
8246
12722
23529
6957
6794
17432
23747
4613
1387
14935
29587
21513
22310
27716
16507
2992
28442
31476
14732
5452
23405
23349
18780
30748
25705
7058
25478
1456
13771
17754
3227
5124
16312
5520
10116
22630
16479
22151
9638
16192
13845
18004
17436
12516
10857
15225
26692
21024
24933
12643
29267
29177
21503
3707
8050
29113
28069
4941
10828
30546
22658
23795
30471
32723
30477
160
1016
16481
12739
3245
10778
30169
16400
27460
20496
14458
3722
27899
27094
25159
21057
12861
21737
26091
11289
17240
6681
18442
24799
4592
8304
2527
8920
1190
18236
11167
4622
20136
549
9071
26279
19975
25795
27261
5086
22803
28388
21185
26865
24586
21305
32086
4595
10582
26498
472
29429
4176
5682
11395
2091
26072
8354
20240
4993
17161
4498
31031
26432
1961
868
12166
2713
32712
31650
2388
8421
12406
4052
26998
22061
11492
21213
8593
14354
1235
18675
26075
8272
12965
21544
3347
14699
18194
25461
30083
15238
19427
6842
25778
2645
12642
19511
13888
23578
18993
9226
15479
7206
22470
30818
29473
4739
22663
30869
26706
6790
23513
16253
23824
14016
5842
16025
15619
11994
18807
4753
13606
19535
11179
27922
22864
17777
22172
27195
27101
4486
26734
8541
24378
23524
7119
28906
5845
30053
8164
14202
16202
1084
418
15418
10503
23945
18617
21696
13056
28802
21187
15342
16899
16792
16980
10083
2804
3657
17278
10229
6225
3938
16432
18327
29780
13277
22104
17763
23417
5154
2571
22279
10077
22341
31645
13739
20484
25375
7138
28716
291
122
6320
25999
27512
19498
7733
3021
13690
4438
32762
14598
6626
10281
6746
7502
27834
27208
3938
21752
23587
25569
6195
5851
32742
4622
24747
22762
32528
5151
25742
15942
11271
2165
32429
9569
6880
31675
30018
30744
12149
19150
25958
1008
25706
16560
19120
14873
23243
17546
5618
1176
25789
28458
32497
15329
26532
21933
10063
4141
30784
30575
23639
27356
11326
2587
21888
15483
18836
20675
31923
24710
19083
377
9541
21033
30668
13132
28077
20758
2677
31724
31702
30313
8607
31885
4129
6478
9078
2907
27695
29594
27479
11042
10723
4859
25172
23354
29460
1020
15012
17046
30385
1665
4256
2063
25030
31507
9069
12806
15079
4550
9426
8413
32131
15177
16774
2388
18213
24263
21265
8721
19335
24804
1996
918
5791
14996
11011
21980
6095
7689
26527
29380
13176
13952
15456
25530
15738
9320
8126
21281
32524
26673
31291
19455
15995
17903
8485
9380
12609
7449
23436
11854
4352
15178
18154
3110
24312
6146
32101
13928
29539
3859
7554
3819
23645
3778
7554
12366
656
25372
10981
30917
31293
24047
19252
6496
5541
18685
6544
5625
854
16789
6125
17405
4736
30810
3493
22180
29281
14096
15450
13553
522
24248
19734
7196
1485
20068
14120
5883
3342
18187
17715
24439
1583
14604
5070
27168
4585
18572
20436
2581
19084
20316
7556
2428
9102
15351
18674
2857
28644
4584
12970
27268
18445
11221
12785
6607
15996
19159
13690
2848
26710
22266
7757
11145
20586
2393
15888
18622
11606
11402
10604
9031
4286
8529
26545
2568
955
24488
16617
2559
13182
19724
20305
10048
30126
12963
20640
10222
15515
12122
8476
14666
5325
929
27224
1144
10339
4984
22832
22425
1244
28150
18353
27011
9369
5633
7605
28343
15520
11641
12818
18103
5048
8168
22636
21848
23082
7954
30805
16203
9297
73
32366
26368
16001
27404
24372
30784
22297
475
22770
486
6947
28138
7661
21611
9884
32659
831
22545
22607
30179
12389
17841
26768
3342
22996
20193
28608
30369
1914
14500
32158
27437
9006
23958
12981
7997
17915
17930
23976
19422
17224
741
27441
3163
32178
2973
12070
31312
161
6358
25868
24410
23090
6214
4393
23185
2012
25157
13600
26456
29433
14891
8347
4384
2093
22244
10416
24626
5004
6692
26873
5922
19305
9825
28562
16143
26400
18943
32655
10084
23332
12752
11885
1885
23021
4125
9520
24178
30213
29657
22845
6796
5538
20651
19805
32515
27405
18186
5291
26466
22037
25523
19604
19536
12241
1632
25032
3029
2104
10245
21630
5891
16502
4217
4980
9687
3693
28614
8272
5074
15972
8007
15080
10404
1730
5392
1880
12524
29870
26378
25915
4740
5541
3374
21670
18217
4240
160
9886
9028
16334
4453
30084
11496
5031
27055
18918
18473
31831
4934
22689
18666
11482
22885
12986
30810
27971
10919
6551
29808
3118
6160
16258
7452
23222
2040
10867
23752
15707
20041
3177
16151
30847
11039
6107
8120
18417
26343
24345
24663
32040
25470
29972
26323
4699
3488
12511
26655
22991
17042
21301
11907
23497
30366
11776
19346
30295
21876
30970
2884
1866
8201
20201
15312
4302
5229
9353
15343
10547
28379
32327
5140
3542
13622
23238
206
25730
27638
12291
24291
5016
25368
20756
8818
30179
28767
11810
5515
29970
22450
32162
9483
2732
22180
26264
2551
2714
24028
3970
15273
20264
988
31667
15194
13095
31370
13228
32439
16897
7434
13677
14753
29398
5138
20515
9199
21884
17845
1355
5417
27063
23311
3391
5250
11416
12837
29775
5752
4756
3877
6865
30907
22078
9840
32204
11371
5597
6563
15972
29114
15950
2224
4482
29093
7552
6634
29752
21554
18265
9043
112
6957
25173
17699
11680
6114
12782
23758
17864
2258
1806
10054
12206
21414
8307
13433
10806
31364
27140
11823
3455
23811
12178
427
6834
20591
29647
23482
27890
29945
25351
9201
4485
22172
25334
1123
17538
7390
7833
10532
14755
5391
991
22454
22817
15971
16511
2160
21816
13485
2248
20460
15118
23374
4834
15160
3699
5099
18100
22465
8446
16541
11337
27036
28088
6644
25673
25109
354
12633
14618
10940
8162
27557
11939
17321
20267
12911
25848
15817
23587
744
7041
15760
14347
17409
30308
18429
16232
2597
7905
7677
29422
26800
16982
15694
28175
4238
27391
31582
20327
7538
30181
12971
4434
14273
4483
12302
6373
30078
22551
8677
4511
28270
13867
9779
7336
29299
4890
749
15936
47
16096
29177
4723
2901
30036
4705
1393
22480
23816
25761
11791
17097
1023
16629
5876
17008
10880
11747
11006
21425
17315
16048
29061
5866
22738
9183
31640
26620
30572
29843
8800
4665
1269
29622
29419
11636
30932
5204
30105
6262
27429
31146
20492
4170
12482
30294
1738
842
29370
6377
5023
23302
7223
4984
32375
8340
25634
13750
4163
28487
24117
15916
20011
4989
8186
13460
21932
21589
27289
31761
13104
12534
10610
22744
7569
13799
18454
5112
8713
18323
7721
5985
18729
5239
14023
13523
1446
26301
12638
27480
498
3901
28400
17347
12367
1864
9917
28361
19914
23062
32617
25838
11599
13214
6457
9248
10432
21712
22177
8347
11216
11411
18533
25110
23380
8859
6132
16323
23871
30415
7521
30176
28675
5753
28755
22052
6631
19382
21041
10925
11092
1773
15145
11516
26392
30788
17481
24311
26873
17469
290
8181
21552
12132
27477
3799
20720
19252
8634
18394
12330
6850
10231
3162
1035
7430
26330
16545
23205
24166
17491
5434
23778
246
6294
8082
28449
17660
16801
27757
238
19687
2526
8298
7709
7572
16681
24586
27900
21355
18079
16925
25103
18258
28653
4550
24744
28828
1595
21249
9321
21612
31096
10548
24575
6780
31958
11542
19542
29320
18042
3656
31489
8546
24218
7029
12678
2383
3166
18381
9164
1186
20453
16356
30780
2523
10419
12453
22504
839
22666
6945
32707
16604
9820
6977
32311
32661
4323
2435
8763
11501
8529
23031
27397
17750
186
1
14869
23411
5354
19515
13609
28775
19351
747
25806
22374
30469
15483
26911
19644
32549
16768
6722
27957
18848
25153
1688
6039
11021
13325
8283
12765
15093
3844
16588
26731
2643
7305
16680
11873
2327
31381
3638
24135
30608
10635
13624
5962
9787
5149
19732
860
30654
1596
23880
22706
2242
12437
20325
6375
6804
13461
26262
30152
5560
16623
28962
28281
19689
12237
16463
20604
843
19823
22164
31541
1956
30723
4831
2163
8971
15426
31143
29284
10531
31138
16732
14754
4261
7233
16307
29182
8313
32550
28474
29634
11950
25624
12643
22566
15642
13290
20231
12487
4919
26732
9602
23113
30904
10116
19489
29589
29644
4518
798
951
31847
19381
31841
31599
19520
12619
13210
14769
26702
777
13730
30864
15806
15002
22404
23106
22256
9121
5624
7612
14179
13576
29684
5064
97
22986
25452
1749
20407
11375
7794
11514
24930
22655
7325
4079
839
7582
26911
4628
23158
17685
26745
30622
12068
17344
20588
13079
4464
18021
32546
7645
8652
25257
510
22944
6249
30725
19934
12472
12053
31733
13615
1856
15041
28069
9955
20295
6423
7478
25699
26337
10777
18617
28208
23719
12948
18129
17324
20699
6599
15159
18765
22340
17327
11728
6518
4034
20044
21279
13732
2443
31316
29915
19248
9489
25713
14536
1913
17934
20187
1178
32100
7612
10192
17918
12224
28180
13213
18685
30783
23213
308
7533
14454
12161
22124
2945
22420
15531
21952
278
3735
26260
5991
31849
12301
18537
27032
28694
19134
1191
3015
24946
5290
9816
27359
25707
3069
15127
20338
2253
22670
16396
6642
22319
3040
18924
15614
133
2920
17077
28301
9900
21507
14278
23790
4789
550
5261
6798
14874
27482
10645
10706
16707
15857
24947
12313
24772
22852
5476
9666
20482
23415
6442
8514
4628
32247
10830
28583
8028
9183
1191
16749
9194
14008
27800
14201
16242
16909
10073
16135
15773
27171
2281
29346
31247
15431
15884
14396
23532
20001
30221
3906
31892
15234
6947
8693
14376
30462
14507
27355
17082
22505
1728
19073
12139
30006
27797
26940
27460
32417
25679
7153
3652
14276
15251
31894
20284
6730
7686
1837
13776
6949
3088
25260
10766
14322
30273
8049
24310
12840
28823
7812
5701
10957
11133
7129
14409
28440
16915
26386
23199
18771
1190
6713
4163
3551
18148
24935
4184
24632
31417
9074
32308
28468
6831
15838
22570
15354
6002
10390
21144
21864
366
19321
26132
30789
25542
11007
17943
11511
24461
5776
26874
5207
19911
15597
20162
14399
9121
698
26234
14990
32162
8678
28709
4958
24910
20915
30830
21734
8983
29089
12734
27642
14081
26651
27006
1816
30392
7782
19461
31338
17205
25189
11508
29886
19099
17663
16963
13264
4925
25736
11878
17325
3243
12900
28546
20220
26001
822
27966
13983
8271
22006
15627
20933
20621
10287
32302
29265
5579
9896
619
14355
10175
22469
5294
9512
188
29232
5304
3923
4940
14503
28003
26294
2435
8714
10890
5601
32241
14237
2270
28034
28641
15402
5523
11839
16189
6027
32164
22635
30351
4405
26815
8156
14155
16788
17969
3908
23911
10634
26114
30481
2131
1815
18230
25120
16732
17566
11858
17022
6850
10745
26293
6492
15373
28637
15251
32258
32130
15921
29615
30646
3042
22203
23603
27865
23677
26258
27140
8398
7443
8016
24610
5403
8023
15578
23912
13354
32758
8276
20157
12803
24665
24465
1015
20231
15817
386
27997
5353
1886
13479
24439
31945
26392
3877
4643
22919
4657
27306
1282
5474
12639
8437
28607
5508
16455
27098
31907
30470
13858
4400
22885
6225
17575
1561
21284
4632
26047
2428
28511
24817
9131
29144
31225
26173
2295
13136
26281
11338
30734
16045
1176
28423
32187
12323
23927
24620
9437
28196
3190
19766
15131
32170
18229
19956
22867
25005
5781
24200
13193
29045
21232
4767
25880
12142
5968
28767
31109
1133
11558
25746
19577
6120
18893
2613
2320
18236
2887
4429
30527
26540
29791
4785
31059
30548
20611
10081
12440
27303
24333
29666
31214
9988
763
21228
9530
9701
27969
10395
30613
10301
26612
4276
21213
26974
26210
30232
18862
20223
5624
9298
7201
18733
15822
6680
9969
5130
12877
23211
18941
3494
24905
30603
28816
19292
16164
7488
19923
26861
7670
2717
26867
10887
17138
29201
21814
6512
24898
31058
27269
22334
8543
15406
4202
29566
952
8201
28100
29099
31339
23517
1481
28022
12453
23740
23184
9623
29884
20626
13097
6829
25156
27815
21793
3538
26321
9644
9882
2028
20345
20036
20679
2214
3754
25665
183
6414
16660
20310
4184
22488
12318
2303
9389
31222
2276
17032
17346
19568
20908
19769
17831
18380
19174
9057
3259
4697
25580
29586
19504
23602
23074
2647
14982
16247
8117
28826
23923
14710
18584
32217
23983
10196
6607
20243
28843
27319
20844
9660
2224
20455
4765
29439
6104
25278
3681
11908
27918
15582
17946
31912
27325
1777
25815
23510
15182
13378
22076
3398
17019
1937
2798
21387
32411
30502
22202
7192
3395
12786
23174
11957
1731
19424
32642
1503
26522
6532
22558
1403
22843
23587
25231
21056
16355
5200
5399
3884
8808
1805
7554
17140
6255
5155
22021
14111
2003
6364
20252
31125
6159
375
22103
5567
27374
1695
9590
19641
32036
13444
19979
21838
7504
3147
18791
12282
22414
5223
26053
7816
13844
12420
6820
12813
20167
10259
18701
26397
8968
32693
6202
17876
28389
16170
9701
6858
23128
3160
14604
14852
11001
18827
3818
17640
3918
17440
532
2352
26935
4357
8760
8364
15101
2616
16792
31888
4604
22313
27907
14170
396
25471
11644
12857
3955
14224
17266
8953
30466
16901
30424
29494
6036
5252
4905
15506
24827
30942
11867
5954
10216
31122
518
18608
10224
8020
9569
21529
3846
5807
32492
5287
16163
5448
14889
5838
30363
439
3680
14586
30105
20283
5241
22355
27396
2096
2140
23842
585
1583
16583
26530
17945
24045
19241
23562
17344
30030
30986
2010
18959
16191
8748
24059
5657
25884
25688
25717
3305
21971
13662
7841
32597
2965
651
17705
2935
27147
5613
21551
25353
22689
15644
16412
31236
20910
28109
1778
19632
24046
22604
6842
30381
2213
12551
32117
24448
18575
32582
17853
17657
9502
2751
31934
13989
31862
379
31386
15712
17679
11630
20165
21971
26863
10701
16599
31369
18532
16517
10864
10650
12024
906
30382
10659
10904
853
16465
22460
32017
28685
13289
20834
5382
1436
23177
10697
18
27631
3936
627
14539
11034
1333
21672
27767
356
18607
4499
32109
28460
20357
23363
7338
15920
32221
3799
26483
226
7406
19134
17251
20430
3487
7137
30465
31400
1946
24592
23975
29554
5621
1689
15807
20743
18991
23986
795
1287
24639
11746
3415
11326
9204
28982
20989
5842
14770
502
9539
6141
8432
15271
21582
15957
16843
6319
2171
31645
1677
20477
16560
26505
8973
1762
12459
17305
27123
29556
10327
3114
382
30493
4209
17174
7301
23817
24914
17566
31336
1758
13842
15089
23524
13391
14737
19025
27383
8919
24665
20207
9138
23599
21770
9194
17494
23352
2463
419
19797
9286
29950
112
13057
20026
5209
25017
8041
4574
18471
7062
29882
31841
12456
21459
2854
27222
14491
23801
9913
2020
7851
18016
13268
23412
10567
32633
16829
18256
19749
570
9591
15640
23585
4427
10659
8102
17884
13345
21427
20372
31728
8206
5017
13369
13963
2558
28782
966
6715
1778
14902
27614
18119
19292
23120
21699
17968
26226
29545
12417
7684
30241
20737
7102
18003
26914
4116
5068
11177
16524
29388
14032
32180
20687
18855
18104
19541
7308
26023
28023
23414
16841
17030
22286
26194
239
20374
7054
31600
2539
28319
6563
6559
4080
19731
12398
10444
21328
10210
7050
784
27439
27286
17431
32604
19245
1415
15706
7511
28032
8141
24674
20568
8791
4457
17700
17350
11120
18577
18212
3095
5962
3910
176
1900
8751
11870
25256
8650
29287
20739
14631
4619
18180
30680
16049
26099
32694
8340
12067
9041
32755
8367
2443
30790
17711
28169
20235
32380
15795
27842
6176
26330
6916
21060
24518
25710
5203
3243
13079
25623
20309
26146
8873
26936
1654
16804
11554
5427
16633
23085
24736
28346
25253
3729
31968
26011
20489
18767
26067
21417
24208
30695
15127
867
18191
2039
18921
30400
21130
4837
459
25279
19500
27135
587
15292
28269
26044
22771
21237
31869
11203
28561
2998
22269
226
7960
2833
6751
30553
12541
24063
10901
16079
15934
27201
8035
32235
20726
2107
25549
17306
29355
11566
22879
3764
12481
29296
2831
702
15519
15264
9427
20219
2096
33
1365
13336
19807
25519
15443
16271
19022
19610
16985
17973
15752
10446
26186
31024
15882
5231
6516
27183
16096
8335
25878
18391
24314
28212
19763
30022
25077
11137
28391
31411
4872
21719
22393
9842
10445
24202
1381
14359
8449
12103
16961
3886
25434
10326
18821
10376
30796
5761
6932
30871
12508
3184
8672
29423
8700
29913
4400
9842
16425
20110
3207
31759
24388
28073
26026
6309
7127
26742
23772
25334
31365
29425
19517
27680
27046
28911
18065
30133
23570
149
3062
4442
27741
12942
24043
18892
9410
32372
919
6454
22682
20973
23667
13993
14300
284
22200
24027
27977
21854
15580
9392
5325
3399
12653
21674
32527
10444
11381
1804
28380
12935
25731
27835
5567
25333
18593
7448
1473
8342
6581
31046
9401
16023
28871
24600
22260
19671
19733
107
23351
30162
28148
17692
28061
30924
8365
7058
24229
31576
18269
16181
29607
13882
28880
9756
31594
25436
21216
5930
25783
1845
21219
21723
14376
809
17930
26923
10029
11844
22179
10343
37
1091
12057
5042
7713
12852
13626
13834
3398
13749
13823
15294
2541
6817
19302
894
8512
12955
22841
8012
23098
395
23071
22489
17400
17839
31937
27591
30208
11902
23649
2207
27326
14433
28353
118
26592
30788
27880
646
1244
15696
21945
11934
17278
23599
16959
21832
3833
15985
4396
10734
2955
626
15369
21521
17338
30175
14154
22540
31633
11791
18076
25389
29915
28305
5037
2966
10874
16749
29855
16683
22539
16033
6182
30658
5502
9885
15822
7014
11256
4334
17830
24803
23400
12935
7906
22098
24402
9251
19971
30645
1188
18070
5605
10630
31019
13898
14608
23959
30715
23732
30481
24899
21156
27560
25524
26283
26333
24197
17569
21834
17146
20126
6280
13404
29811
15995
430
13848
10790
25872
12579
1590
28700
8528
29089
18776
20170
6661
19879
14475
32103
1013
24948
19236
16255
27868
14908
5594
9117
26338
5775
5251
15527
20465
27134
4381
17794
11803
10302
31662
6110
9607
1106
3999
7783
15875
26990
26619
10398
25230
22541
18004
22225
4871
8654
16559
23709
4089
5120
25867
10086
21101
1687
22236
31622
18345
3630
3006
14697
21863
13108
15535
17895
1583
11323
12517
20615
5983
32679
12724
8528
21258
10228
30232
8055
18904
22846
7142
24609
12462
24872
15868
11674
18797
16630
25063
2375
7779
28471
4160
5720
6355
20325
2938
31492
1446
21723
27603
6671
21220
27496
31171
27524
19217
839
29030
25076
2163
31890
5708
27523
12182
27379
62
10717
7481
1058
1086
13065
17318
31006
15603
11507
11571
19009
18373
20735
23562
19044
21328
11260
7695
15033
22961
13485
4410
20442
21786
17616
12932
23794
810
24845
16922
25378
898
30121
1707
19151
17568
15623
22228
16612
27700
15722
16852
27964
4447
28460
18780
3153
7361
9942
15583
3018
4376
4791
25432
7279
15421
1156
29457
27742
21322
12166
4296
23297
5912
13767
25463
13815
26440
19151
2621
28534
6891
10796
20067
9290
25524
14571
7842
2821
15157
5840
12863
25398
30975
25329
22436
14009
10600
12274
19366
21322
10436
15106
27735
15936
5714
23169
14431
8966
12088
6452
23309
6017
8341
29798
25829
20101
25389
24482
23359
13399
9362
2723
19468
3851
14510
9166
1638
30503
23586
15360
3160
26102
10466
7622
27406
25325
31648
21896
18595
30680
28553
14567
903
7759
31962
8621
3583
25337
19093
20948
9323
4177
17514
18433
16848
28146
31284
10310
16315
21175
416
17249
2788
3995
880
10314
17544
30013
10552
29248
3697
6977
12693
68
14357
14290
42
17927
19626
13402
4958
14452
15625
26757
1698
31499
6045
3045
24117
30217
31541
3454
32240
26136
517
906
28645
32412
23004
29886
25584
15152
946
6660
20392
21984
21053
817
3075
4081
11221
32702
8447
13234
9927
32089
373
11413
7826
17502
16518
13480
20465
29175
22262
14320
13679
17281
473
4580
12444
15333
26372
11086
2957
18234
16455
5127
15069
12044
6468
11639
12253
28327
121
844
20428
26423
4143
9334
29721
7335
15050
5460
3928
14904
3796
19771
10859
19625
6093
15045
27185
1607
30561
17138
23868
15326
5662
861
1547
3794
27044
21949
31873
5246
25192
13503
28157
13522
16511
20869
28669
30840
8583
12164
21544
2906
1210
18652
15866
24511
3684
6663
6745
32342
4246
9094
18363
25401
22393
17162
24870
26691
6705
14737
19387
14235
4918
14686
7805
5885
2915
3127
5796
23488
26709
25782
20171
31793
4712
7352
27070
462
31869
8917
8359
6934
20454
6009
27860
24692
27848
1446
9623
28095
18182
22203
14486
23873
24541
12808
2428
91
15297
4422
18434
1609
31489
32666
3418
7243
444
25342
16747
3615
30458
31113
6962
22149
30177
4214
31873
16264
18798
28150
25129
30493
32380
13424
1461
20353
4159
2574
8969
24510
5652
82
32240
3275
3301
18869
17057
23479
9241
23982
21127
21732
29400
15373
30994
5555
4069
11344
15060
30210
19398
31313
14732
14642
13577
1460
25364
24197
1975
3108
22069
9881
4595
24206
24166
14986
24797
7945
27792
10859
15815
22268
13098
15259
6413
32332
31455
6689
29276
32139
12042
25634
601
8634
5017
27819
874
18831
25955
22128
9221
8486
19895
20789
1917
16035
1902
18909
10639
12774
22933
13208
31710
28499
4104
29382
15160
30276
26571
1330
14278
14807
7836
4681
25037
5438
20796
58
1033
21583
16215
31744
8099
10247
21452
9944
25983
20356
17416
18993
6010
30375
27308
31890
8518
19978
23715
29340
11311
163
10150
4604
12819
2813
17243
11576
375
7119
14593
17656
21525
27680
22085
15232
16134
1602
12651
20317
954
6881
3294
20976
4702
26175
4410
18811
14521
21255
20459
3429
667
16340
15637
18965
4600
1800
28069
23409
24795
22274
8772
3638
5671
14866
11622
22641
17214
24408
6141
4991
32299
26835
20644
21569
6703
30689
13801
4593
9757
17170
21673
16233
13270
4390
16185
3606
6568
16851
23031
11655
16039
31970
452
22703
6890
5488
19616
7122
10989
8866
5059
26418
27616
21032
16333
30255
32295
3992
18175
397
11395
9996
26796
1657
19766
2072
30243
25312
8803
748
22891
11907
24890
19763
447
22494
6144
5390
20618
2149
25326
24326
10192
26812
16113
24107
27843
580
1651
2130
10382
23015
19469
4005
20571
10800
1917
4587
3807
27406
1371
29882
13177
1636
20155
48
15310
1757
8901
32673
22670
21435
19853
16531
15215
13807
29609
8582
23712
5327
1374
4566
8442
24599
4512
2066
14718
19494
12461
20691
5535
3629
6778
10884
15149
16867
8946
15487
14904
20860
3597
9365
1919
27507
10597
6810
5902
20622
7599
2010
14786
1336
5755
29406
21453
32614
26297
10636
21123
20136
20036
26288
18042
12096
21772
12466
14836
12021
13317
16527
23985
20358
5815
413
23009
584
14733
12774
7221
11838
7214
13522
24435
8226
9085
32574
17120
9491
1275
8015
2809
1118
29550
29079
14141
16905
494
5297
7568
32355
15127
1638
30572
25934
19918
10022
25284
3695
11058
10528
15237
31727
23498
29789
8373
29115
16405
4329
10802
30235
32238
30792
15136
27737
13935
723
25219
9033
14825
23027
15097
23621
3415
13741
10062
22806
10400
13518
23944
23996
6736
12521
29161
22305
14719
29485
7019
23892
18475
28961
11290
15656
15214
8504
31278
2627
4780
26407
11425
24214
14369
30110
16305
7522
18523
17278
32364
23994
23894
31515
16187
30860
22980
10195
12944
31440
25987
28279
8798
30030
4171
26860
20470
1496
7180
22613
10865
24875
25358
5985
28277
18084
24216
19297
16203
18673
16424
27658
18441
22268
10031
14099
17953
4057
19908
8880
25829
13071
27692
12591
25085
11849
28586
16937
26133
1117
12512
3864
28785
14532
22365
14493
17946
17206
3510
25076
30050
24473
16125
14579
438
17782
16587
6582
8749
11636
31951
3606
12515
21750
28511
12200
29345
14956
32491
680
17287
30323
628
27746
1333
10798
7110
30734
30080
23328
2370
10087
26346
6101
19040
13882
13
18425
13933
3002
31788
21704
19801
7995
13505
26835
12023
28308
27380
11610
6224
1972
12126
1494
2796
1991
19384
24179
11112
27352
8387
28386
26566
13046
700
32586
20844
12367
20386
27487
26283
28562
19879
24725
11954
24434
32758
9655
7052
29224
28825
31864
28490
24680
9560
2684
11368
21573
16766
4708
3471
4692
26860
11918
10092
14663
12075
19290
29576
19142
13944
19923
29045
16562
20348
27163
6953
28320
3916
15099
8418
17956
22244
7463
16943
21938
29656
11248
14215
19029
1883
21550
7428
20253
11354
24269
7139
30649
16165
11050
24616
31511
15681
4160
13963
28675
23461
3357
7856
26472
2897
19252
19769
12408
21570
27424
23251
9452
32450
15594
28880
13106
7111
8482
26270
27721
30849
16546
6796
22518
29439
7908
26652
12105
20644
3899
2100
9463
23119
306
11795
28645
1161
20620
27856
4849
2261
4750
17334
32056
13048
21576
4290
25998
1506
26566
3162
18818
21053
3537
6855
7417
32718
11871
21732
28845
13507
20753
24968
20559
12097
15102
3929
14453
5682
2026
22406
20034
25361
27239
18066
25761
2782
19238
5999
292
30371
32452
28149
6867
29380
16496
14321
14122
8775
20011
24751
22239
6734
14356
73
14768
30842
24252
30581
28493
23910
23492
16188
20319
17366
19457
7405
29372
12063
2353
22853
17438
4013
21666
16939
20482
30701
27177
20555
20799
24286
2534
4362
9322
13091
14597
21572
15446
28603
27734
19627
9171
28048
29264
10341
29962
12021
24555
29036
5890
11029
7629
5996
6851
1730
29490
7585
8370
11169
18309
18805
16848
30966
1128
10962
14124
17275
22739
24870
30261
5552
2277
10262
12562
28028
10063
6468
29496
29132
13671
12921
18982
669
16005
9831
30270
31818
10260
9571
21602
28599
26706
19991
21538
2796
32107
27693
25374
6656
9767
705
32738
30028
9717
12687
24942
23295
13341
27639
27651
12796
6013
26085
20413
27519
3216
6410
3548
1285
29076
3753
13311
26075
8532
29509
24791
10183
11335
30735
5569
8890
28359
18059
14388
16915
23474
7142
9530
27977
16821
32494
8663
2213
3824
14192
32747
30487
11973
11690
17075
8430
21598
444
9778
25556
14959
25171
29094
13128
27221
15623
12935
1569
21886
26385
17727
20780
27457
3671
11082
5892
19717
18696
26678
1337
4496
15084
25701
9413
31623
21740
25891
15725
29076
25448
14482
28711
17988
935
29170
18652
23794
17318
17569
21444
24840
25241
2815
13637
30314
11118
30645
25240
28784
7874
13422
27152
27224
10365
14429
815
21876
9658
1680
13380
19431
29466
4411
299
26566
21658
471
20124
16971
3426
18451
7287
25309
29016
32519
29444
8257
17250
6373
14178
7019
22907
4417
17214
12746
18352
18221
23046
32046
31708
5097
14022
5399
32628
1662
29711
29320
18035
30358
24203
18508
25584
14473
26114
22225
23937
19732
5418
29314
25502
23730
21817
1757
28062
29758
8612
9333
6753
10816
11455
12358
61
27706
24890
4904
4462
13191
24228
15122
8884
30909
21518
2227
6770
22643
4218
27007
22211
5791
18464
26774
7386
28346
19011
29684
17825
5475
23153
11044
31310
12849
1775
22476
30804
6792
14251
23957
27905
6886
30080
28907
3731
14657
11167
28231
25002
29174
25601
10917
18616
25610
26767
4341
20815
27756
23212
23871
7378
32463
27700
23537
5220
30444
19242
22277
12970
32180
7699
2313
17664
26343
11034
7495
17781
21132
27952
27638
27807
7886
10633
17250
17739
18518
4589
13632
7197
1773
13250
7586
4933
21141
22857
26136
21544
30945
15986
25521
20919
20843
19435
29439
39
8094
12890
396
19108
3524
19431
8920
6012
26356
3224
11502
24858
6132
8757
10664
31771
9438
11469
25975
8334
17367
8697
13356
1552
24240
6992
17892
3522
32414
2203
20056
16787
3514
7591
28740
18179
30374
32510
240
25519
31434
28441
5387
18684
15631
15231
18089
1546
24650
25666
30698
20549
26680
4181
14269
1261
20459
28248
5356
7603
27170
17618
9480
6432
1094
24348
10432
11864
20859
31274
10219
9409
16421
21722
13010
14792
6445
20510
7065
30257
21099
17259
8027
28869
14849
5027
16220
18187
15907
23500
20433
7245
30355
31328
9640
10886
183
19471
13877
2103
15414
16169
28511
4983
11853
19430
14085
24162
8662
19255
29432
32609
2528
13364
23434
16118
25691
14423
4563
26737
27735
30414
9277
12046
10845
16407
13563
25266
16421
1205
11607
22881
15998
6613
2749
24762
28356
8167
17132
9098
27320
25964
4164
24082
17594
18225
27013
1133
15411
28818
24551
18592
2745
15181
7228
29977
22645
16417
27029
18779
10303
13386
954
9634
1073
9207
22352
4233
102
16357
15982
4803
2236
17718
6406
21312
14927
513
10167
10447
16983
10419
23642
290
8928
31314
25857
29092
21427
32489
5439
28133
21781
21899
15348
17035
10390
28979
1816
5807
1052
13054
7071
10976
9255
16119
28484
29757
23631
4507
13249
30909
24852
7695
30120
9231
3398
4641
14969
21340
26329
24409
18809
31339
27644
15270
28102
15495
13967
30715
9759
4922
4693
2360
19026
30547
7999
23438
20194
31542
22855
7268
30018
25953
27691
2575
17524
8698
24693
18455
21769
4640
5178
63
2717
12884
23700
10995
1340
27222
4613
31547
18117
30034
21457
16754
6442
18107
11073
16755
31079
10125
11330
7299
3160
30002
8671
16604
28676
13236
17054
12210
32300
21079
14971
31980
5643
5560
12369
18283
22045
22763
10538
16788
16485
17953
31482
27651
28486
29428
31790
9473
22181
8167
