874
24592
21525
15814
17029
5690
30198
11394
13094
12197
9045
16940
21924
17627
11192
26253
20674
24515
13920
16185
17794
24850
10614
20711
21357
665
27665
1392
9039
25570
8455
11080
2612
16061
11730
30158
22461
1016
10220
17436
28152
26787
12147
10132
11544
19792
5686
1700
5887
3576
11495
7954
30367
3360
10053
1175
10428
25638
18954
24461
12349
2372
16088
13837
23811
6213
23327
24367
24681
21234
13488
7007
9372
21269
24640
29828
6371
26896
24195
21137
2265
226
21755
27763
16027
677
30015
6282
14978
7527
3906
1899
3333
4654
13864
13514
27720
11420
32494
15891
9662
2869
24453
18941
13685
30669
25073
22531
29972
9796
8307
18291
1585
20702
10413
8173
11930
19602
17887
21538
24089
25692
3352
11870
30798
12494
23602
20319
28644
1954
15909
30535
13438
31072
11852
7803
9278
10348
25576
27465
7605
16959
1357
18846
17675
2814
28838
9923
7997
3072
22652
27863
19379
21853
1306
19303
7507
271
16072
32530
12639
28606
21209
354
16370
31392
13075
16828
1825
26733
19237
27096
995
6722
8699
5261
30803
10662
27402
20212
1348
13004
9781
24903
11504
17310
18044
15146
19511
13990
27547
1680
16900
11955
22170
2098
9638
10125
21428
20257
32720
1153
1873
17546
28710
22084
28201
2094
4585
7417
6104
31459
8248
457
10583
19560
3091
16773
1389
2235
28368
16444
24567
11255
5462
15766
14330
17974
10824
7279
20898
12441
31060
7437
29165
29094
5350
21569
30472
5851
5127
13782
16071
3205
24616
20510
16382
16820
9940
15412
3773
24229
3655
16929
29726
13064
27304
13841
20735
14594
4357
11630
2159
15115
4634
4779
31226
23270
28969
27764
24516
19581
11888
22376
15947
30258
26215
7090
6221
9749
6436
13768
338
20931
21678
15127
8496
24973
18031
1090
5237
31306
6275
24739
2406
26390
32554
28575
17991
9392
25656
12965
11219
10936
21124
6677
16509
29961
3074
8911
15001
10976
19518
19289
5064
16077
11052
22025
12922
9140
31412
10565
19773
28786
14752
13296
18219
12998
16471
32338
5687
24521
9857
16174
10004
22270
7921
3823
9628
8840
10747
24774
28514
15640
20099
11646
21231
20024
32277
21402
32155
16531
30633
14374
24433
14610
107
24423
23376
2978
23422
428
12354
28400
27992
22406
16519
1618
9604
17324
12398
20995
23549
13932
26231
14229
26123
12866
30629
15783
16763
13014
26044
14650
22620
27555
7061
5911
6052
25739
3854
5328
18003
17398
11923
17558
21150
10206
30038
32467
2712
11711
4692
15539
3200
7227
13549
10502
6622
30721
18554
3443
28451
2033
29172
30590
12728
827
17810
17783
28330
31588
28487
26517
27848
32763
31728
5246
29897
669
31682
15280
32137
17488
30331
30696
32035
15408
27189
19744
18427
19938
18910
2755
11233
12576
4927
3353
23643
2640
11310
31361
9283
5286
32659
14080
1093
3782
31594
30354
22636
20464
14120
32492
5095
21434
3165
5281
25624
2382
23822
25389
18132
16767
5708
26998
27985
14333
32055
23554
12907
23400
4871
31081
107
5644
21829
18220
6209
888
3023
28867
31697
30819
1709
6230
16041
3903
21976
21958
460
4511
12861
6327
13488
8945
26229
18230
19580
23745
2626
7934
22782
29891
18163
9232
18460
27509
24408
16149
6510
15085
26969
10741
22849
24741
1578
3936
29538
17538
29511
9177
21686
20202
10265
965
6414
18142
10461
3032
27030
11136
19676
11217
5645
11588
6072
17756
8690
23780
3068
24029
15512
12255
20236
4084
21690
18780
19616
29188
2638
31089
6603
14455
23693
5795
31841
17662
18363
25112
21080
28097
1223
26084
8490
12713
31807
7207
7930
11256
10831
29354
13660
25998
841
1266
16480
27297
8139
1813
5690
13282
732
24960
29960
17072
25674
32141
3981
6146
27311
8023
28498
19884
5794
4552
22396
31069
16303
4638
611
14521
28112
13095
28712
2957
20626
13004
16422
18131
66
3205
29768
13609
20586
2104
21854
7095
4150
22755
4766
25295
27607
20938
26847
18386
21562
31042
21362
29712
26054
7953
1634
12911
1311
14233
21819
2234
5394
22256
21700
23183
212
2283
30803
8878
26857
1886
16265
26251
20647
11010
28307
18376
26877
810
12504
19335
14208
29393
22677
4213
20733
18049
14052
6025
9399
795
22614
31890
30988
13304
27723
14993
31215
9050
15751
25808
23768
24443
21086
4337
17097
31683
3250
16541
13221
26058
7385
18419
14364
14976
20286
8596
12952
26918
26091
8980
29317
22669
17216
23530
7093
16103
29150
2804
12289
30331
5500
24514
15101
22239
3979
3067
15936
5787
8444
15358
7615
6553
22657
24836
24989
4967
8603
10925
17885
30701
28233
18087
7258
19284
25785
19568
18949
2936
27060
24752
3369
23191
13876
5106
3600
23980
8746
455
25914
29228
6940
5694
3804
13429
32130
4649
18206
4216
19799
3846
14852
12317
26457
15317
31510
13424
22945
8093
18811
9948
27365
6403
12845
17613
5633
29683
9649
13458
4635
10299
28598
22922
8579
10973
12173
14431
7421
28978
8073
3986
25382
18055
31393
29335
15563
16613
28324
8674
19294
3167
23872
28670
886
19642
27587
8903
4423
4817
28103
24408
13381
9204
3568
28237
11830
22208
14503
11882
11579
6665
31245
1358
15228
19165
495
26350
32696
7149
9426
2036
945
12831
8784
22934
11313
24165
24267
11521
23249
7643
11389
31337
4967
1381
14567
25180
15623
23148
22131
22886
23450
21320
26620
19278
154
10201
13702
10521
22923
18408
4944
25526
30719
21860
27595
24715
15979
3058
30915
21558
3859
12320
5967
6527
15311
17625
27435
5929
4435
30064
2057
20655
21252
15556
28822
5220
30201
32535
11661
28569
12813
31509
14495
10434
5016
10154
4809
18172
10394
11593
1465
12818
243
13565
31433
23161
15680
14367
13066
5594
12337
29677
11014
5498
1674
6360
27925
25759
21980
18651
9413
771
4590
28009
13937
22060
20254
32510
28732
8394
28032
2262
3051
10051
799
8032
24734
13094
22651
25217
31532
26253
17771
22017
26190
3250
29609
19548
8982
943
27783
4483
31709
31116
2854
15399
11969
7509
31132
8004
21589
18865
23879
26942
2692
22345
6749
20664
12918
11744
11477
8286
11310
31879
3755
20364
9998
1198
13625
5735
4928
22282
7085
22794
24098
2516
9581
13968
9189
12611
28746
13036
23143
8803
488
2747
14815
3458
2312
8648
24125
3295
32149
28205
16819
8541
18278
28611
27438
2347
28041
20793
26707
19286
15209
15099
23361
9738
5727
558
29303
25655
21558
4621
15981
17017
2402
12912
17092
23337
8236
32694
4274
4141
25251
25288
3265
27047
8725
12794
5096
32249
7145
17917
27299
24994
12761
26456
6255
31137
11971
14831
25646
3681
29150
4708
28946
29131
21355
32160
13756
32393
20084
2413
5164
26891
7738
13512
17852
2908
26859
31200
25805
14614
12092
30704
2882
19898
11819
18627
8983
30216
10197
10763
25696
31969
22762
19054
25144
11062
31964
25992
11029
29519
18017
16402
16075
15550
4886
5181
21706
4019
2704
23841
30710
7646
3702
26155
31732
32244
25640
11218
28293
18169
9950
29299
17744
31728
6641
5886
17510
14733
4608
26675
15731
8845
13896
26506
14182
13919
17232
27743
30410
28454
14240
2274
17335
31729
25185
9753
32449
23406
27783
32293
25176
15507
6270
12133
15492
699
30974
10686
29728
32217
17410
14925
24986
28024
1246
19176
17737
20468
3781
13040
8183
29845
12374
7149
19462
16209
10085
31274
19418
27053
16783
22662
8472
17781
10811
32310
498
30091
10078
17510
14245
25626
10181
28454
1181
26352
20700
18465
27004
9873
1980
10170
21342
25349
9339
16770
32255
10190
11514
29470
13385
22705
15773
10819
12016
27315
14568
20794
17727
24346
12743
6974
15262
23466
12722
991
28186
3784
29565
15594
1343
4316
12356
7249
29922
4750
10702
22687
5846
14940
23181
27536
23971
20360
26268
23426
22701
6520
7858
25858
31770
63
12885
25413
32081
13217
14667
21685
561
18867
9192
305
31898
25352
5533
17368
19038
4382
16476
14377
26245
24770
10018
22938
20035
27746
27081
973
22870
28884
18717
31497
22650
30178
10734
60
32402
12984
13337
13367
11739
6443
32234
2128
27551
10348
6184
12700
7710
10391
1985
11586
7022
28033
15155
890
375
29382
5866
13217
2891
6272
32256
21717
29238
25509
7447
10311
8020
6315
23298
18709
7126
19949
2103
25725
28622
19506
24563
3278
1104
23944
20710
14780
28639
10725
15047
3328
15524
3256
28380
855
27096
13121
28037
32256
27977
21008
31701
6970
21918
31651
5556
6335
29084
32683
27482
2995
21566
3888
10975
32382
30143
24687
5538
4434
24838
15049
16584
22474
30529
26232
4888
28053
7785
22591
9011
12767
24089
28385
7007
24800
25319
25443
22639
26685
28558
20230
5846
21637
13926
9591
10425
6276
16998
22742
30576
5412
22143
30332
22681
16049
19115
27949
29572
20827
3112
27801
660
6146
9815
8442
1269
31061
29518
24133
24966
7458
27363
19475
7056
12153
13611
22337
30633
14973
9097
22194
16213
25817
6276
2039
24773
17584
9599
11945
21289
17489
10187
10479
14300
10613
26520
24716
20385
25423
4361
26378
15688
10171
9902
13586
31231
18522
29363
2225
3517
7091
20526
26765
11772
11957
15872
13829
12898
12692
5639
26988
13829
20283
7013
19069
20342
32428
375
24145
25177
13630
13817
19350
24585
5847
7224
20893
15311
3613
32471
29052
14612
25856
21199
25135
4521
12234
30744
22126
6732
30906
8613
14752
27466
7822
2450
8421
11220
22740
16695
16796
21818
30380
27244
4010
9656
23560
25427
9586
4575
4027
710
20628
3368
27515
32032
16614
22575
19998
11729
10642
4267
17113
16372
31581
29599
17181
26088
23661
13048
14684
17066
785
513
30648
31525
19494
5819
28239
29349
20527
31251
29428
1192
30547
31544
3518
20383
30842
22503
21540
14691
20252
25321
25380
14785
3552
20625
2318
966
2980
5574
16011
20866
21910
18599
23994
6317
22101
16214
10536
1054
21352
29357
16515
28189
19721
13007
8588
24633
1952
24032
24879
27888
8880
24428
10287
6049
25111
21611
4246
28163
23664
22884
32110
18638
8649
15459
20101
844
6405
10185
17949
12922
6308
785
26096
15662
12020
26417
21281
1104
3347
32230
19520
10167
31575
7802
23724
13320
25658
11954
17858
8035
32690
12119
13755
30241
32578
13776
24216
17723
5957
30706
25199
17854
30026
11345
24657
2274
4371
11687
25031
24191
28912
10446
8829
6484
6841
11944
25079
7956
2451
30716
782
22452
15038
28338
28300
15708
32647
1989
28776
17025
9232
10198
4708
21606
18977
7296
43
27954
24127
10667
20261
13797
7574
21316
32090
19029
14090
2056
20418
14083
11044
4233
8105
19742
32766
4737
30344
10265
8629
24675
1455
18670
27669
25482
12199
3486
14155
25381
3858
8707
24499
20080
13889
22360
6554
29318
1485
8485
7831
22203
4782
24353
19278
8470
6571
4843
3189
13782
27198
5945
31577
27644
15017
32178
10408
29263
28123
24705
7190
4195
28219
21746
22486
5175
14122
4013
1590
2750
7563
1446
30396
25078
29238
15007
18138
4439
7841
15387
1667
22047
5853
26699
3610
3184
12523
1027
28454
22540
28467
15512
11006
31473
8865
27522
17195
22582
23555
13928
25037
9425
22620
6715
24749
24662
16628
7376
1177
28968
29824
3837
18886
6917
4718
2591
8379
26644
874
10515
440
9392
4860
12636
18117
14638
20619
20653
30364
20216
19806
557
23897
12630
16589
13588
22196
14763
320
7833
23286
19201
14519
5296
22142
20405
28303
9803
13319
27411
26064
17153
7977
29847
29059
21333
11986
30352
5419
5626
794
16105
29855
1262
28630
26765
29967
6387
17120
32071
19274
26614
27349
7431
3726
26940
32617
23517
21789
5868
3949
6759
29949
12624
22215
13019
28437
22692
25836
11198
8669
3401
3587
7561
15471
4591
15179
27481
31434
25867
1003
5816
27177
31689
8996
3980
22277
25081
1201
3696
12008
3047
28864
31414
6863
31776
29124
16708
22378
12574
4031
15523
18443
21110
6232
6363
4473
6638
23685
26454
31042
1940
25030
3581
32440
7557
6770
24128
21254
8356
20292
16643
21428
8974
19724
25632
5088
12099
31872
29729
8706
4008
6808
13937
11564
9110
2322
12164
26762
31367
2017
17057
32045
29605
269
11197
15421
2595
2364
4014
19674
13206
15744
26358
20446
19862
3804
26912
13351
20641
26250
17819
9858
3791
1413
28346
5091
24602
24118
9755
31107
14090
23628
8880
753
12849
14582
26749
6699
2052
25749
17770
7369
961
20369
21304
4693
14745
31647
28264
23222
11882
31372
1757
15992
17969
16543
15398
19519
14301
19083
11351
3830
23525
22246
17216
13929
12461
22365
20754
31732
21092
23593
13095
13576
32409
27896
1910
9055
28645
18280
10026
28008
31895
26104
5827
16826
12212
3351
21084
17569
6722
21461
2079
2823
15837
9111
20347
29856
29687
6575
2675
25144
6624
29017
11922
25893
22460
26998
28023
18931
26275
20890
27567
18958
20599
18243
9442
13051
2561
16731
16566
8166
12003
25692
23469
3192
13531
23198
226
17209
11966
13750
30641
26849
10353
22252
24901
1557
30056
17915
5569
3507
20432
7276
19388
10316
6147
3581
27725
13471
29525
2937
16432
21774
16269
21715
1747
23733
8021
24547
25488
19187
31953
29294
24516
12040
26687
893
1421
13512
10935
27169
18215
21218
1166
18410
13884
2329
14438
12960
11997
23693
13018
29191
10275
6706
17521
12618
2775
11598
18263
21397
15669
12699
26113
29399
13351
14031
12967
19013
28067
6288
27884
7284
13388
24830
21079
19718
8324
19532
8313
16061
19294
27176
11399
9355
6853
21750
16974
8817
29460
19976
21992
11496
31765
17325
10646
9151
6886
24228
27585
19356
19238
10014
25172
26398
20835
4219
28370
24480
29746
6926
16836
2198
18817
1292
14847
17675
14222
28609
19749
6630
28281
11628
30235
19126
30918
9283
10017
24096
3364
560
424
9396
27377
12229
3752
23193
21965
28524
1529
4889
12568
12853
27508
9854
17556
5707
26236
26999
8430
11184
31510
16230
27454
10694
9916
13782
26927
1194
10360
8437
16977
22037
3914
1261
17342
1243
7553
19988
5443
21727
5225
718
25506
16982
24190
31290
22334
27210
25305
5978
16026
18235
19537
5672
22137
4118
5535
29574
2516
30254
15620
3230
3833
13915
31214
2630
2289
135
24908
4006
16738
14271
23215
14774
9073
1964
1244
23923
32643
12377
3638
22636
2855
28891
10330
5582
8724
14507
22411
14228
79
24305
14297
28083
8736
1820
386
6887
10402
10207
5756
28954
23350
15342
29620
8909
29957
19200
7026
27440
21836
9827
31062
27544
32672
19931
28036
10289
18682
16470
9113
156
8890
26895
13724
19196
23853
7571
10833
28270
8544
26520
16217
6663
10051
25009
18620
2185
30374
11243
13545
9540
16269
21274
11779
29695
24517
9046
13518
30080
6447
5594
193
9154
9859
25957
21694
19310
9464
4222
23184
24672
17749
30894
15446
13179
24259
23593
17623
6630
29155
29702
11229
2244
30100
6570
5403
3780
16871
8665
31568
14110
2699
5015
13838
28846
3501
21697
7180
7166
23280
8941
27557
27699
32736
10964
27798
9266
15946
11097
22920
10764
11976
32381
1754
12499
4713
6736
27240
7616
6182
24598
1359
7049
121
4170
6810
2777
3589
4690
20788
3454
27984
3446
24836
11557
30571
91
21655
7226
32765
23064
10881
9353
21135
2364
25953
23025
31604
24527
10959
26835
2658
24167
23498
32379
4938
12488
17452
11416
3834
20343
1414
5658
26013
22414
20021
15390
5888
17321
28613
5520
30088
21582
24441
4211
14505
7830
30407
32552
31371
21918
20297
19759
4337
9787
15553
17034
10963
29224
31915
25251
10404
21211
16385
21226
5924
31937
6827
20930
26828
3894
15661
19000
4134
30025
21357
18124
14534
30542
21718
1089
21201
13111
6053
5655
20759
12888
14860
14887
32325
29948
9761
4623
21359
22517
22064
17686
22728
16355
3481
26910
26128
18777
13609
5029
17822
20206
12798
21084
27972
17332
26617
15895
22850
17644
8633
22062
29916
4805
10367
28457
4023
1792
4570
3084
28553
4320
11914
28496
18287
9294
17316
14651
250
22242
26719
19794
17183
30520
12518
11130
6620
13905
7261
13894
10695
27972
17680
26443
29591
4407
12417
26458
23983
6941
30874
9894
22365
10129
7387
31930
30684
6657
24633
28192
13549
16194
6778
12867
4134
27754
26256
32033
9482
25619
28714
7378
2159
26240
24912
7371
20368
32353
23244
12843
29492
22019
4498
1391
569
32066
9555
11934
25475
12575
13666
20218
7942
17465
11816
22504
21003
23867
16041
1428
2729
5703
10901
31937
7938
24042
20538
2272
17701
165
1359
32133
13468
19012
23081
24434
13817
11933
30005
23920
17471
15097
30757
12771
2805
1116
7793
10396
22549
13619
29079
15341
5936
16625
5729
16883
9873
4253
1975
25992
17458
8035
23762
27228
8505
4399
12982
9460
23379
5264
24321
10132
20579
446
29888
24516
32473
10866
28830
3483
2360
9915
16887
28763
26348
8043
3931
23195
11771
5514
8627
17751
21945
27812
8476
21614
27675
2901
23841
22483
23778
20537
6258
11685
10615
396
27280
12700
32120
15889
24935
27423
8464
2582
24740
5404
155
8115
3195
28493
3222
18063
6403
31493
31971
20956
28827
15767
28917
11064
2277
14902
18570
14519
4969
28307
10061
11576
7353
6807
23716
22211
28913
26667
12906
27333
14233
9002
7735
28689
22685
14002
15083
21798
26553
14292
22793
7835
1430
13303
4120
19968
26442
10060
19864
10312
12080
7968
13439
11775
5693
13941
23412
24560
11004
18885
26124
5234
13753
6053
8287
18436
16285
1086
14840
11563
1316
5617
640
25081
30903
24500
9259
308
3161
7307
12755
7602
26869
7469
16763
22017
16636
18989
21877
7785
18389
23454
16394
12400
29946
4134
14125
23526
17018
1668
27674
7571
15208
21722
20619
17960
4865
30976
1897
16234
23581
29083
29385
17153
10794
13199
4207
25373
20552
32002
6699
15564
16489
31568
7680
21257
23814
10712
17654
12249
20166
11501
29898
28383
27398
1689
5548
1041
10511
13636
27481
11895
14966
6217
9086
28182
18937
9143
12465
16212
24312
589
10405
29311
17024
30771
11538
4400
28342
22821
31764
30365
13204
14577
26174
23960
6717
20842
18043
32122
32563
13168
17431
13634
10423
7352
11658
6132
22574
15766
13788
12523
26300
15007
3649
23233
10764
17880
9454
7631
16277
774
8422
19122
14230
10503
9501
16059
29435
9261
18604
28944
18329
31839
9522
31913
30610
23547
13129
1539
32437
17421
179
7643
31393
7056
21207
20175
24031
28907
18500
6718
6246
2636
32263
20700
9077
4278
5308
1385
8597
5340
31182
6710
19184
11345
4230
3330
11926
2967
20618
12
30838
11473
29643
25871
5912
8018
32686
15543
25731
11483
13475
20021
20182
21143
13054
21322
30924
9588
7312
9435
17868
18945
12682
29704
9244
11728
25525
12625
31302
11669
19957
14134
2489
25507
2126
3580
2285
3811
1185
28603
32351
8166
24141
24234
25713
4993
7463
23279
3809
19877
22031
17095
13816
6943
31800
6194
18549
32476
5272
1749
28683
6088
16349
31390
12808
27372
10003
6936
21156
2375
21477
32490
23279
19076
876
16948
21816
18492
17589
3871
5095
19559
10046
24172
22108
28991
7772
13649
4983
6585
13829
7038
12511
9793
22606
6629
20349
23577
4086
30653
23450
9451
7181
3325
9559
8347
14982
16623
4649
11117
10397
29495
3412
15008
23599
28055
23420
9425
17497
6953
10665
11937
4478
5608
7966
29682
1334
29815
15939
6741
6110
24298
1905
9776
22070
182
12918
19134
12145
2684
22677
28318
1206
26428
23104
766
15207
24603
4605
30689
1992
31238
31512
2354
21462
21718
14929
27636
6144
3018
31429
11854
28931
10234
17623
5311
31379
29918
29262
10098
54
15
29077
31922
18332
29899
22677
14074
16042
20650
22301
19315
28225
29967
28822
30350
22355
9139
13182
25621
15499
24179
17344
16367
24402
17101
25058
31967
22438
3923
8549
15544
28523
23099
28990
18209
284
22576
18248
20646
17544
2576
690
27562
9568
1218
26963
2604
11414
32341
32187
18254
14981
8816
30452
12331
15995
9368
28156
19624
30100
13998
24701
19535
11291
4980
25238
23534
9252
16734
21307
31487
12178
17965
6349
14461
27724
12792
14723
4964
9366
16323
29822
21249
20550
17785
4506
22156
19271
23549
28297
9523
26528
12097
27403
30109
4070
13928
1628
20453
19154
496
18973
583
10451
8401
17908
29949
2147
15891
29797
26695
7962
18288
24393
17695
31374
18156
1899
3584
10235
13863
18653
7008
1391
8787
490
19979
19733
22122
5542
2692
47
6162
3668
8274
26059
18750
3106
11084
10499
2813
4613
16704
13932
6510
21271
22301
30036
5699
1222
18007
30174
25067
7311
12872
2859
16814
11800
18004
11506
15312
17240
25319
17660
25167
18567
7584
12984
25417
24383
755
16678
2387
15427
27320
11969
18454
27069
14536
849
28853
2165
29719
10954
19615
3834
22494
24710
9865
18732
9730
14093
12375
8160
20780
30566
25053
25707
31843
29240
4670
6429
17436
1137
10765
32406
31586
6746
26466
4282
1953
23448
27396
27501
4635
16135
2463
4918
30826
23627
889
13728
23608
8812
17728
7060
29269
2300
9615
32460
15031
9530
18585
19746
21149
31482
12757
18571
24906
19050
13167
11829
5849
27060
5238
22049
31699
16346
22600
22573
16176
17066
3014
1623
16264
14029
14197
5651
17251
7530
8625
22269
13357
17711
30412
8767
31020
778
12345
22277
26544
19906
14437
266
22871
25757
24104
12027
29539
12383
15088
4305
11295
2746
27050
7895
9176
32269
14238
25072
1198
28705
14045
28880
14518
23474
11053
10636
24022
9525
31487
30662
27091
31467
21284
20943
32652
27777
19393
19877
25567
15870
4722
11458
28442
6104
6870
6707
21215
27400
564
6918
17441
20476
1039
10501
6143
1310
29812
11726
10434
32312
434
22379
21400
13429
3755
297
16167
2664
8362
10764
12017
21946
31152
32211
32090
29771
16872
12768
17644
12807
24509
25462
10661
18325
12418
25705
24494
9825
14269
17111
27382
9065
16178
13155
30778
6160
20850
17403
20466
28044
8751
27583
14170
4505
26642
25269
30165
3834
8206
610
16293
2678
28888
14686
18816
30394
11286
28071
304
12620
11448
15924
23244
29130
1045
15770
8783
4103
13851
10502
28066
25873
2087
8585
13963
29265
32682
9331
8351
31233
23453
848
414
19066
1447
2183
29328
17227
8569
25116
25201
9757
25655
29887
9506
13546
21984
10034
1779
23129
18984
26107
65
9671
962
19092
19809
18737
16304
25238
16921
19215
12971
5830
23249
31433
17859
2205
5393
13878
13779
4218
10593
28300
8883
26891
15528
11068
2782
202
29551
7711
18017
25532
6454
30163
11460
13498
31126
27044
19683
14146
12142
19740
23146
16394
22754
9843
26160
13957
26214
1139
22504
9361
26004
30808
23050
31166
17521
22346
1058
10658
23102
29530
31242
15675
22774
11221
18840
23142
11619
17408
16138
16710
25064
11935
13987
22904
30906
15411
24409
22292
13180
6294
17541
2224
22556
9942
23382
4070
18722
1851
28753
30314
1972
1744
27563
30272
8950
11538
7841
11771
26179
20786
19414
24506
7918
30515
17682
10858
27083
9872
9408
2732
26710
29020
28742
6410
26530
8357
263
14830
19186
10067
27053
1226
20524
14174
11516
1960
16009
18416
6803
11944
23277
25567
20031
27372
29970
28273
31586
10964
27112
26021
11254
1693
3253
18652
16921
16221
20572
26177
1523
270
20671
16302
721
25198
7856
25187
22531
28182
22985
29891
25543
23891
26176
7748
5639
20490
21146
8689
28706
348
32019
16102
929
6668
27095
32340
28436
14825
79
22014
31005
29312
3724
18138
9932
11200
20457
15309
19502
6568
2652
30167
26361
7458
28803
17762
28788
651
1128
26624
1321
15759
11855
27038
1180
23353
6471
25708
22841
8739
19090
8479
28010
17966
5828
11122
6653
9392
5924
9560
17053
17330
11170
30394
46
18714
24707
13518
20385
12301
7565
8077
12378
26219
29072
19742
19977
21979
22436
2523
9595
5038
28281
8836
26376
5424
18147
16737
22069
26826
14701
8758
6988
22008
11626
22713
17150
28066
19101
30985
29559
3571
16660
3077
4779
21957
6957
19836
26549
18406
12065
3694
23567
13226
6234
25371
9105
9380
13769
18835
21799
2743
7859
3114
26476
14204
22231
7324
18330
2965
22765
13826
15739
26277
23191
26334
30315
6394
20850
14874
28546
22505
21523
24436
19343
25298
20921
862
22398
24403
23017
20206
7565
21904
8624
16826
15341
16075
8454
19932
20546
31490
55
6305
6665
7151
7145
8232
4226
31815
14218
7967
1403
22185
14452
27622
22351
28376
1767
24134
9831
28623
3377
4869
7459
19889
12202
11182
216
30424
7481
1754
17570
13095
23111
13107
5012
13035
1334
19381
31356
21819
32104
16102
26269
7428
28543
13156
1109
2688
22285
21050
23477
18032
5256
29453
14320
15400
19639
9674
21083
15192
29956
6194
6923
23899
25312
23226
12561
517
32375
31738
12121
14803
10663
27886
173
6099
17837
23947
5841
20923
22836
4745
15556
6839
10104
14877
25505
28431
7122
17949
6959
16148
435
22388
18360
16512
15631
25001
27644
5024
31872
7423
11456
185
20167
14068
19031
26242
29785
11989
1312
20011
9585
31916
31962
20694
21985
10725
7853
19285
13423
6712
32250
11483
25727
11260
29583
4875
7243
27651
15681
4464
24130
32697
19057
32258
1177
522
21300
6716
14901
4102
26133
7335
15916
28662
11339
11186
22827
17564
31712
16261
32017
14200
7997
19541
12204
2894
23212
22531
19519
15046
9704
18749
22856
18374
4166
12243
6450
30103
16794
27643
24269
23031
20862
15162
10605
4452
15634
27142
6203
7293
12854
4998
24532
2236
23061
7517
32319
18848
6743
18344
24967
10315
12169
21180
25284
1190
31310
28509
19728
32707
23460
13855
10273
25472
19481
19866
6665
15117
21706
1127
21074
27271
20774
26038
32110
3506
6311
28213
10064
31527
26354
12453
16310
10668
16569
30791
3155
13770
11002
25829
1796
11175
19456
22173
15379
12525
5000
29681
1581
28236
19747
24179
7285
8927
29941
23587
19331
14574
1399
28731
2111
5262
2729
14183
27376
26722
23525
17753
10839
19238
21341
29553
30749
8028
1684
17283
1733
11189
5300
2545
27164
14344
4093
24129
16955
14373
12517
24790
13339
24929
3540
931
12347
26576
9899
4344
13238
20110
19166
21345
11246
7716
28619
10994
23446
19218
19393
27859
19089
16952
7279
14195
17012
14525
549
25815
6670
4709
5202
15122
22857
7685
12805
31545
15132
6885
31878
12378
22052
27322
30293
5634
31828
13652
20049
758
28972
28445
29161
29683
10455
7043
13929
29610
13985
4297
15676
19686
10652
32644
3733
7793
21507
30896
18067
2357
31972
6610
10861
10941
20819
6840
7482
20843
20165
294
2363
12612
3205
29876
13935
12120
11093
22984
1903
26939
24085
1185
29500
27586
27783
21448
20952
4004
2926
15654
18527
721
6579
2696
5603
11108
1942
28463
11029
2511
8758
4609
13986
16072
26120
11521
10395
7163
5022
27818
2853
13661
7429
23380
25398
30877
29113
4983
23705
13727
20423
16125
29729
23610
2634
16363
18406
32534
19515
5927
21501
5954
1105
6660
12452
29270
15016
24333
5902
32130
29181
4883
15838
30335
12924
29733
13728
20996
14774
23389
5133
5464
24408
1108
15535
25904
27030
1440
21944
31879
25983
411
2800
14377
5077
30760
5130
20963
3896
29806
29340
19517
26082
3584
26691
6504
25023
8758
11044
19710
23644
6492
12403
16501
22885
2192
5483
10980
1112
14383
25316
13093
14937
17383
15487
28277
29424
7420
5672
17750
28993
11427
13169
12097
15083
21504
17957
4316
17848
12282
25663
10127
26932
22373
28747
7416
11878
28422
57
29754
20780
19826
15051
25895
11615
4382
2418
29192
25561
13060
20718
5534
32721
16092
10153
30700
4225
28778
11639
9002
554
32566
22211
2002
6023
3937
10327
5625
6496
18747
25308
1181
26618
6825
21824
17044
23284
23948
12630
9310
6870
25870
16861
23486
3247
7988
7983
25041
30148
22579
28021
18553
5376
16176
29221
15207
25722
9175
5747
7861
8462
19818
12624
23494
14879
9832
15666
29728
10722
23066
10800
632
12743
30401
3150
20639
32446
20201
17792
27075
10522
22700
19665
4636
3838
1824
4810
31287
29250
30800
11571
17864
8217
17044
3106
23616
17574
24966
4559
15272
21414
32163
9573
16889
15580
16507
25130
4999
11089
20179
29781
13942
24737
25472
26300
9238
5367
3914
17114
28679
22645
9712
29020
31063
28189
30344
29116
21389
25044
11987
30747
30597
28307
3818
14091
24327
2197
194
12104
25422
14566
31502
23621
9040
20332
19782
338
13025
24163
24152
27627
25234
21789
7685
20016
17521
3989
6144
3913
8878
32710
18613
19640
6184
7679
2392
17495
6776
29727
30347
15527
1745
18133
19423
22988
100
12821
6305
26219
26070
17332
4313
24761
12119
21639
6383
30355
5063
21021
9231
16803
25861
31255
5226
7712
29580
26356
8880
26733
14222
4596
17433
19715
15596
13051
7139
31951
22078
12958
24110
6896
11361
16254
13362
9959
30811
7601
29060
15851
32350
19117
25823
27612
29845
4811
881
11180
14059
30078
17950
11666
3530
31035
11053
30739
31520
24923
10200
1463
15832
24132
14136
24831
1752
12677
28736
11856
10533
5216
14738
23649
18951
22008
7963
1960
25588
7952
3537
6544
32640
13049
30399
13309
20531
10296
25897
4256
11826
16847
10186
22666
20175
12619
10958
2305
4746
21426
26530
11458
24667
22574
30796
6883
29056
9040
2059
3583
14121
24510
17808
11976
8989
28630
67
11442
17697
10009
23081
8114
26287
26236
20561
28812
16102
20674
28577
643
7889
7565
15437
13353
9481
10380
29227
29213
14087
29281
7715
28799
28653
15455
20013
10690
17100
25648
16148
30049
27000
32593
11676
31954
7670
30124
3043
2721
9924
12538
23334
12398
31344
24807
6180
10276
17282
5457
6937
239
12018
22697
17548
10265
25824
6504
1014
21845
32420
6003
20492
3585
18687
3144
9441
8122
18790
6300
3153
16719
28173
16575
24555
21233
7691
11987
14307
2376
30807
5822
32317
11982
4854
16510
10762
32684
7531
2579
20928
17815
1060
24776
25428
18234
3554
10445
28011
15770
23547
11119
22943
29755
25341
14527
1809
31351
5356
22779
9106
20162
30624
32149
4297
6708
6368
30907
26840
19927
15655
26683
2423
27705
9757
1129
32437
27412
6349
18826
6827
2983
26138
26068
27482
3205
14875
25878
27121
32738
28561
7032
17205
9910
21201
8629
26782
12749
21472
17016
4958
13574
9958
9530
20604
17356
29409
5477
17939
30600
13367
6250
23661
14928
13248
6972
19587
27272
12093
22784
31066
25837
19088
8870
22736
16634
22176
20795
1687
13541
6414
28945
14864
13741
8932
461
1102
3309
26966
23723
20609
10353
27679
7213
6770
2301
11504
26094
17368
8249
26517
27483
31910
8263
6182
24019
23595
12348
25842
29524
3092
25293
4317
27924
10049
29553
25300
20666
12253
28797
5240
23209
15050
7710
19253
4286
3137
16209
7423
907
29499
15663
15523
18557
26569
13279
29842
13736
7304
9374
1828
19622
16738
3280
24399
1098
19688
31462
24311
31908
5842
17795
7912
20486
26771
22123
19608
18013
9235
19486
332
23249
21896
32627
4803
25274
31112
4231
6630
32082
24206
12473
23511
16083
14937
27953
31965
17514
25022
29974
16276
9152
1055
9673
8008
17925
6744
24413
28766
10088
7640
12490
26803
1964
21696
20382
23105
7814
8677
28984
32173
23393
28939
28667
7832
20726
17139
1939
11482
225
20826
14579
26475
18077
20424
19555
25091
32111
18997
974
2813
31826
29067
29703
32061
7476
27224
20791
32140
17076
26021
9474
12751
3232
14450
2741
5664
7147
26825
14989
2818
15609
25476
11899
23901
7031
23987
19811
27989
22854
5427
18033
3030
24776
29337
11256
31480
5799
30508
17351
6391
9840
10214
7735
25545
30314
32664
29169
8287
8079
21869
32449
14276
6041
18011
26936
28589
26905
19645
21063
3456
29512
28101
27900
11091
24637
20680
1020
22365
25558
762
5093
23421
26620
19455
25939
23161
26159
27559
15067
17677
2047
9834
8686
24796
19680
22107
28772
21378
26501
30278
8402
17627
16524
17623
18011
16528
30512
14699
31451
3906
24830
27659
22434
28282
9992
11055
22663
25351
20543
28862
25732
27090
28438
12361
21636
21820
25113
32188
18999
21717
6059
4945
3350
29078
29143
30843
20989
4984
12848
26316
32201
28790
22809
14203
17233
6920
32661
13854
30605
16749
26216
15640
1558
22575
25072
4168
1237
10918
1319
21499
9859
14843
23674
18878
21404
30985
12083
24370
19340
27716
6848
21399
28007
6116
7369
5445
20949
16122
17024
22805
13539
27948
8432
9333
2465
17050
16658
1138
32422
14398
29335
13889
28715
8011
17862
25722
15769
2318
30944
23597
1851
14220
5936
1365
20296
2747
14004
20475
20569
28355
20855
20479
7073
1809
14316
11707
1068
18980
25285
14317
611
11014
8728
22560
22922
2523
4366
6170
29027
29672
11130
928
2398
4909
5775
19153
6921
5965
26460
885
28359
29135
22519
17388
4063
718
14128
27987
1750
17958
28315
24177
7426
3274
7199
28293
21937
27201
24218
7683
2664
15757
7187
21262
6852
2661
184
25990
2789
30276
21183
29331
21516
11532
26363
9235
2257
19211
32432
22820
8613
23366
21960
23671
28623
654
31858
3475
11944
22014
7985
31252
17922
6189
9226
28165
6329
31478
23442
30151
22470
19561
12287
8948
13966
9045
9612
20100
24467
25003
22259
4930
12638
29243
11730
20036
17351
1430
16097
25867
9113
16689
19601
15394
20736
12369
4769
8378
29488
9252
7135
16217
22861
2408
10082
32221
24939
349
16699
4691
17282
30553
15081
28698
11545
6795
31617
15326
5612
25277
6968
6611
28577
8458
24721
22685
26444
17209
6053
3371
31254
21945
6395
31455
9894
29887
20728
20940
19807
7698
2976
3530
10304
500
25249
20038
6919
8920
11507
17369
31510
18537
3655
916
11848
23590
27899
4082
13624
21345
14943
5633
30661
17168
23756
8013
30523
7299
23308
14995
1541
12604
15927
13632
29280
24401
6857
4792
22916
23939
20597
16837
11942
5298
17474
31319
21032
2531
18406
5433
16045
22165
29501
30700
16711
21635
31920
24884
15901
26141
21510
4154
5496
22623
4881
673
19281
17570
5319
15554
13453
19220
19720
16018
8236
20220
218
10288
21120
26157
15755
17728
10707
27297
20592
8684
27651
21704
18449
14258
879
12077
10442
15707
24104
18291
12657
10759
6455
4415
9253
15541
15493
1847
12337
13997
24181
3142
18627
13716
14143
24226
25761
2152
12340
4064
23862
20656
5414
6123
4078
19404
28746
6781
18098
30975
19528
23344
23081
9245
21078
3598
8460
3944
7864
16970
22821
5500
21060
29466
10901
22516
13733
16920
7801
19203
9694
14571
10088
12630
15124
14960
5208
5350
26389
30521
5505
31839
25767
399
13237
7317
6776
12504
16165
31555
3219
9616
11345
10264
16849
5967
12292
27228
3453
11457
6941
26101
32547
14903
7168
713
27785
13494
11890
12343
12662
6388
12771
7933
3747
4531
7363
3186
6823
12500
25603
6673
29744
18740
21654
10168
8189
18513
12705
16321
18801
4699
1418
26846
5619
2166
23023
8878
22878
14023
27055
13233
19845
31831
27615
26187
11779
4584
8232
4514
328
25209
32359
4293
25736
5911
19807
4723
16503
10785
29266
8458
30869
14753
31380
4930
22109
27183
29817
20060
8228
31285
6763
27271
855
15359
11919
31110
26061
12476
26288
17808
28145
15813
25429
7240
27163
30614
23373
27145
32197
12942
13915
32756
27574
11897
4955
16642
6260
12798
21752
30914
29352
4130
27636
30059
21894
5904
7814
10186
15128
32367
10291
3453
31359
17028
25525
9300
638
11288
7397
5000
15495
1414
16061
29363
6095
20691
5243
10130
4196
30930
11308
26101
28423
32204
23312
19155
9891
6804
15999
10373
6775
23622
16310
2103
9872
6585
15424
22202
29745
31743
9749
25463
23198
18912
9494
26196
24881
14135
18547
8571
21964
16498
31455
9980
11352
7171
7736
23443
23509
27092
32481
8813
26756
1646
13201
26810
24888
22294
23027
19970
11225
30598
32514
15233
9566
20134
655
21708
640
6208
31896
1847
19252
21820
18825
14676
32412
10608
18813
25160
19617
427
9904
22842
6312
25248
26371
23253
2228
27669
21108
11377
26660
26682
31089
25545
11649
12618
30069
22676
2569
29875
7933
27681
732
10359
19892
8883
7300
10398
20972
20076
268
9238
14108
10808
29582
23043
27095
16576
26318
16441
11907
3257
16454
23149
13869
29790
32562
14049
30893
16523
4931
7051
31003
25000
17514
29149
12214
29087
5840
2889
24549
3902
5862
8334
1620
11118
2094
16382
10757
525
22600
1166
28003
17214
16914
681
645
25499
31733
23136
13912
5550
22752
10788
4806
25619
21603
30721
20156
31123
26288
8420
27691
19964
31832
23762
30836
28352
23150
30895
1261
6380
4882
14439
15895
25747
10322
5046
27296
24385
6862
4176
24626
28396
32657
17034
25043
1252
22013
2044
32752
8136
17013
6444
8742
11241
23490
9444
30987
11328
13609
25006
21758
7867
370
2699
29830
23666
27878
10593
17038
17818
20962
28226
32207
19473
8925
32565
3347
2691
4302
18862
14699
30011
24921
4979
24242
9642
8650
17755
4554
17160
28511
12240
27346
15930
25669
13950
8053
18170
3672
26510
7395
3242
17651
29767
7551
31194
20723
18429
23399
27258
28809
28757
22290
28898
16532
12326
31534
7143
7563
6771
26840
1640
5709
14118
14802
13072
7872
29740
25922
5708
24880
675
10774
28163
1392
9751
27170
25714
17407
21416
13514
24934
32321
12468
28442
3718
30911
22878
20710
31903
29975
20958
11163
22713
24043
13331
31672
21723
13192
11544
29060
11862
9888
26664
1177
19569
5752
10315
26412
10004
25293
6745
6533
14667
26707
18800
9640
15903
22043
19373
6811
26693
12163
6507
24510
1510
20470
15331
24500
24125
23096
21389
29269
11444
25050
22458
9218
28051
6991
23609
6623
29073
14706
10314
29415
5143
3115
18069
428
4723
24539
10496
31700
1215
27599
26950
25211
11494
28996
5134
12058
31915
19327
12143
21966
4112
23895
30249
16012
2719
9580
9462
13428
7086
27748
18429
29693
15424
6871
24157
17854
26830
4895
28845
5917
4109
23927
3734
26258
10531
25396
20257
25994
13079
5747
1267
4112
4782
19690
1410
21822
211
22826
14702
19712
26915
12915
426
26040
31986
8302
31878
10608
29371
6571
30581
30391
26820
20822
21162
18524
25320
15050
13501
9366
30098
17251
2517
22945
13312
12697
25827
25939
5077
23387
12989
217
23275
31814
28818
26740
13883
24007
1008
7099
9791
13276
4786
14763
32133
19684
12402
4605
14343
31419
17828
31444
29266
20297
27461
6731
31440
2311
18008
14501
32315
22716
7083
13566
2816
12391
27273
24836
18889
18083
26885
25099
28504
32603
7031
8600
30123
30007
1548
22333
13993
7653
15833
3519
30744
18180
9159
14014
9511
11421
28930
24261
133
30340
21515
13246
23273
21163
20355
31121
5106
7959
5508
1359
14071
24424
27821
25376
12523
3503
15682
4323
1314
8857
6673
10889
31993
20918
29190
11771
13668
31219
4677
2424
32099
11534
14926
16518
11119
3471
2379
12040
21530
10951
20912
12392
19884
13740
424
22370
18966
3063
29388
26364
29141
2323
17633
22096
7619
12884
20509
22260
1593
31027
9371
30954
6724
11472
21224
9070
6220
3908
19015
7989
8059
18398
16631
11826
26471
5552
13214
10656
10449
5386
11982
14829
16201
24319
4950
12018
2294
17111
8966
6307
31631
8662
31980
24773
31565
17010
23833
27396
31973
25902
2019
32325
32329
11630
15749
20486
18114
27687
8897
17929
10880
8517
27187
31004
26645
30426
28484
10961
30492
8268
4716
18479
15957
30897
18307
8475
3292
25386
30958
28148
26831
8048
23359
22294
17686
14370
22723
24655
4117
31277
6457
12486
7546
555
31909
10539
18248
11633
22778
2490
17164
28511
3572
27386
23532
10177
5793
16597
2059
1224
27648
30721
3615
23899
30351
30444
10517
5128
14240
3893
7401
1354
8495
28536
19625
22900
25485
8407
17531
24362
21059
26722
13557
23758
23865
983
26349
8728
10940
21588
25308
16736
10595
2648
9083
17094
24857
2005
12949
14922
31507
17382
855
10413
14772
7333
20325
17297
4286
14834
25678
1763
20797
20382
25825
29392
16792
14307
10435
8668
22566
24336
24288
9134
3272
5467
28555
25082
30190
18956
15156
4226
22687
20776
6834
21369
30645
17342
10864
28745
19291
20963
26199
28549
2280
30728
22625
32315
12028
3434
5366
3017
6778
8214
22640
2895
15496
18542
21318
7994
30378
2568
7057
1110
11486
28640
28866
17939
30480
17748
31510
3650
4138
21431
3570
23445
3436
9538
6569
26019
13790
23496
29297
22447
19629
8014
27325
4768
7028
3544
9924
21976
14462
13395
31505
10720
1931
7846
985
13080
25341
16146
3507
11087
1032
17839
8721
28105
29226
3562
27154
14399
16001
2690
7262
9402
3166
30685
16399
15517
11241
7316
14222
16205
8772
13112
9640
30070
14004
31784
30948
26866
31609
14335
7906
9227
18884
15868
10244
16172
25001
16331
26908
11526
17514
30067
19493
12191
18409
22346
32084
13940
14080
12110
2692
17585
28838
11489
9735
10301
10057
14561
16084
10242
28267
27681
28722
12537
1582
3681
10444
8238
21251
30294
19804
29912
15191
24775
23988
18349
1905
1279
31505
1454
27909
5364
23932
11675
13471
22691
13889
11605
22805
9479
11606
14497
20377
5922
32272
7902
12500
2780
4635
19125
4590
31566
23858
4067
23796
1009
24758
24655
31389
10269
17790
28351
11965
6144
19490
1584
21529
18119
22983
28933
14132
16161
10535
7728
6896
357
16965
25561
16356
32141
27583
8176
5187
7324
10540
20275
18700
465
3071
4317
13090
18748
17193
29716
26611
16534
23611
13794
1629
17396
29812
13853
24865
23653
21220
10162
15876
1834
30161
1312
12512
22570
17485
5112
12961
1503
8435
11320
26169
17737
18763
22979
24226
14770
3469
26601
8967
3782
19493
6504
16926
23062
31642
12718
10824
28858
3398
27679
8739
4694
13169
20172
23961
4451
29481
16863
4182
930
3389
19244
29905
30787
21204
12327
7292
16208
7091
16331
32156
17768
18269
24935
13735
12930
8254
14670
12204
22700
17824
7304
13983
15859
29397
19386
11660
5434
31079
32398
7312
31178
20101
8325
12540
15578
26058
14689
4317
8498
29556
4915
21542
31504
28516
7435
21074
2002
11973
15518
19761
22274
23135
19442
15688
12205
24338
13931
13181
30875
4071
20581
32229
13560
2180
1931
23188
26742
20232
27908
16793
32269
32124
13191
10813
31033
25323
28851
394
20279
32460
17336
4816
16325
12510
6971
26860
16284
6849
37
398
15698
23508
4124
28527
1306
21435
25324
17325
20016
21514
26031
30785
4767
12640
19070
2594
11096
25297
4240
6294
14805
22939
13179
3320
28736
4520
2048
13838
5909
27042
313
18742
27637
7066
21123
2420
14947
211
24125
7915
29805
26793
28784
23477
15797
17304
7962
17179
4904
22794
30715
10929
1154
5774
9396
7070
28335
28992
28974
2735
7521
20413
31699
15313
23134
23142
23580
10628
23489
17580
6380
6502
26554
1061
4038
10936
11342
22231
13162
24106
11754
7381
7322
31313
30761
5144
32388
20556
20989
3835
25565
32276
31549
25897
5783
11081
29418
12866
3964
4986
23439
15421
26234
20112
18332
6429
31903
16414
32518
32564
1077
7444
6721
27364
31186
3765
21656
30157
29954
24413
14097
20711
28583
14816
10729
21687
11244
31898
18041
6259
6393
28163
28319
4757
16398
14726
10536
27138
11470
2704
5043
20947
16166
17009
7087
21754
25616
19139
18540
19248
28111
28683
30347
3578
17262
3904
20829
4313
18498
22443
16241
16429
13651
19495
29009
8599
7078
30906
5099
29861
25635
8887
7035
23834
4463
4446
31577
28388
31748
17060
29952
11037
1558
128
20109
5400
21136
27724
25296
28130
19236
28643
29834
190
4193
15774
7365
18817
15427
20854
2568
8482
14254
17914
11972
30573
27981
3691
25667
22254
24806
31673
4219
21293
24321
31088
31540
27608
3955
32538
5157
28766
18568
2520
22538
26964
12502
24967
10640
26244
22553
22011
4225
28062
4069
29358
8307
16607
18811
11293
9892
26262
15448
32366
11216
2065
14369
25899
4628
12752
12761
1597
30218
6161
17758
18242
20448
23612
8986
32218
11099
12432
1443
15757
18648
32238
23524
19766
15046
24583
2648
23379
31015
21087
1338
24890
12567
11718
3985
8941
940
2186
7304
7468
18821
17488
27553
2275
12531
18677
12364
15805
11344
4628
23105
24438
3704
5047
14758
31371
30582
475
23892
3817
13505
23553
17265
29431
966
3017
3366
28643
13611
2170
7181
8061
29231
29362
18955
22244
32001
21725
32516
26073
10693
14774
13638
1925
31106
15221
32155
31446
19138
7253
20216
18151
16811
22661
10696
28288
20312
24879
22089
8495
3137
7808
9160
24704
4179
28493
18676
18116
16792
10711
32728
5822
8803
1824
4543
2160
5779
24592
29845
25008
14868
11593
18777
10626
19287
10382
14144
427
23190
3359
8199
27042
31727
10966
6622
24462
1061
18903
25299
15853
11941
20162
1993
6968
11444
7289
2258
19919
6082
19666
24624
21915
12082
21075
7339
14604
13160
10601
28585
32515
23705
1857
7736
32532
25774
20580
24813
27104
27504
964
11963
13141
12227
5706
14716
2893
344
12937
18371
22010
3621
18748
15060
24402
2234
18079
3137
27658
22554
14002
17484
21843
3664
9080
27184
23209
22236
19492
29200
2753
28810
24582
25965
4348
9050
29777
10307
26483
28992
5628
29107
13659
19968
30872
3218
11971
29729
17535
20803
24063
9856
3468
16613
17598
18434
3580
11303
29770
7491
24344
13257
4468
6725
26121
25354
30129
28233
10862
29277
23521
17553
277
23558
6281
18737
3257
17863
156
7877
2717
8429
3013
2919
20365
23474
21696
400
21939
190
6992
8320
27856
27396
7544
13383
4488
17709
18003
28069
23972
6888
11644
20313
31373
24480
1190
27790
15600
32471
5982
32278
6749
7565
18601
19769
29506
31380
12487
13406
13692
15979
12032
25657
31679
19052
3594
16746
15035
17961
23176
15457
15075
23316
22063
3534
27981
21553
4160
29500
10816
28728
20785
32224
24834
11283
17746
493
19254
6329
16137
7826
15463
2001
18703
9018
27886
28663
23620
1245
30462
18963
15406
5737
6411
29179
8930
23198
8594
31963
16665
14495
14048
19560
20938
19484
25102
28424
3515
19009
8375
7910
3895
29677
11893
10326
10652
743
23899
1186
14896
16793
8791
7189
15176
9260
18471
29425
27097
6387
10021
30091
15210
3281
14930
5975
24665
13977
27415
353
15375
25619
11171
12061
18325
24161
21919
11093
10819
24279
1162
5910
30837
18850
31871
13677
13368
22809
14221
18397
98
8711
27416
2590
3079
4592
549
17948
28874
31964
5537
6620
23266
7301
16207
720
9495
2260
5084
9425
27977
28989
24045
25755
5508
25751
24339
18157
12459
8985
16093
3689
10296
29081
27872
22889
9010
9331
29836
31100
30256
27925
15646
23464
16968
23622
12660
11791
4780
7509
17525
6112
6933
3365
21563
6549
12452
10821
12961
11824
14724
19368
19748
430
19016
31718
15234
2048
27786
19991
4188
19249
44
18662
9158
27476
3453
21093
22519
9400
8855
1539
2966
17466
26336
12058
19388
23104
3811
1195
21015
6615
29185
6793
19358
442
31237
3133
12109
21990
21862
14436
23111
17151
19254
21456
8349
7194
17835
11427
17324
2569
30790
28648
32740
32518
11842
15117
21775
29652
4765
19930
27637
20810
582
18649
25515
7455
5579
3760
15367
18739
26557
9156
811
28369
14932
12046
29185
7346
19501
2966
497
8740
25070
13383
4557
12171
22374
6959
21613
25670
16825
31203
12205
14635
24443
15984
19258
25443
13007
20403
234
3808
5607
29555
26744
19713
8312
28286
28568
27607
12843
6685
5894
23649
10462
22739
1744
1322
18051
23043
17666
12944
11347
15882
24390
5787
8619
26922
30928
24278
22817
12069
24919
23536
29281
16057
20633
3163
6064
5387
1996
13150
10492
2443
9353
30851
20854
24775
29669
8071
11873
22929
28807
16326
24620
11236
25934
11176
16513
24541
5645
8544
13701
16006
30573
4752
22818
4368
4495
16410
20934
10101
23958
12295
8231
10540
24166
30308
17673
9622
6071
32644
8155
18096
25713
26552
29893
3362
31816
27799
5313
11811
9842
17303
4608
11429
2365
16355
32001
19045
8089
32410
15799
28406
9213
18212
27452
5757
3597
2440
27711
30674
29635
4057
115
30604
30565
3664
18905
29541
23147
6539
15660
8166
3632
20354
12780
23537
17003
18869
26183
1195
22375
5839
5902
3205
29431
15080
32054
26067
6470
11375
17088
436
6420
11378
8607
21908
5297
13992
27742
22337
9981
14659
15110
13750
14529
25552
8021
6383
10260
30509
13920
18245
7291
1686
31991
11476
21190
20708
864
4803
19865
15477
8893
18283
3497
12947
11733
16274
12097
18550
17363
6697
21590
28304
17897
29812
18447
25031
13159
13299
9456
251
20835
18771
11952
12206
24505
16309
19629
22217
12272
31271
26946
30488
26002
7308
19299
11234
20526
22573
15070
5229
30042
15585
21583
29099
28983
8719
9098
12038
13831
15561
29262
32550
8085
197
18267
11671
409
14080
18870
18297
13126
18835
31966
27412
2252
25649
534
28564
14218
24590
21504
4148
32602
22315
19226
5250
8816
20454
12708
26918
16331
25893
25586
13110
9572
4688
5569
12175
5429
22291
11310
30949
20519
4756
15196
28237
20124
8777
19773
19533
21629
24340
31506
28504
22792
8449
4015
30010
30875
4529
9031
15741
23792
27126
25430
8308
482
29261
23352
4940
15152
27860
28354
14028
21199
31128
17871
14942
11403
30693
28233
23933
4899
11238
19156
14923
20735
32004
7212
24785
24428
7086
12050
24167
32483
15452
1496
12875
13031
9971
19999
11881
15799
18172
1931
8229
16921
16104
7495
4594
13037
29322
30658
25116
24702
24716
238
9184
24425
32430
31738
20718
3248
25668
13304
8392
28131
24245
22057
6671
28183
12638
31885
16469
3811
30637
6805
13980
241
31133
32436
19951
14236
294
10937
9512
3591
239
7158
12454
23726
5873
2468
20744
28563
3139
3081
5561
26044
19137
9162
10015
17782
28845
19850
2554
23845
22405
16079
643
8197
10082
7874
29192
22565
26919
26304
1084
2111
13825
3392
17212
29462
6586
21489
7114
11866
18102
7311
27366
12082
16201
19663
4010
1658
20083
20373
21483
2372
309
30505
30588
11122
14146
21523
13067
32057
12822
11238
11505
9427
24143
4528
25057
14418
29767
17292
8046
26310
2546
9557
22966
20364
22693
11128
1254
32321
14399
4916
8622
11500
20517
8360
17777
31845
25549
15763
26423
16381
6839
16248
7485
28596
27835
17614
2832
10778
7828
25884
6344
17628
5827
5200
29884
27834
1518
18784
1778
16752
26337
23148
1739
19822
13649
19442
17676
16765
162
31704
5744
7421
19857
2146
25154
24794
26406
2579
9007
11370
5078
23837
7585
12400
22818
26887
14469
4430
14518
22094
28381
3210
6637
1399
27150
26486
25230
5881
13984
1641
1849
4182
3502
15014
9849
1003
8978
4895
24637
25801
5016
7092
28051
11037
538
31063
4521
18860
2836
24742
21424
29490
8234
10875
13079
3657
19987
26283
27630
10267
32355
4840
24038
22344
31014
10320
489
7081
7504
30430
8483
27762
22372
23611
22221
22764
25327
5485
14612
27679
15565
271
4346
7847
15088
9991
9125
27040
21374
1338
29956
26201
11270
6162
8219
29585
32327
26059
21478
22616
17953
3474
7590
3916
1946
23222
6144
15851
25626
17415
26503
19388
6009
29666
12007
5378
20256
10065
29820
3822
12035
9519
17540
2750
27550
26219
16015
6837
20194
19905
1405
13688
19483
7188
18994
25224
16819
19515
25835
7844
12011
20267
20810
10323
15694
27042
8119
30673
8898
18636
22848
1308
11459
15325
24278
17506
12722
32071
24484
25241
23533
28215
28049
16955
18424
21834
18694
32737
24670
26218
7200
32138
12817
4329
14490
16899
14508
9955
12575
21198
10696
18740
26245
12440
27499
6300
17001
32647
29121
16160
29305
13160
7207
2374
4181
17958
8338
14434
10748
11229
18528
19634
22297
14021
23906
10689
31684
27525
25816
26317
13503
27041
1246
1921
31739
25975
16231
19355
26081
28338
20092
10486
3989
3008
30601
11478
5359
27841
155
7662
31870
28570
25931
28387
8921
4855
9025
6014
21840
20513
11580
4222
25807
31188
15091
13539
9269
1899
24547
27274
2881
6804
13107
27149
18451
14809
6204
6278
20832
4271
28980
12355
13654
10124
28632
6251
770
5835
10567
31349
26669
17362
12846
961
7776
70
16982
3078
535
29211
15096
764
14236
29097
8617
4143
11577
4501
17537
11758
14101
23918
8393
25415
3811
30478
26651
23745
19966
3365
4569
30754
25220
31318
29703
25967
11706
14574
863
16658
10211
1335
20706
11154
20395
17295
15704
20957
5844
1823
30158
31242
21283
9944
6097
17312
23364
14546
16313
22969
30533
25276
26060
17302
10690
16961
3899
30628
15324
12314
26515
2426
23256
11701
8789
15248
10411
4283
23023
14513
23957
21079
25776
13408
18452
391
13123
8741
14582
15986
28335
25036
32469
6479
29220
4295
3753
29982
28451
27356
2205
8114
31455
2215
28865
20556
935
25925
31822
24225
16093
8634
10512
10881
28024
8826
554
26016
5154
27041
13591
7083
19477
8898
4020
26986
26197
8403
99
12417
523
721
18229
3651
27674
989
4044
29298
814
20083
30630
4556
31227
1649
17657
27354
10953
10913
24564
2860
32268
13467
18855
17284
8375
14174
6384
24817
22547
10619
7251
4330
11660
28439
3243
30081
26636
16511
11979
3495
2868
23603
13749
19960
25826
18676
8095
13104
3549
29995
28902
4194
24296
25068
24835
11933
365
1816
12384
12972
21959
27891
7396
10215
6452
29796
14526
13419
30932
11855
13997
8105
8474
15842
11183
5126
4709
26084
28442
25747
24930
22209
8688
12394
25127
8691
1300
21165
23448
31491
15244
17321
28621
3645
3947
1285
12732
3069
22327
31036
27993
29510
6407
30660
28847
18702
15418
9864
12765
9291
26400
15800
22955
8329
22400
30668
19060
15274
2760
11698
11941
6717
19137
32115
26529
29058
6906
28500
31352
20819
5452
30148
32488
28937
30200
24599
17344
28514
44
14487
27624
18890
5984
28636
1759
12662
5151
7630
23041
2102
10454
27949
8
7949
3603
16828
25901
5643
443
26026
15044
21764
7987
11639
27559
23806
17817
19258
20944
5429
15248
14733
10256
15389
2443
2150
5201
8990
18604
11447
2362
9165
14942
31725
751
21394
422
454
25553
12734
22991
1178
17943
17115
28826
5945
8869
9790
26842
32681
28569
7490
24761
18674
11452
10328
4075
4641
22313
27164
15273
9343
28026
7585
15598
21982
27970
13502
15341
3534
25800
5619
6377
30031
18167
29761
21356
32276
22420
21221
9787
12192
18344
21477
615
13818
18912
29520
23395
5572
9267
17167
15950
5509
22953
10098
30331
30742
10704
9259
5252
13256
14440
31921
19564
4033
30651
30845
7613
28311
27197
14302
29399
23459
32131
9434
2544
4920
30800
23363
3184
19677
1166
8664
27634
27816
10271
7990
1660
9320
28903
26115
6722
12372
30775
25408
26608
27342
7143
11518
17163
2344
15166
19702
24272
17134
25829
2146
344
16175
24144
8290
24062
13532
5130
11914
6046
491
5418
27335
5217
3046
16033
24611
7907
28795
17279
22364
8350
10666
3247
485
8218
19162
27687
20536
4534
4173
22155
12670
9792
742
13260
23481
7422
21793
31197
21569
24067
22410
20588
11193
23889
21180
6473
13323
555
26851
29608
8914
27486
14902
19963
3891
29455
25915
21187
5371
15341
10373
15772
29596
10979
3598
7251
10849
15370
7235
9924
29555
25556
32302
15029
26243
24592
12377
17614
27517
29762
6657
18400
1913
21836
20188
7138
13683
3904
32210
13584
29173
15348
6797
21409
31069
992
16539
24637
2817
5491
11961
29126
3716
20307
8284
20830
31244
27877
18346
2571
25319
21949
13890
20880
29565
27687
1204
7843
6675
9619
31929
10115
21313
25552
10318
29003
20132
24058
23431
22173
23508
7686
4258
3848
18465
5065
8610
30886
9123
5498
9869
16110
14860
6224
15465
31464
21416
30988
8932
8948
8186
17712
6716
9347
3216
18763
32089
30763
8477
6933
29508
6497
4660
10978
96
23015
5016
20241
18376
12980
1488
31662
11391
30051
2600
8673
18017
20323
8792
9214
9008
1843
4359
27364
25976
23356
278
1485
7884
24110
26289
32212
13247
8392
6313
27517
16738
4516
15993
2063
2958
30017
8806
29400
2705
30278
20927
140
22994
12256
4121
25287
22560
11768
21017
19618
27798
16271
21274
9790
24727
10321
24736
16289
2398
5871
27579
27201
12032
18577
18265
16638
11168
14353
21266
3170
801
3635
28879
20386
32003
31925
4240
2784
8071
3727
4123
24253
9248
15064
9580
21854
26762
10305
18201
23593
26846
2908
20353
362
16180
30198
24361
7407
18604
24396
14331
10747
28426
6527
2650
4767
13857
16705
26142
1525
873
10890
673
16086
15073
22158
12160
10012
12903
5175
8865
19525
20261
2177
1973
31263
17712
18328
9346
25766
11407
7057
26125
18574
6593
7132
32370
14188
31552
113
7851
25253
13735
18553
28026
10623
16989
8102
10909
27395
6909
4136
20983
30389
32402
14652
26993
2089
15165
3613
28908
2575
25289
31865
21650
11555
10196
17488
11800
3374
11728
17586
16310
10945
27601
13693
31702
29109
21842
29066
25818
29751
20409
25962
29812
4154
5933
23281
13073
31960
21403
865
23257
32331
5904
19014
15450
4288
24280
1087
30588
8427
18722
21242
15163
24186
15205
24616
20703
28195
30185
26950
15459
16305
19180
24495
30417
15102
2525
29597
10640
31419
19759
1323
6445
29597
5074
24784
12642
21402
26112
14407
16284
6165
4714
9823
26434
24308
23580
24814
8997
7775
5358
9949
7069
31269
27757
1371
10363
24074
19178
461
23413
489
7219
1873
21494
20760
19113
11782
25589
28260
29181
29193
9753
16409
9386
11223
20960
5678
20716
25856
418
9159
12338
30463
9588
7983
32530
9759
20807
1549
4196
30056
30000
20400
8524
2971
5416
17304
4918
6710
32674
19730
2191
3980
22402
352
23863
32625
19725
19511
28034
5568
1331
8881
3753
11530
7850
9710
7128
9234
31605
2918
1532
18190
643
25851
23664
20370
28340
13304
19039
27959
17040
8866
12904
32456
22473
9888
30924
19468
4710
21499
2854
4660
8329
31337
13211
29349
3788
7832
26233
15558
22015
25205
9066
973
22373
19545
13328
4599
2125
5950
17281
5305
6399
8981
27465
14963
30943
5132
5113
20758
13588
12491
19586
5856
19518
24129
22812
28279
25198
28612
5845
7949
1888
24820
25963
11081
25070
6387
27423
32157
29288
21583
12479
13236
14675
28712
15318
17731
12312
26864
15769
9742
18963
14240
26429
21300
27429
8984
9965
11027
10984
21488
12697
18711
20778
19541
25614
8683
18854
1064
8296
31839
22642
12366
19871
9746
11472
4681
30045
5285
25866
6272
16515
27377
15513
11508
22914
12391
16072
6282
26862
21449
8126
29389
17633
5788
8361
5554
19141
11843
15510
15057
19725
737
28876
30636
30686
12107
26642
16480
3448
30554
7047
13241
22328
5024
25522
30175
22492
10073
12997
17825
15542
20427
28635
18991
720
5155
10372
18156
31887
4426
283
14195
14684
1001
22144
4796
25634
16989
1838
1890
31505
20282
27441
5433
13742
20429
1157
11155
21769
23338
20081
31215
3210
49
31691
27496
3623
25061
17970
25117
19419
112
6916
29813
8224
19585
19883
5513
8225
22825
3515
27304
18281
17688
1446
7672
12958
12565
21809
20809
17349
31622
31481
24951
13567
10741
25153
5926
25623
12371
9753
16661
15757
26698
6503
24159
6980
15511
26029
21042
31080
17387
18098
17900
11082
10561
8203
7912
29839
14118
3298
19391
9843
16796
1577
1817
25922
5074
25685
13129
7357
4625
7642
26163
1169
22259
22307
6444
15542
28494
12009
11089
25861
27495
16362
24074
15225
31388
7477
25287
1197
21455
30315
19877
21636
5333
24800
20910
4329
13019
2427
31210
3549
6825
18092
26412
7050
54
19745
25761
16846
28221
20195
7376
23862
1383
5478
832
31421
23613
25441
31528
8467
28821
9792
10668
24410
8010
23163
16833
7096
37
24815
3816
3950
13304
14258
29739
22280
21914
30226
23569
25222
7804
10190
31329
17116
4684
18399
23777
12660
32502
11144
25876
5978
2296
11434
10499
30376
4402
19656
30475
14784
5620
11804
26881
9269
28768
15934
26397
20069
22130
28151
21774
583
22906
17029
30860
30643
28175
14930
4277
17554
13795
3700
13962
16730
5599
16773
28987
31866
32156
4242
14740
6588
23257
18809
28353
30731
30076
8526
2236
19972
17784
30972
23333
7170
14845
17288
30706
20474
8927
12217
14456
11431
5780
9673
16337
15219
32522
16122
8191
21011
29638
20119
28180
3898
19771
4226
15491
20778
14354
9017
2095
28824
28529
14256
9377
3009
3923
3186
9472
29719
2251
11019
20698
8754
23845
1108
26702
5140
8019
8355
26176
5741
30460
29419
142
14105
1199
9388
10916
21026
12396
5910
5862
19924
14195
7650
20107
16638
17639
5316
8633
19696
24791
31599
20766
24631
1116
10915
7862
12052
26693
15357
1112
5717
13998
12688
15064
2863
20020
9493
27988
13413
1496
30148
3976
24216
3583
5327
18195
9016
729
28507
30010
1708
25683
15587
9073
5127
4490
17629
4797
6217
30833
24755
9171
21044
27529
26654
6571
8752
15014
30962
10681
13856
26443
13999
4204
22915
22605
15148
5767
27302
5010
3366
20612
26617
27612
5507
15287
19035
29821
24234
26125
24293
28626
4856
7068
31327
13882
27566
25758
28227
32421
18362
1976
32524
16951
16512
32198
26015
3424
8343
25142
11953
25866
31510
3166
26017
27416
4053
19689
29890
18955
10060
16826
22922
17351
5586
26713
21422
20256
9090
18761
28404
9682
10341
15941
6164
1557
6087
20530
6152
22355
26919
2804
18703
31107
16295
15005
2602
24477
3390
23892
8536
12036
7627
25014
24285
16779
3756
4623
14806
7412
16583
1162
19986
5909
20116
7599
15218
21649
27452
16037
30932
16419
27389
29428
25762
5943
1895
14140
3014
9692
31721
541
24259
1113
23741
30461
16571
26593
694
18421
27402
28336
9536
29031
8661
410
4662
6576
27012
5413
14860
23134
9802
30401
9857
1389
418
17120
29200
13504
17088
28090
11891
970
7818
31202
10116
12179
12743
32001
23632
19520
29238
4604
6851
11015
429
22515
14255
1509
10196
110
8029
8598
22283
940
4765
4067
29867
4761
6002
7228
31144
31316
399
29801
1107
11902
17220
31181
22733
14860
30826
24629
26370
25124
10576
7788
16418
777
6446
26862
13942
23674
23331
19507
6321
25857
25430
11269
14791
26396
13924
17753
23741
13430
5138
6052
15051
26205
28326
4217
7695
2171
20235
5598
8911
2980
1561
3038
18949
1642
3262
23889
8333
19969
16823
24001
3519
2097
18790
26123
31390
21813
14239
10517
28447
27872
10924
16581
16439
20345
18324
17016
31486
8546
11151
27478
21623
3554
12345
7658
14708
3561
32103
4226
29485
11021
31826
14907
23451
20880
20091
3273
30868
3769
12729
16417
3217
26842
22018
26675
12533
20147
22611
4225
29023
29107
26389
11239
13052
15100
26098
9506
14808
3562
11859
15388
27971
18524
26077
1763
5807
29037
5127
15277
26935
4662
20694
2178
11268
5256
17222
17970
14560
15276
28157
22608
22202
17248
7135
24655
11072
18993
8511
2500
18543
26566
24236
29518
31019
14187
28602
17404
13473
8049
22132
25531
7511
28902
9355
16090
20675
24178
25690
978
16405
12376
27711
25518
30179
2009
20679
11308
16292
10941
2682
27314
7646
22054
26612
25144
14849
31908
3304
3356
21573
2495
27602
23744
1867
21795
2091
26524
14929
12145
6651
7767
1323
3358
30115
5633
22521
1921
21502
21868
9760
25595
10473
27215
1498
21903
22437
26601
25999
8628
24011
24138
25772
23093
14307
4714
9869
2954
17751
17340
21776
8626
31082
15899
14947
17578
13354
18683
23238
5832
23241
12810
11706
10757
29136
21407
3379
4964
19904
3878
8456
32609
8599
18864
16131
17661
9029
5050
3026
8282
18858
8970
31696
31483
8650
16593
19511
18194
21961
29756
422
13473
26601
4752
893
597
28156
17857
10403
32411
23084
3731
29379
11523
24584
1255
20645
21609
11033
1948
14481
22207
1835
20402
10858
3621
3833
16091
29703
22451
1217
17236
15848
1344
30380
22669
8017
30932
18368
10078
5488
853
21705
3822
11201
29304
6358
8037
32036
20928
30085
23699
25559
7631
7931
18095
19077
163
22700
20950
27203
1827
12626
9387
30694
30646
19632
28251
14849
32734
28584
8276
20020
30364
3702
17874
1908
26624
29796
3123
31838
14588
13466
1360
3899
9041
31765
17152
8431
2648
28
23172
5698
4147
18489
1205
13242
13716
1767
29219
22277
11366
11215
4235
17539
25071
21215
20693
19790
13443
27873
19354
3263
3760
28099
7231
8971
10073
17499
29846
15039
15579
31384
845
16897
27051
17676
17875
25191
1012
26104
4292
17218
17504
5643
17082
25279
10789
16361
31579
3319
1976
521
3537
10188
19089
19070
23266
17315
2398
8905
9835
6814
7662
5748
10515
91
8561
2778
24124
4189
8601
27341
24037
20284
17421
30911
3902
22960
22045
25460
23830
1696
17427
14284
22550
9969
14675
18584
20355
11666
2891
26933
2682
24416
19929
32080
1634
12322
17168
2838
24980
11614
24088
23340
20073
9064
28301
2479
11419
28273
27677
21073
17279
22287
17274
15002
6720
28214
10948
10976
17715
7822
27117
2996
18001
18538
19517
27698
2770
7245
11215
9760
5211
1958
6361
24781
32632
31853
15670
8108
3409
6921
8034
3368
6613
15105
3546
19599
158
16776
15815
3811
15922
6184
11179
6389
3906
11270
30414
15660
7122
8272
23147
31924
9440
8473
20859
5106
28827
4678
27991
23013
579
2072
7238
22301
21166
4961
1993
23477
25708
7177
8894
24313
29625
18382
369
14463
8065
10945
8335
24477
10362
32092
20374
31159
21008
1642
22194
28428
11736
13203
21514
10789
27179
7831
177
23300
26905
1353
26611
3464
20805
25105
23220
18560
11056
2519
24775
17030
30741
23390
27534
27347
18169
30713
11910
7037
6535
25812
10133
4110
11810
27684
30787
1626
22576
21285
3409
6255
11372
22396
9911
32544
30135
19199
2724
23564
25451
6319
5869
29362
20325
21275
20454
5788
28576
13387
7450
7903
17152
15893
619
9120
31433
11035
17705
16261
4289
8327
12894
19693
7100
20028
6663
16238
9528
4733
22377
32228
16018
12984
28116
840
12087
12904
28288
20258
32204
8834
19199
326
16831
23270
1356
10719
28388
8401
13843
24945
12962
10919
12657
5768
8866
32205
18410
4692
20463
30254
9683
8065
6584
25661
17983
32180
7628
11389
27441
3816
6901
1589
18720
7756
2781
23908
654
24731
23421
19130
14778
15123
7479
32221
7278
15010
8033
26616
20307
24774
26811
18967
24168
21988
13941
25443
27340
15675
13455
9644
6227
21503
13572
8213
31765
21161
18246
17615
22315
31643
14807
12007
15428
6610
11203
21991
25057
3980
26436
5447
26736
3040
20193
7609
24393
8751
26671
13981
31701
8408
1461
16499
19077
4357
12044
19051
16769
9723
18377
31088
29846
9435
15719
28672
22192
24252
29553
26457
23269
12330
17189
13643
21750
2185
28480
9624
20564
13492
19293
14888
9601
15010
2478
29287
22600
29586
2838
6646
4017
2316
30814
4238
10709
30984
19481
11315
20164
1025
24624
17374
20400
10092
11731
8231
27715
19892
12211
7229
26795
5268
27737
5530
16969
7462
24856
811
13058
22094
15244
4213
17881
27069
20596
8639
30018
14732
7110
26873
3319
7731
31662
14203
10344
15027
24153
9551
21269
5664
32691
2534
10808
5914
3759
2612
17351
23929
32337
9836
8727
3185
12263
6367
25717
1621
1547
24198
6626
24206
1379
30135
23352
4168
4939
6398
2636
3322
20390
30164
30696
13310
11490
19018
16888
8041
26327
5790
24937
8232
22965
26301
3822
19460
21743
21158
2015
31028
20318
12928
19305
10904
5133
18909
32457
11159
24615
13689
6636
1304
12407
29528
26802
21576
11843
27969
30511
1134
13054
32174
11992
16045
17918
9609
31369
21784
27371
2271
14714
1616
8319
29196
19352
12047
18478
13882
18546
24608
16270
11204
20376
14444
20914
8365
1820
32411
18089
5794
29193
2264
32436
4592
15006
26217
31756
2819
14449
17369
17453
15812
24878
19331
7464
3039
7408
17386
13624
11856
26497
9149
3345
32024
4742
14126
29477
28533
14707
9628
22656
8998
8294
18633
12433
13654
18424
5351
227
24196
3374
27401
14509
20442
8800
8838
9670
522
16574
27527
18670
17651
4917
10660
4290
29309
31652
13139
9284
13367
12919
28536
2611
24226
19377
24659
30579
3090
28774
11505
15956
16839
26580
11886
30285
4437
29398
4697
11589
426
17394
19998
10056
5265
72
28027
21354
10892
13446
8883
28208
8804
31170
32377
18983
29241
2751
14524
5892
16569
23144
7603
16547
21100
17044
18812
27453
18219
25261
26173
20226
15250
28767
32755
26242
6268
17584
20766
113
15490
14695
15333
16470
14368
29489
8081
29385
26348
32694
10268
8570
16896
3152
23640
3618
24178
15
25558
4285
29974
25642
18420
31100
9574
24016
23418
8132
11535
21916
18211
10103
28432
6079
17120
30630
30082
14153
22417
17520
25509
2716
5613
16969
20039
22820
9315
14233
31810
24882
24317
10542
17615
29707
4838
31051
15368
10447
10895
19862
15880
16031
11988
16778
289
19853
4200
7406
21962
20479
26987
18002
10112
20568
28154
21316
11531
29734
11053
9996
28029
26164
15174
29051
2786
11153
24373
18729
6665
22321
6932
14325
17279
22069
17384
30670
17588
19769
5379
31140
17968
32328
29839
22959
30533
21455
5130
4473
20890
18557
6611
4312
24109
24469
20092
2369
9863
11895
5489
22403
11393
17267
31885
28463
11029
3031
2220
24113
21341
29889
25642
4722
30395
20090
11774
7276
21833
17910
12270
21992
8822
19060
14524
20677
29661
2211
8557
29674
4039
15573
16568
7457
15454
31550
16471
5570
650
20829
31527
2281
30044
15729
9833
26937
16827
22632
21847
11420
25066
10850
32318
14061
10159
26147
21417
6445
28763
3629
9657
11139
5661
11362
24194
32372
20529
16696
10452
15120
1992
24632
11909
30220
4970
26977
1005
26339
20611
848
29196
16476
3475
6426
14507
31559
31298
7328
12634
20549
29252
17832
2817
29046
22343
30703
19179
22233
11168
23576
23890
34
6368
16671
25659
29788
12496
25098
32453
9704
3074
23087
12014
28250
25231
3978
8594
31816
32711
20738
22886
7036
30405
2973
13736
7792
15994
30173
12265
23688
32229
8100
5453
25819
20690
8431
16124
10814
23943
31704
15312
18978
2070
13416
19543
10254
27196
5750
12842
26043
26992
18386
2219
18463
31398
21718
27035
13754
31054
29550
12438
14436
18944
4879
2751
11092
25897
12279
13425
13744
29496
25602
3036
20951
4864
7951
14880
20881
23567
24180
13131
21661
20217
9852
2743
30214
3293
7132
17110
10365
31772
18945
24162
2480
15283
26661
16752
29310
17998
31837
24091
19176
12522
13840
14614
21825
18468
22337
24156
762
11062
17054
23613
3085
4193
11584
7743
4942
21899
21792
22859
1807
31938
5074
443
6251
1206
31202
2211
7601
4558
30986
7667
20864
10662
20493
6855
21307
7868
3412
18034
23403
3862
31652
30391
27513
12684
6048
15944
25187
20000
4070
14781
18714
5213
18170
1636
8372
26914
32525
16670
15210
8520
15092
5312
17411
7505
24887
16327
28372
18632
17506
28681
20419
17879
29182
11058
7899
20595
27017
10557
29131
17989
16914
1847
29607
8975
5798
17831
11332
4021
6431
27740
20348
20844
32464
28991
26693
30425
5749
7544
6029
2993
8305
11828
14350
16378
7110
10910
28609
5271
29285
31672
7868
10948
22982
31558
7481
11046
10372
30114
121
20303
23760
15366
24356
6436
2697
11403
5574
13766
22745
11464
2220
2960
21096
29471
28934
9020
6954
6461
17525
5194
8158
3864
26070
28884
9316
17021
21449
31967
24131
2123
6878
22149
20078
3039
13965
11660
16881
26223
22317
18873
10804
18012
32606
5782
25095
4813
5774
12203
23120
26654
22606
5981
26345
11365
15284
32643
10805
32505
23883
3115
277
31112
4135
1428
13660
24024
30587
3911
10175
23470
1364
20108
16147
18140
2223
15879
16995
8837
27890
4816
13057
1061
23772
27504
3673
4326
7623
1337
24980
20634
5744
19496
24101
2342
17890
22834
22146
9911
253
3938
9224
2438
26950
25750
14305
3650
17757
19122
1992
19827
15064
26146
7093
9224
4623
1782
32370
537
5039
13407
12036
875
7532
14111
7323
5769
4821
26900
3852
29738
2077
30322
11003
29394
12030
30353
31962
3353
21635
31696
316
12372
28515
22304
8627
15545
21025
16955
26018
15761
17266
31265
5810
32120
15193
13329
11630
7594
7141
16374
5587
18772
6300
28374
22572
10330
46
8196
19904
29614
27423
24656
9703
14555
10457
11593
31447
197
24116
30405
23914
28157
19231
11173
5920
13722
24126
22967
4521
4223
11412
16576
12233
11783
6819
24460
26231
594
14968
8064
24911
25646
26588
19369
1588
8136
13954
10587
6206
4800
6059
23127
6148
32216
16104
7016
5004
15556
31149
27563
22085
30881
11626
27148
14551
6483
2668
11892
1033
23806
21733
11611
30612
7518
8044
29098
29720
11597
10544
19768
9297
16742
13562
3844
31775
8073
4074
4167
18651
21666
31090
20581
19782
5999
22580
11020
25701
6307
22606
12621
4310
77
12403
25437
10705
31340
20643
26782
26500
27065
10702
14406
12499
11155
1104
11472
19805
14266
10300
2175
29305
5288
30317
13074
23423
17231
28468
29369
19548
28243
12092
3200
16822
19751
3843
1678
19530
21543
96
18350
18076
27992
4107
22373
19847
25342
17489
8186
3326
6050
28911
20386
11203
25546
12934
22395
16048
20600
32423
14769
23493
13671
2350
14561
23122
6649
3900
20320
6467
106
5164
25531
18169
23298
21230
25223
11797
76
14015
17469
10109
6645
13302
32182
32172
9068
27246
26785
8732
6364
6928
1004
29244
3348
3781
12274
15237
3998
5429
22044
27233
8673
18675
14453
18101
27099
12155
31776
16651
11182
13316
20860
18855
7620
28306
17184
18524
15294
24485
4544
14147
24794
24102
11491
10765
25305
7976
4954
22674
15829
7108
16968
16013
27032
30190
7651
29327
30665
26380
23209
14952
7394
22956
8650
27933
10627
22793
14531
26633
4813
23701
12111
25320
11331
618
17603
17307
19059
8401
3424
14519
10670
30924
22052
29427
23442
6944
31370
11701
22122
23338
10883
15094
13183
14282
7165
21657
31722
9966
15199
32491
7970
7948
27493
5511
31774
16931
27902
2118
11538
23206
18642
1088
23776
19417
28867
11688
2560
365
6754
15981
20776
4450
4056
27398
6271
32543
5678
19893
7947
20495
493
17811
826
21308
6678
22550
29382
5523
18165
16757
4444
10195
4307
22396
8434
21798
24903
13299
28788
4873
6411
573
14040
7377
10078
26235
10919
11261
8933
32479
7601
30732
9578
9070
5763
15467
19831
12424
28346
4364
21170
20064
26885
21925
18767
1207
30781
1947
2514
16456
4550
8027
30967
26159
26355
28734
17135
19116
24744
10059
25883
14520
23093
28345
20053
28554
26253
2696
31014
20726
32706
2336
32645
16477
17689
11299
3502
18209
29846
13401
24814
4262
2769
1122
13086
3224
11288
24966
3135
30784
3984
21845
20962
22548
263
2849
248
20377
9980
9053
32426
10706
13404
3687
16494
29557
4265
16390
10570
18809
23417
6545
26589
18998
20
31525
12498
27393
6504
31452
27691
12528
13688
21269
12178
21912
27049
21676
2817
26738
15163
17010
4912
12917
1237
15415
7208
6240
5144
27201
20271
12407
7718
32216
923
10307
19605
4357
29807
30268
6013
30129
3985
20980
18517
21151
31723
18621
12441
2463
23462
3232
20629
24023
18065
27047
10230
21741
7898
2232
93
23607
1930
20868
27472
23484
13827
30769
3604
13505
16928
6801
7836
19116
15611
26289
7548
9197
6841
7947
15679
7899
5388
3013
15383
19790
7292
6683
18220
16613
12223
25925
2345
26409
1904
24799
13638
16977
8291
22124
20906
28208
1999
28549
14658
10326
26417
14837
24290
24795
21911
3328
26202
10113
15320
7845
15615
8275
28084
16478
27536
25104
16318
26876
13568
5992
2130
14333
4970
28572
11778
24696
18912
12961
22441
3721
2698
24947
10654
11904
4734
20974
6506
23905
14195
2036
16833
4973
27954
7307
32653
22194
19945
25262
16591
28517
27774
13235
16033
4796
7032
26427
6056
13210
27390
22227
18564
7709
2169
16458
27456
19977
27948
18284
2599
2931
12802
12172
3364
15118
11550
16702
13361
29501
30478
7607
17745
25652
27181
29707
6568
25542
21790
28602
8549
15754
10309
24745
32700
26393
31451
29090
26933
18269
677
6060
20960
13887
11004
16419
31582
1805
7915
11193
2685
28013
26177
27971
14661
18567
2790
13583
9104
10059
14459
8985
27190
16742
11044
11692
3481
29806
24896
9161
22016
28149
22498
22194
5724
7336
16473
5535
28219
25014
16789
22833
29864
20625
848
9446
17563
1525
8109
20820
10740
25433
19646
4053
23394
7004
3987
20093
17088
12012
23611
31490
24247
15661
31291
20767
2851
25943
31651
22287
27456
3521
28130
20116
32440
25990
30105
7296
27816
31182
21370
26890
50
22571
14025
31086
32345
21446
8565
21121
1951
19163
21831
27072
26093
23513
9262
14382
21622
7995
7638
14331
206
15165
30503
3127
17053
6356
6584
1332
31833
2006
4871
8214
23280
27996
9910
27416
17088
27799
16312
9017
7649
10591
10839
12202
5881
16163
529
16971
1189
9997
27246
12994
15408
682
1795
20023
5327
32747
22093
21516
19542
13322
477
31823
12395
22614
23377
859
2286
24351
350
28104
16308
1735
23853
10788
24103
16545
21951
6510
1998
2905
16804
7434
12968
21579
24565
20879
8160
7224
17004
1481
1948
364
4984
10641
68
30297
5723
897
29078
9193
32049
11934
14479
11861
8551
29178
30149
13711
28317
727
14098
3042
12196
7340
29687
31318
6062
29895
28955
9916
13958
3051
29464
32011
28624
31556
31124
10079
25866
22366
12905
23895
9427
11020
28359
22369
19462
1474
15290
1346
32594
17717
14035
29172
15862
14627
3041
25564
20760
20978
10301
14825
3943
4805
20678
28670
18504
31618
15964
4466
14833
28228
20738
30052
32208
22662
23303
25185
15402
16740
13176
24951
27547
26058
6502
62
8550
24908
21566
4144
830
12971
27505
1429
9639
21807
3980
29059
27992
6001
10184
4456
32686
18993
3330
13933
2692
3200
2027
15806
14727
10866
12163
24456
31417
27137
1240
15827
25026
18915
29549
4037
4587
28831
5194
24139
25775
10420
29509
13751
7828
5502
4399
24893
15801
8753
15170
29968
2084
28429
19453
9156
24904
21056
28970
31627
29036
29625
20298
18916
27466
30021
30841
26638
13954
12494
2136
17902
26513
930
17680
17202
29217
23525
4312
18520
13971
658
14849
12991
6586
10108
2766
12072
8550
22650
1464
18689
9909
9902
28373
28287
27489
2654
29851
25891
4743
2905
24839
13389
2713
8180
30283
6344
21977
21085
15480
11873
21594
27589
20809
6193
14842
25646
26172
10988
1714
22887
14651
20939
18210
11423
104
31539
10675
22600
12690
14711
19199
24062
31040
16080
21766
11715
29154
20541
22128
2605
30581
29572
28690
26631
8369
11881
27228
4256
18886
9156
29296
23087
11844
5557
30404
21298
24898
9305
8071
17768
30051
4574
28783
5233
18193
31402
4191
27859
14770
30932
24956
24556
12584
26035
11869
17997
19732
5876
9864
1715
26725
25407
764
2454
689
30909
2797
2158
31142
14553
29757
14265
17619
31685
6640
12285
11357
28188
17271
8950
27176
2800
23836
26023
8123
28543
22132
11833
31813
5387
14158
2733
16882
18149
23252
30907
10099
10037
30879
31524
31322
8176
3806
16239
8794
31894
2013
11619
32230
497
28955
9678
6569
17482
1375
25994
30744
16003
16939
6988
16599
23099
20951
3404
30367
654
24398
32491
15870
1480
11092
12605
27689
13910
20985
32541
24107
29732
16867
32157
7285
4721
7176
29009
18027
20333
23742
25624
2750
20290
8843
7592
277
12287
12576
6812
7641
10328
22295
5130
11535
28662
14073
10655
28373
6384
26737
16288
27149
28941
14087
10804
12190
17920
12425
27785
31224
32210
12488
27867
31423
11627
9437
13802
13021
11232
1323
14356
25775
14168
22568
11145
30314
32228
31259
5737
27125
56
20334
22774
30292
27290
9258
8084
29863
3674
22322
7027
2524
30711
9218
29346
17065
29648
15031
13444
13697
7686
20553
9439
23046
20678
7687
31190
23781
17297
12500
419
31002
4025
3250
21420
20851
14534
30452
3940
5127
11216
14674
20416
32045
2991
4803
28553
21612
28965
13815
8278
22541
29737
16301
27625
1966
3011
5839
12103
26256
29799
23085
28313
13002
26438
5469
29369
11798
2784
5229
2127
13618
19019
26002
12110
16917
1740
23322
5105
29088
19274
3121
31994
22476
24597
11250
23964
5059
26115
32029
17878
12238
30155
23119
2
11664
17723
28317
31179
27732
7450
9436
2052
19253
31807
20943
31977
13537
2768
31826
15381
23706
18795
32136
1556
23325
30128
22384
27237
12656
20175
20443
13679
27125
28357
1150
24044
5978
22268
14156
12074
28052
10430
27973
13977
3999
20021
16652
23390
14124
18791
30469
26381
21776
29401
5693
1566
22402
31743
509
25870
12281
29877
20228
15652
19273
24430
27526
26316
26286
26147
31785
27184
27673
19833
32269
5108
31266
21516
1858
18206
3374
20765
22633
31896
21303
25527
8680
6485
20332
12038
16132
30773
15052
26063
19747
29607
9944
25789
31263
8780
2145
22777
12668
24810
29828
7614
31668
21380
9130
23668
3120
7780
2531
11177
437
27431
7575
25195
22729
17768
18874
31073
11113
8916
30784
2608
2403
16519
8853
24618
3156
11803
31800
12948
2870
15408
9396
16839
11042
29734
27110
7446
22424
29498
7717
31753
17176
10838
14293
3993
19847
11924
27021
7328
4782
14990
30977
31309
17683
4779
21953
23403
7144
31200
8715
18503
30869
22165
23463
16980
13141
7064
20216
29652
989
11744
4358
31462
25321
26994
27847
1225
26012
24730
29603
20535
91
24786
17723
14127
30857
25021
17954
26371
12479
16835
17154
6956
18629
30338
11574
23497
11609
23636
8478
22155
31921
30962
17777
23421
18181
12678
15408
2436
9274
14268
11876
19514
19716
7827
2994
28736
18310
1883
6640
31059
14018
914
22172
27416
3409
830
29936
26698
18217
2811
5999
13987
24124
16056
4052
20436
10510
525
5671
25817
6983
32502
8233
9396
31967
6412
32701
26048
29306
28837
29669
29937
24155
28585
11642
24479
12438
30429
9575
31778
5054
32465
26356
24496
25162
2778
13753
10186
26618
6393
12805
28687
18616
29829
22135
8111
29319
22124
14742
3680
17194
322
16358
29160
18373
19969
21538
511
29404
30668
25311
23747
3693
808
22968
4290
26465
807
558
9320
8957
29083
6133
25667
23861
10571
12339
30815
10227
31703
16221
19001
6336
12472
3872
9819
14119
27758
4022
18731
23202
27778
29190
26001
21675
17312
13920
1948
17785
2245
3385
12821
2844
25819
24680
9348
2092
5557
10618
3222
20966
6033
24043
4
351
10537
20390
25273
3802
2052
21851
26523
26138
29807
6431
29569
16541
3468
7591
8995
18762
15128
26570
7583
8061
30541
8877
11234
11586
2829
12048
28397
2227
22393
25376
8510
25686
29476
4416
17888
8688
24622
5770
8278
11318
30526
13464
8614
19326
19339
5912
6721
25926
3000
26301
15302
24893
31824
5388
29302
4125
29864
4630
27132
9954
14357
7546
18377
22336
5639
19812
27469
15382
16009
10895
31541
15678
12863
27296
27440
22163
26229
17114
8195
28282
5920
3764
1428
359
13722
28177
21718
30166
3964
13998
15763
13385
12549
31794
18238
25376
3508
12730
30803
5589
19010
9848
12722
19152
31945
15621
1916
24830
11561
23043
12440
1864
16215
20414
5018
11046
14
4208
27598
23479
22545
17495
4324
19777
9250
24719
9890
21584
13725
30199
2244
26478
14040
10136
12693
19
22505
1117
1504
9274
27136
26924
22734
31254
32642
14291
6490
2889
12969
7550
5773
27526
30480
22803
7572
21169
7883
13478
7384
3910
16794
2409
18598
14104
8124
18915
15682
22679
24984
30878
27313
182
25368
1404
15371
6146
22710
23465
6793
31336
21706
28966
10334
29739
11253
31102
10538
1837
26029
1049
4612
2906
31111
25329
29711
10758
8327
7411
7725
14925
15889
2620
21502
10656
1231
6114
26513
24957
21086
23318
1499
16661
19092
7909
8982
20713
27423
8344
6246
21593
10472
19052
6748
1859
13307
537
26692
24387
29500
20062
24359
17137
10467
8580
31775
22346
8351
27055
2434
20147
22904
31799
22880
27782
4109
4129
762
15369
15335
32712
941
21359
14458
24223
21863
8198
24331
9698
12300
27630
12241
13896
30982
9288
13464
18086
27058
6737
6098
21926
31726
18242
783
30125
15430
16325
8254
22260
5016
9467
1008
19036
19343
30922
4993
21006
11195
1519
3847
5708
25259
31292
987
29709
29349
13258
31266
29345
4742
29764
20771
21977
32603
24857
7377
24020
20052
1848
16664
27897
27584
20962
17326
18310
2535
31571
14232
1096
14602
21313
31145
11366
20770
9005
14789
27924
26641
11033
30397
20710
22113
4740
17485
261
7833
18423
30578
1151
21256
9383
1358
26193
9544
149
6030
17301
27960
17127
19793
19242
19158
17654
5320
12344
15495
29594
1057
31975
22399
20256
25345
146
3260
6342
59
949
29929
31277
26750
7415
1100
5855
5423
27531
22630
25681
7009
16913
15914
30401
859
26477
18296
784
15961
7258
10985
10319
11524
6937
23798
24096
25696
17919
16239
2125
19994
21061
17669
23607
29046
26906
15276
14435
10747
31456
19169
29166
22502
9169
20959
10231
25449
2190
7996
9410
25232
18370
28411
20490
27144
19170
10444
23093
6777
12034
30094
30531
10513
29936
2668
3480
7815
14081
30085
28366
24155
2003
27636
29374
2272
3719
10531
28324
22292
32076
9294
14539
16361
19149
25147
9738
6035
17521
26014
1834
10517
31077
31401
28425
32426
28154
28991
24076
225
27114
18009
5590
27909
13980
31060
21146
3532
11146
13678
9551
28044
1747
24865
9503
4586
28246
15771
26097
26313
25259
18936
14966
27550
20845
25243
28981
29356
19924
16578
20629
26511
16648
14008
30477
28015
2180
10598
3008
12395
19295
11168
7702
7640
3332
22513
10856
11167
24642
11872
27254
10479
4997
21707
31757
6700
23779
18450
9488
24949
12262
31250
3230
10797
16267
2388
30506
15332
16217
19402
21305
29392
13051
5189
26473
634
14947
27925
1148
29699
20960
31549
32593
17974
7523
7487
13658
6535
22833
6242
945
14715
30027
27046
5571
29602
16273
23734
1787
26752
8808
597
29106
17652
28285
17411
3614
21068
9010
23443
15089
14030
25181
28731
2106
14318
18347
21992
17430
23327
21903
4841
2174
2187
25030
24365
26039
19902
22143
8020
12942
27450
8152
11159
13052
24667
9215
28856
21163
20277
21772
9916
7475
10713
18769
6045
13342
31309
9698
12958
18394
15133
24797
16655
11394
3988
16296
2535
12447
29952
29356
15032
9284
27899
16749
31166
11188
2085
20775
9485
6989
27572
17970
30815
1608
21836
30081
2967
14862
22733
28157
5929
6077
32284
26884
8083
5456
6433
5726
28193
17071
2434
16600
650
28440
27316
22807
14809
21768
9513
8140
18074
17396
13482
26921
19836
16940
12918
14888
13863
9395
4084
17558
22926
24491
8054
2333
25522
22068
30385
31767
3274
2170
2219
31838
9872
3199
5381
22654
18871
9121
32307
28244
8697
29948
25
11071
25385
13646
24308
19505
15691
23998
5855
5651
468
29598
12396
196
21681
31628
3832
1902
31570
19082
14662
15521
21073
1694
15089
18677
17032
31510
19722
12170
4553
1473
14138
2799
23158
22404
32471
24092
29574
5170
5354
3404
7210
16129
29693
16053
28022
14559
29249
15541
5682
28795
21869
20826
9038
5777
17105
25023
7928
21923
3960
24920
27860
7341
29356
24000
11954
16071
8206
14083
5519
30895
8381
17653
15704
3468
18508
11440
8421
29479
5080
3180
21097
23138
22710
18821
817
29335
21821
4827
22426
32728
24722
1757
10640
1391
14671
10080
18611
28866
17591
17825
14007
11268
11842
9512
29934
9308
8090
9091
18487
5647
4644
6918
19511
28723
2232
32232
5801
9684
30891
115
29448
8545
6448
16285
17300
2296
30417
18714
1260
3581
16833
14574
781
25656
14723
5961
21204
6376
17988
21191
21294
14011
11757
26876
15955
1607
22054
9084
5431
22017
24318
2224
27301
370
29610
20401
22440
11016
8601
5657
11088
7987
18269
19507
17291
14789
29715
29404
29209
16131
4244
19195
28204
3273
15260
20841
13451
24783
13337
23351
22274
22002
14667
32257
10941
21541
19011
32165
27197
12705
14991
32663
6987
13123
28438
16882
6710
17516
3519
8653
32305
1700
11245
7717
5397
31514
12397
30784
2875
16580
12983
18557
131
4040
9201
9325
19295
7505
25031
2864
4759
21671
9783
32663
13126
29795
31103
522
31938
15007
923
3994
2664
14311
4526
28068
10891
14584
1751
12904
7614
341
4303
28081
30908
19979
31861
12190
10144
28163
26464
2989
18980
9695
30575
18567
11123
594
10618
25203
11205
962
17740
4850
5738
12915
5655
6872
13377
28246
627
3281
23985
4555
10686
29231
25948
13878
19516
6767
26101
7502
26506
17229
20933
15383
8596
590
12154
2342
11450
14827
26625
22639
2536
8787
25468
6493
20266
20184
8995
14734
12654
28490
12982
30696
12435
23611
20082
8091
7630
21051
3485
8282
9673
20460
5752
16835
16032
16884
5767
30188
9053
11471
28953
25418
17723
10092
10930
446
32435
2185
1430
11378
6354
4592
10353
13373
13780
20897
29089
12235
12106
27010
28979
24062
50
1328
7903
10756
10909
533
29704
2034
25248
1969
19868
5713
13082
14941
18480
7898
14423
2797
8418
21570
14102
18625
26323
20382
257
13495
18293
23442
12342
9098
3319
30621
27817
20211
23632
12407
17597
4911
16944
18835
11741
31244
19122
23842
15856
14665
17806
1545
730
21546
11481
266
19864
927
11934
12653
22940
13374
30885
9058
19159
10595
32723
14496
25672
3176
26352
2249
31867
25629
9361
317
31729
27859
9233
25238
12124
23767
5293
30781
10180
24078
4685
23215
12779
7466
7504
5537
31716
20857
24429
11991
3908
9247
26586
22774
22003
21067
26078
25253
10974
13361
25541
25560
9840
3671
2231
24137
15689
17668
3558
18118
31258
10395
30186
30934
75
18027
24767
10391
29349
25838
23065
15104
32351
10665
19587
25156
22204
9263
1574
1983
20324
9577
24727
26025
8969
30957
15922
24036
18737
12485
24764
18072
12161
16563
24886
6151
27664
29008
28450
10380
19859
18846
10160
9204
11524
11516
29855
28647
30341
25580
32122
30261
25117
17131
11301
31247
31674
4861
12298
20573
23685
2667
6905
25254
31897
16722
27723
22284
22040
5940
20513
29554
18748
17613
23923
27969
23965
23642
11685
23434
12873
9207
9057
18565
28224
31389
31096
10358
25280
3099
959
15349
24992
28720
3038
26825
16697
26264
32238
16244
3030
26649
7472
5808
14783
28151
12933
11710
7229
4447
30574
2686
13833
5007
25047
20963
299
24038
1282
32187
19834
258
16032
32389
8178
30815
7257
18689
22659
1556
27519
2204
11189
11965
29403
20276
288
32500
10169
11335
20983
11306
5237
21066
16364
13903
12637
6137
24817
1605
16344
14588
9909
24124
15604
28321
3342
19277
25658
8261
18571
3789
16694
32072
13884
13036
14231
8970
20503
5457
14553
648
7903
16869
24627
19007
28030
11327
28783
5337
11240
8511
15742
31763
20950
30002
10110
3134
31743
9979
27033
15138
11037
18305
17782
10026
30389
25778
17452
18547
46
19062
7067
27551
14980
23946
29806
16568
9732
30281
11698
22941
5027
9991
16354
1606
7235
15186
6313
8640
2396
1467
28091
17542
859
23838
32230
20853
19166
8127
4976
31623
18905
12093
1785
15310
25003
28459
4449
29169
9283
1276
11061
22265
26741
9052
8169
3974
9953
1296
17569
11153
29647
26470
10368
21257
1665
6783
13173
10394
30863
12570
23893
15155
23353
14468
14554
258
32316
8216
24903
10424
15268
24553
26441
25279
24228
30448
26136
26702
17221
4008
4931
7779
11201
5180
2957
5538
2727
17260
18154
2299
2845
20215
21092
24858
13090
32252
19211
8108
4541
4534
870
25807
15965
28011
7049
8044
23308
30825
26245
23175
1895
27457
29043
23143
8690
27084
29592
9151
22252
6481
23343
6880
27916
11639
24542
24788
2444
1682
24616
25771
26412
30663
11644
27449
31047
25073
31987
4790
9682
10868
15121
4904
14194
6136
18165
23913
22959
1709
27247
845
20152
12098
26817
23153
9655
14589
10916
30505
32359
14456
13029
14595
26718
14874
31507
21054
29501
13054
27024
30723
4571
25516
25247
28076
5469
654
6433
27485
21178
24100
10101
3560
18489
14613
11661
20249
7474
12636
11153
3098
31602
8849
11083
18041
20708
22898
21527
10822
30050
12663
30898
22284
18021
29377
3857
20973
25670
17026
30409
20143
8661
13283
20572
31298
11400
24710
21323
17589
4491
14270
1750
5766
23201
4219
25275
280
22104
15617
14795
2867
3832
6418
2530
29669
9429
27850
12112
27470
10732
20455
3375
7386
7080
13246
4749
23161
31871
8976
22357
9799
13720
10932
7706
16726
19493
31552
32176
28842
1165
5290
31152
27383
1707
2227
28970
14107
11045
32582
380
14439
16575
17766
27862
3717
6437
27127
14364
12228
3998
15819
9142
4575
3707
14085
7065
21200
15848
20411
23726
9135
5051
23941
15219
29337
9723
21014
4126
24952
13641
26708
12498
6869
15461
6120
20982
25024
5983
6595
11976
15526
16567
12454
578
27390
17795
18270
32635
28086
2097
20799
17510
3477
21060
22012
18320
26446
12532
551
20445
14737
20996
16908
21789
434
302
16991
20404
8736
16413
22270
18135
9767
14312
2618
14084
16920
2300
28165
2062
24987
27413
19354
4674
30092
12065
29453
28161
4964
23289
5217
25431
8154
23971
8279
29706
30493
19559
18737
20336
17660
20081
23918
20288
24247
21797
28108
21402
8004
25790
11805
17985
30530
27739
31122
13355
8486
13257
25109
7747
19921
4347
9676
25587
17976
1857
8126
748
17692
22274
5164
13600
26969
25264
11200
10573
8944
27052
2312
25
20645
5487
27288
800
11267
32046
20958
22914
18049
31494
2
9241
16150
15701
30188
25372
48
18232
971
27507
3272
29838
14409
30777
272
21932
21925
27358
32520
18887
9933
8672
26530
8273
27629
4238
16918
4532
104
19915
26812
25607
14442
5926
12480
18319
28545
13852
4113
18985
9625
15634
156
26569
31991
1157
29881
27114
11027
21384
6253
23027
22580
25389
15683
10472
3684
15496
5172
5993
15191
29233
8352
14234
30634
20437
3710
29060
7256
28622
24427
28515
29340
22077
29021
23365
16925
18744
1188
21001
16597
23309
10749
16807
24437
21750
32733
8896
7411
19589
32698
10669
9143
11751
28103
25887
105
707
30197
24768
20530
8121
19154
4992
5160
24430
26998
6516
19700
18527
22109
13860
27894
9855
14748
21092
28068
6589
25417
12860
6900
7434
2750
21950
8607
30053
28809
27767
32207
909
22906
94
4370
6274
22588
9101
1886
12048
31497
14223
24761
12587
7561
12727
13820
20232
20760
7292
2751
31442
5282
7952
29502
327
7224
30051
6052
11135
11711
30170
1029
20420
12486
23130
28232
24123
12789
21313
23139
18606
18576
23928
5177
29815
20963
1826
8853
15774
29607
6050
19707
16488
15716
2277
19108
13800
27437
13414
27058
22300
22738
28728
18226
8647
20918
25676
31220
28729
9494
8080
23933
10480
4772
873
32045
670
1297
4704
27394
1523
16783
21694
13312
13093
31613
31048
24165
14441
22446
18712
1999
24137
746
17023
18280
9148
12125
5449
9532
31275
3871
1186
6411
17130
26401
14347
17640
1391
6576
29207
9403
15537
21918
11998
29052
22741
10806
21072
16522
1698
5251
25722
1410
2170
22067
6368
9947
18782
16023
28248
32380
31365
19297
16385
28132
17523
24962
9921
32013
10245
3816
31651
17726
13381
28478
2566
6424
23251
29817
15935
8380
7081
26054
6622
32626
27420
5321
25393
29466
27311
31556
21684
17954
22144
9893
26971
1427
28566
3423
15173
24988
30714
22517
15686
19762
17816
17104
12577
13508
18394
15382
784
941
6092
29935
11708
29256
10963
1009
4887
17179
24588
21543
23417
2885
13910
5016
646
4382
9829
25307
20823
27424
24085
10815
27207
17663
12274
3733
14918
31425
11803
22745
6634
1400
11050
18555
24348
28037
5646
22090
31645
8266
26185
27371
29204
7532
2058
27638
28337
28685
5836
19350
2866
31276
19264
4465
19453
2114
25954
29458
6843
24860
13526
8113
25215
7681
25768
18570
10076
27780
22722
1137
25411
12908
2873
13770
7133
31551
12354
18010
1523
26234
23892
5238
2952
25878
17628
6124
19341
10089
9611
5447
7191
16700
11581
23996
8728
21583
15061
7022
17728
21918
17718
30416
31221
16846
24737
9637
12812
26651
7234
7993
17097
3840
18681
29304
8422
24098
23807
17111
20861
21799
8551
28842
15431
25382
5877
4653
17572
2837
27498
14508
14060
19302
8519
29544
27459
1836
4534
16054
19628
25389
23415
26166
27080
15277
988
11767
8110
21596
30234
7333
26857
20516
10992
994
32371
2788
541
25861
5665
2426
23556
29453
19455
24099
3351
25221
18912
12462
3944
28544
24892
18248
9751
7375
10732
3936
17180
20331
18234
24298
14882
23944
5684
26125
17026
671
2997
29585
20410
14875
27124
19029
20902
21866
14928
32151
19
27302
28342
25722
17927
11002
24405
29847
22673
16256
7023
29604
8425
10419
18587
8265
11554
12049
294
10060
31817
26151
15899
11291
23668
6517
7658
25650
18474
260
30807
4057
20852
32275
17714
1592
10484
24421
14335
20965
12415
13458
7361
8203
3427
30631
21338
24360
15333
2712
24327
7160
21915
7332
9910
4276
6172
14331
26441
1045
6135
31335
32551
16235
14669
29374
11151
9010
6001
1592
21832
32130
15918
29972
27953
29799
6810
13534
15290
11288
25314
16927
30613
10514
32549
30971
1438
9638
32511
12681
712
25509
2361
3154
13344
22846
14849
27066
31735
18245
11543
24776
13645
13492
3461
6138
11143
12887
25278
22770
31437
26006
29517
27227
17874
23783
21950
6117
8122
26872
2020
11636
15295
14803
17461
13593
1587
29564
11960
10626
801
1594
26866
14145
2140
3494
16602
12045
22132
4666
5484
3811
21136
30920
25429
18286
4358
16632
28104
4315
11919
19190
3502
32411
15729
21005
20257
9284
28446
20054
9368
30494
23976
11481
4034
19870
16854
9436
20757
27844
28006
13449
16412
1482
23517
10958
10980
17704
23534
19030
19595
15925
20814
11744
11529
12119
11398
23586
13007
1663
29875
19715
23595
24204
6344
14618
2834
1554
17913
1820
28849
31156
29602
15414
11129
2077
11175
9981
7503
20436
27280
29305
32495
642
26000
10962
9061
26918
4210
19533
23698
28967
10945
13645
21211
20464
23121
29334
15144
31662
8477
4890
15899
14641
24145
3132
32696
19847
23744
18065
23648
21510
12166
13593
9149
1630
20974
11758
10545
13348
9637
30333
21462
25502
19540
3012
16570
18548
12058
15982
9987
18498
16398
27907
11404
19742
26723
7311
30002
4410
7645
20993
18473
18548
15338
31261
29771
932
815
2055
14373
31459
15363
29927
18526
56
11140
4240
29494
14813
10815
27402
12754
7574
14973
8903
22835
8375
20523
12042
31572
7975
13507
13534
3101
32113
3962
24003
7302
10467
29442
12565
