15730
6683
16794
17315
9778
32306
6150
19691
23825
31043
5835
28208
4188
12590
6471
4407
6054
3954
25273
3607
6039
13130
31234
13929
7575
28293
17943
21650
21953
22625
6591
25990
11281
30310
14720
31936
24087
3901
17557
19760
13450
10244
25517
14805
28406
19383
24346
20347
20356
26979
1227
8884
24300
27559
14326
26260
26122
18520
27455
31183
2680
5504
23128
9047
1034
4426
21723
18943
25753
17727
12020
2695
27598
16544
24951
14463
20837
23199
14038
23458
19026
24285
29198
22223
6204
10989
1470
24897
19448
23519
12680
6405
19052
14836
19668
30791
31487
19944
28829
9455
28439
23955
30819
24892
24928
1961
27177
28444
5429
17101
27835
14537
28468
10822
31743
6979
31616
12526
29575
5659
31994
26170
20254
32127
1961
9703
13449
23491
26222
29222
14903
11131
22311
25338
26329
8793
22066
25722
10771
20938
17055
6223
8534
4536
23248
27950
26919
7098
16042
31341
26996
14636
28867
29488
29096
17288
13836
27208
20101
18904
1768
2256
13644
23863
20545
30486
10716
10127
5267
5125
31249
29212
3507
1627
6383
18055
25750
6079
31623
294
11138
25221
7528
6340
12611
19395
15758
3058
25493
17715
4828
14352
17455
16064
22085
3731
19052
23682
6545
2689
27211
29815
20655
25157
7243
14394
3785
25936
2922
1464
5572
18256
32764
22697
5367
32072
10731
7116
1746
19833
7902
9870
17289
24044
14818
22200
13509
19888
15875
1847
16860
29168
19852
7501
7336
27424
12838
11010
6270
10011
6276
12328
20082
18402
15555
15942
15351
30193
28188
21999
25507
7903
4120
15755
26506
18614
7060
52
24460
8433
10731
14533
15133
16348
23632
14657
7998
2147
14306
8474
21685
31759
11535
12201
30258
22228
15321
14233
25903
31142
1551
5498
3007
24940
26115
24347
8904
24079
16304
4981
30085
29221
2763
27401
15447
27811
19815
8992
18270
23006
12022
26605
15026
30407
28463
12806
25992
14905
15599
15572
31197
27981
18518
17192
23759
12302
23559
12137
17087
647
28092
12118
25254
18674
10683
21128
5543
7773
23351
12439
9002
26639
28744
2510
11304
9692
26859
27695
30804
11696
31363
19709
2657
19719
32052
9691
11109
4135
16253
19555
31133
24808
11731
30914
13294
9660
29152
22962
26568
6908
6246
30633
21890
17354
21382
22881
7373
14990
10539
11542
24799
31653
11852
12148
1016
10670
4612
17129
13359
10916
7087
17623
10516
16811
8271
13704
24841
16628
27095
10922
11043
19294
6028
1788
22873
23211
3901
10911
19649
18538
8968
9799
14107
702
22661
2045
5510
27187
12854
29573
14118
922
29687
17120
12823
22470
14959
14030
5032
21564
938
23317
32472
11475
14080
12336
29795
15699
1784
25284
18774
24270
30978
17065
32443
9807
4096
28383
8042
22568
4574
23560
15266
3428
2962
29525
14883
16763
20127
22266
15277
13926
12887
18436
26452
10815
17546
26738
24393
28010
16833
8084
16704
2891
7637
19572
20770
27734
18533
19307
14476
7257
1934
16047
8013
19341
27013
6915
12243
11667
7286
3900
8248
592
12081
7931
8977
10460
18113
16488
4373
31849
20987
27565
961
9719
9178
4321
23444
14067
15111
29172
17034
29447
24521
22682
481
32714
28649
3814
7873
262
13934
11540
24511
8763
6602
6427
16733
15055
31703
20017
23016
20351
6399
28003
3248
9363
12210
20890
28822
31430
1770
26022
32507
8332
24972
19824
10733
12440
25492
29394
20570
30160
19044
13678
27472
2206
13359
9202
14516
25867
6021
14022
3711
15103
17075
8671
18623
29630
7676
9663
18903
29443
23505
19068
13593
4028
8751
1411
13814
24091
4751
17001
23740
8651
28147
18833
23143
2282
17436
19388
21949
8086
7656
29203
12284
3972
507
7885
29014
23057
30376
138
10573
7439
29658
987
13096
25245
31534
16922
31657
27246
12997
29720
27199
29181
8405
12815
25006
22815
27111
9593
5723
14628
11788
25668
16524
16307
12731
7788
3255
29645
6190
29668
32503
29582
15212
12124
1793
6502
54
11539
16944
8122
19185
27032
17727
23215
14487
17221
21608
20119
20442
2338
9312
24615
23481
23771
21079
19120
18907
29024
17465
10347
31459
8160
17182
21815
17895
23772
18977
27633
11611
31291
26775
958
26477
17507
12545
3695
27618
29658
13869
19008
3917
7921
15880
30161
1889
32408
16882
16484
25053
3615
27005
8772
4366
16610
11878
17903
16253
27882
1828
19028
23108
25714
27085
10665
13276
17887
24806
19200
3645
32039
14358
11859
5201
25
9636
24139
29027
1442
32151
16451
18373
16347
31901
5306
21427
32167
28917
26728
17089
11316
28165
12239
4139
29179
7023
25512
701
28783
14526
14029
273
30431
5283
25396
23496
29116
6984
4537
32350
24113
13840
25535
11845
6177
30800
6713
10268
26826
31946
1424
28292
7402
20286
7359
9346
19296
22283
29770
15435
17441
14482
28724
10436
3154
14160
326
24134
31629
25683
30069
3708
25747
32625
12112
9458
22835
26458
32174
1284
14870
28117
10033
29045
22995
26970
4084
7559
32330
4966
22399
16554
28411
409
28336
7807
19077
20207
29078
23806
21535
20676
5507
30450
32238
25751
5278
7610
14125
12616
339
7654
26188
5261
19954
4716
6149
32692
25976
29223
14256
16472
21997
32055
17683
1033
25112
19387
24194
18526
8530
22161
22991
20489
14314
4965
10702
22521
2070
21026
6457
29022
32050
7726
27169
4191
20139
1127
9860
25746
10429
13634
1186
1560
6708
7683
25890
24856
18776
8845
2391
24609
32186
24686
19200
528
25389
25236
27113
12174
5096
31553
25628
23459
31640
30058
13637
18500
15538
16871
1068
18903
10205
27752
3364
29090
6226
15734
26729
22160
32201
11841
22539
18912
9285
20128
29932
10648
17217
2940
13974
2783
11118
5860
19902
24495
21676
18939
24102
11847
29307
4293
11504
17922
26807
17547
7394
18901
970
28279
12543
93
19556
22924
3334
9521
25757
4417
26022
20075
27970
15728
27971
2387
6546
23295
3809
17514
25341
30505
10603
808
21307
25104
3549
25348
19765
8787
21266
23406
31188
21804
21643
32205
9126
22918
22870
8181
2548
8224
3926
132
24908
16771
15308
12813
3950
20553
16252
1288
8235
28818
6704
22369
20353
29917
7903
29147
17401
26
14094
23279
2652
24255
6311
19222
9392
28316
17515
16937
13714
31600
12158
13168
4981
22337
6534
13919
22165
3207
30452
5007
30981
17713
7847
23551
19158
14076
28107
24483
18295
12869
27259
27754
12097
22006
10082
20441
6627
16379
17079
14618
30634
11446
23922
27566
3517
1270
28733
10160
29938
29935
13862
30125
110
28029
532
30834
32241
25992
13480
5104
23506
10309
19554
4656
20348
17199
12972
24058
13665
3079
2367
19694
25930
25942
18845
27358
7473
13663
23587
19969
6134
690
15987
29713
27352
7249
20185
21298
6594
5359
31966
28254
24951
20124
25330
20299
23702
22844
23596
9335
17542
23506
20908
30635
27279
16261
26784
11134
27979
22254
1426
21096
21997
10406
23255
20535
7442
5585
23193
8991
3935
733
18577
56
4867
2922
12579
24515
14781
25324
27003
18417
23035
25772
21280
4629
27687
22862
3913
24776
26867
18282
17696
4938
26431
11229
13534
26046
6305
14656
6003
22139
11596
13371
28111
1517
26104
7834
2556
3590
28592
9850
8344
15207
13466
20062
16462
30300
26681
1589
17999
10611
12673
27891
21984
3838
22701
25591
16617
17436
18724
18467
7408
7207
20815
26842
25092
13476
11053
27551
12514
16431
29586
10764
23740
10298
30058
9465
16739
14307
29422
2133
18855
13483
25704
5139
28180
24416
5848
25968
18247
13971
18248
25873
11111
25808
6514
5214
18978
24940
15712
8395
14356
1584
8346
13047
20425
3628
20109
17602
16415
15178
3181
10023
30838
26278
170
14529
26684
24169
11518
30327
15363
32442
4521
20099
30400
20492
16078
10958
11565
16625
21781
524
7890
26130
26958
20839
13996
15964
545
26922
31863
10992
23530
10996
2252
13715
10165
8740
23532
16332
25997
16173
9027
26009
11958
30156
20457
20459
31743
9435
13244
15772
28247
27141
17180
14064
17073
15347
10403
28052
11934
32644
2660
9532
29345
13173
26173
1029
28420
1881
13252
18760
25033
8293
31946
30916
26906
30584
1112
12568
23078
4183
5938
7193
19072
15237
7894
12583
31215
7896
24666
26790
12436
3544
18941
11559
8264
9755
8556
26217
25920
20675
25884
11873
11923
8391
14181
23395
30324
17971
23615
32591
30661
7782
31085
19434
30174
32056
16630
18300
21698
14146
31508
1837
2271
840
20997
3821
21488
21257
4037
11254
11987
25155
13883
22592
2268
5417
7006
31621
6232
27396
27687
23504
25262
28445
22547
14494
21902
6375
19190
3766
15696
8748
24852
17465
21894
30587
4882
28717
2884
24210
14326
30369
9563
13441
2205
32041
14317
13642
1938
21781
28017
21572
22828
23202
16235
4680
9368
4495
27655
8524
6871
29603
12136
15281
15378
1190
7083
22754
28875
20614
26844
28121
31804
4015
10202
14042
21234
8627
6259
6717
17947
1913
4844
11853
4078
4178
19181
21104
1800
25491
2664
18802
18607
11740
3251
28007
23847
26437
14594
26584
15017
10200
32544
31185
30867
18882
8687
12457
16818
4301
14214
20440
9488
24741
12277
13152
9388
3552
2518
27989
4596
25750
15928
11511
31729
18031
3608
6375
25966
29406
7472
31676
5080
19046
32142
28297
29750
2638
17033
15958
411
8506
26822
24223
12827
5718
31673
15447
20242
53
8153
24681
9288
19414
27110
31679
19899
26927
9293
4116
17669
15187
16454
32527
25461
7794
14699
22733
12907
22447
16103
14719
8065
30951
4634
24364
1048
10872
977
3422
25554
24579
32573
21506
30626
9454
24993
13808
8118
7920
6864
32088
20711
28519
11926
31086
31967
16114
2132
3305
25317
21742
31804
6001
2232
8846
19861
13666
28771
30926
10160
12812
4160
7778
5271
14447
10282
12817
6573
32346
15318
31781
23725
17968
25925
12512
6917
10687
26082
2194
3225
1226
2131
28245
11367
28862
21825
13511
4268
5964
17320
28829
25869
8600
5064
20992
8096
3618
18034
1811
30243
31936
16436
13767
26281
24690
19807
17368
23403
22411
32051
14242
30556
22711
17582
25721
29014
881
26584
470
141
26514
23300
14355
4603
30930
8818
17339
27411
5848
8490
850
2120
20084
2175
17932
12464
28631
32568
23377
819
26305
13101
17559
6926
4944
30006
15476
23119
3327
4448
24967
23289
16908
32106
9759
13878
25526
592
9053
13449
19202
25558
2248
14575
25726
17203
29566
9428
1396
27976
19680
15272
17988
2044
24889
27926
4023
9712
22683
12720
15709
31939
6106
8055
9700
29711
14496
2531
13952
13409
8657
5833
32488
29288
23959
10756
25883
9106
29096
17541
3808
30481
24498
15120
11744
28810
32079
21137
30776
22295
14977
20612
785
3249
11140
7604
26806
11563
14543
10375
15341
341
26447
7176
16577
17700
12513
21100
25706
12691
23890
27552
8337
29392
18862
25350
31785
4406
3903
21195
31922
23357
648
31828
14491
48
13530
3780
6055
8018
29549
29407
28312
9359
20519
16396
14675
16382
21378
30123
13448
14275
21029
30847
14021
31451
11384
30494
18040
17095
26756
18340
16263
30589
7710
32479
30795
15837
22469
31354
10149
15167
13331
30782
23002
17202
27449
21338
23416
26499
4156
29575
12160
3958
4557
26848
27902
14061
3813
7616
6427
30005
31796
28028
19966
3819
31188
31650
30501
22007
6047
9838
1713
28925
29540
23043
31005
14701
5147
580
780
12039
24119
26802
26111
3373
31374
13784
153
25477
13606
24048
25441
6848
20061
19620
18585
7754
6632
13013
3661
27160
26116
21033
18445
5322
6020
7653
31311
615
22140
2411
12661
2406
18458
14376
26857
2376
4478
17181
19725
14804
6701
2078
13840
14891
8286
1606
3792
14886
10660
4525
27685
519
9197
31347
24951
13964
850
25808
87
13576
25869
23234
7704
2393
22813
29676
3502
31368
17762
31567
19362
20758
20488
18782
11952
5349
31465
18339
29564
21490
6025
26909
25052
15658
1269
17857
23866
19067
12537
28515
17041
2189
13629
32674
7418
25143
20909
26809
27842
5457
3638
21882
13331
20728
5884
10121
8924
25578
3728
21150
12605
27156
14599
31353
19629
17608
23808
21518
9412
4742
6808
12151
6315
20039
29963
3275
27335
27555
9860
14401
7915
626
5237
23613
4376
10893
18424
23705
12552
26862
14389
17288
17526
20165
4626
18874
22176
14053
14665
6955
2442
24560
10943
9371
17804
29642
7313
15420
18
8002
25356
32033
28164
4856
2629
23942
25954
21633
20607
24921
32618
2267
31721
5034
26079
19663
6910
6184
22685
10546
12716
17883
22079
22728
21848
18554
15682
27732
28863
12569
8802
26085
9182
27779
4082
29041
18560
23995
373
9802
29817
22409
13378
31737
22010
26112
3129
11956
14053
2313
3748
16368
27838
21222
28252
1168
19871
26869
19754
256
13613
2917
31658
24379
5437
12208
1486
595
26579
30045
29870
3690
17569
31445
16729
22907
17571
14826
24835
10964
25554
14128
12743
3980
27280
26565
22464
15475
24895
30192
17063
15308
22839
20592
20749
7545
27863
15134
23962
13884
7715
12713
16730
9192
20234
1334
6792
28363
11208
15480
11037
10896
31913
27222
4338
13469
24672
4346
9870
9708
25362
16968
30115
22545
15788
6521
28847
7643
15813
17489
10153
21891
20923
20486
12783
29564
23337
12678
3308
10369
29184
25261
858
28543
26316
28041
7396
24586
28801
31774
10298
19776
31415
18526
245
12300
10932
7486
8785
23772
29904
23458
31708
29141
16325
1132
32035
21804
11705
25273
25436
5114
6505
7549
10573
17251
5865
24530
28119
7915
10213
31244
17889
27641
3875
633
11789
24791
2997
16651
9619
3458
12172
10280
30780
21692
24793
26922
21783
6909
20473
30565
11190
29043
14199
5185
11760
12637
4482
21820
8304
9793
29892
25060
24545
21069
25337
9420
9595
1372
5593
7428
28055
14861
2190
244
12496
1792
2397
6350
14421
6968
25408
30445
26194
11086
20257
13440
6958
30281
32757
8343
19055
25017
11491
24224
9029
26707
22347
1470
21483
17632
2045
28133
1744
6368
25163
1608
27035
13441
28913
29071
25584
8338
25508
8326
17255
21608
3213
29603
4259
22777
550
24437
16814
7773
13511
15262
15881
1542
6973
15283
23185
340
30423
12458
9930
23040
30607
16967
31234
23755
15482
13501
11044
23834
20439
31427
3153
32020
27358
30432
1702
17451
13590
21089
18211
32449
19935
8607
14753
18884
5608
3640
25553
21762
7779
7248
30815
21028
3715
32668
6334
20720
10673
26766
19094
321
505
21429
166
1695
28355
26233
25970
6040
16790
20795
10623
2904
2177
19684
18627
26077
13987
26009
906
20396
27931
3337
22838
4104
6561
17809
13213
7959
20822
31403
410
13317
14400
32215
18736
25023
8741
13543
23325
9204
14594
17983
22967
30964
29169
10970
14654
7895
23967
3800
25945
18336
28069
6887
18502
19978
16010
703
7284
25082
18289
24571
10081
21973
10240
4622
14554
25815
19620
24138
12646
30167
15080
11130
12235
10701
7335
31481
9084
2936
27187
24126
15964
17943
20012
4246
13026
31621
29962
30417
30978
21058
21344
19274
981
30189
2769
24399
2430
13310
22464
29965
15684
2698
18259
12807
3614
27449
20359
27601
3739
24429
25597
24741
13426
25914
25556
21040
30412
5468
10031
11223
16236
27755
9173
32192
19483
9603
14826
9772
20363
20824
9099
14122
27920
10882
21936
12044
22183
29575
8919
7454
14732
21878
15377
29422
5994
10291
31725
16089
14685
12579
9629
13890
26548
28323
23619
20007
16973
5622
23555
994
9862
22781
21416
17400
2317
25654
4759
24141
30587
970
28892
5016
4716
23811
24722
4140
4765
32256
9334
14922
15017
31349
13145
7750
22125
12622
28684
31305
15624
30936
30265
18643
8994
10446
31654
14108
3082
26577
785
6114
18253
14675
31728
16234
4495
18382
14124
15806
9575
29162
19264
26420
2171
9863
8176
10045
26897
12770
17943
31849
5311
18824
14153
4648
2751
19531
6115
450
30013
25582
20589
2194
26976
20603
850
8845
4475
9216
25321
4806
17682
16910
25222
6497
14571
25201
8141
5648
6935
12804
5798
26346
12589
11258
6424
18504
452
7626
8948
312
7030
5807
31897
25869
13783
17803
12367
2064
11901
5528
18744
7869
13664
14516
11791
7822
27938
27883
6067
2741
21460
28387
31307
9357
31521
1832
9034
14240
2924
24016
8234
8785
18914
14169
22061
21588
7970
4887
16034
11841
13033
20246
26921
6099
20659
32595
27695
30590
14709
19771
16895
17736
7759
23071
3806
32119
27345
15186
29446
6765
4279
12903
8412
7236
9449
4429
16721
14501
20209
21294
31752
24469
28471
16572
30412
13184
13542
7080
28869
9953
10873
27150
16893
3777
3985
1639
7365
26722
7036
18481
16752
28559
27392
4367
9101
14368
19442
21359
15596
23258
3367
756
5831
12444
31622
23589
4841
31350
11386
535
26108
4100
11207
11505
21128
7969
22379
2763
6094
2245
6856
28085
20234
17459
7193
28950
4353
19088
7019
3121
20825
15095
8371
18955
26692
1624
8329
10444
29023
29014
37
11426
16224
16699
5376
27436
32739
4427
3723
29454
31525
22118
30720
2255
1007
32584
11829
2006
1014
2051
1868
23094
27634
15337
24149
28420
8131
16776
21582
23293
13059
20120
18148
14667
7041
13327
12707
4414
12335
27236
27102
2189
12350
2868
29016
32716
7526
11469
4243
11778
3472
10907
24961
915
28400
29017
26927
28290
5256
2096
23683
29211
12963
18538
10972
6258
21761
11942
513
3407
9612
24513
10872
14000
1917
16281
14503
8679
20029
26884
8024
19678
29324
1651
13773
26247
20290
18071
15123
29234
32217
24513
27888
12235
430
19163
3693
5495
20100
20667
12448
7452
16408
11048
30396
25072
20679
18079
25173
29004
6668
1753
18724
14147
26231
3395
19228
29216
32522
32143
17055
1730
21382
5064
15643
21282
25222
29670
22736
25
24025
4451
25986
784
24633
30658
6317
3208
11983
13024
26883
3633
7718
26117
21850
27004
31832
27068
3458
15283
17704
8944
17290
9164
19683
22639
20309
16431
15779
26349
12123
23763
27823
14512
15641
12393
11101
10921
12626
17632
32477
20994
2940
11149
2789
21121
16663
15782
15487
12978
1489
32489
24842
3766
8541
22998
3911
20150
31001
6070
25921
24265
21664
22580
21603
27472
7082
9605
20380
10437
2499
17917
643
6188
23636
16968
3309
30171
12516
10356
3285
28945
1673
10099
28828
28351
18855
21152
19534
5712
22221
14593
21525
28848
22177
3789
17777
10116
38
32557
14720
29867
28136
17119
5042
18754
4440
27605
27733
13981
2194
26172
27002
14577
26509
9721
26876
25389
10890
28030
20694
11684
12997
32619
29236
20381
5244
17987
15924
7446
22940
23386
11292
2390
19325
27005
14478
16076
26069
23897
12375
7370
7175
10312
12926
4185
10162
11820
28737
366
9554
28475
14795
15585
5290
15821
31930
16937
9637
6063
15401
31298
21171
14133
14894
13843
27255
16
10624
16249
1368
7838
5442
13122
13977
142
13831
28078
32280
16220
2072
29737
25479
18
32540
24760
28490
2851
25386
5906
9243
27698
15550
31117
23715
24108
6227
7462
14270
12054
31911
24044
31339
2929
16095
25280
29808
6984
24234
12426
31132
12927
29338
5886
30925
17160
1323
2513
13816
20062
2390
22808
10911
21954
628
10857
32334
8160
11871
29610
20831
31781
2512
9128
11165
31373
11216
3067
22091
27097
26372
20609
21735
1452
5535
6538
30420
31183
30881
26045
26823
3586
9328
10044
25089
22037
21535
30363
9667
21365
11395
24108
29350
24526
31261
7248
7146
12786
22847
18539
10681
18685
6199
18255
11054
17797
31152
10006
29555
11797
27334
30574
4748
29154
23025
12643
10347
25652
21808
7778
16765
7826
5097
26603
22098
1533
22575
31938
23465
27750
4774
25021
8493
7880
18959
21365
9883
11371
3553
6932
19646
9718
30008
10838
22043
24581
21692
31447
26883
16465
8934
15546
18531
31791
32657
27260
32149
28004
5196
1922
2687
18272
27119
8517
23596
22504
15417
9196
22705
21892
29518
7506
10412
17857
25619
25983
15399
14172
28
6964
14403
17069
9275
9398
24060
9912
26144
2587
20119
10904
3256
184
11320
17595
6837
23564
170
8672
4001
13940
2381
14200
22595
26067
5654
18852
23883
3777
19376
20713
28937
12011
27448
8155
22503
23994
24791
31594
11809
20045
16786
25866
17239
6322
20729
2071
14311
18917
1439
26927
22555
16340
3852
14043
1754
15985
12502
31745
30536
22737
29477
18081
28776
7429
24163
6483
4980
31270
27142
28
17879
31306
3725
29496
10185
22564
7308
7871
27213
22464
31765
3497
24457
6909
6086
12025
9650
12707
25083
19460
23908
10092
32621
31966
5711
1412
22484
20063
14710
31336
2643
4423
11235
19003
12984
10075
810
30016
12249
25113
29788
8961
31528
2477
20846
18555
27185
9077
22239
6149
3313
32039
26557
8413
1413
29337
12215
17982
22903
24817
18605
17032
3535
6455
22797
14473
26993
10738
29512
25872
20900
32552
17982
13410
11500
9872
18648
27635
2871
26571
4154
4651
31682
5706
8087
21087
4598
1347
30491
22069
31753
5145
19482
6937
21132
5404
20750
28128
17558
3958
23687
18246
29507
9463
10933
24866
31751
1469
13046
29888
26565
13138
1975
29201
1141
22362
17025
5962
903
9467
29398
8201
9089
31960
18267
31282
573
13814
30706
28036
367
27472
25372
31902
21611
19289
24040
30429
13049
16572
12427
18030
18698
6379
13444
22578
13478
27874
4152
14562
30978
13706
6590
22977
22602
10820
17544
27912
16979
27074
7538
11398
18539
5228
16670
32374
8457
7779
11547
19163
11860
26810
14581
16956
30181
18694
1000
32749
651
6515
5534
27142
1820
9110
1935
24240
16770
17794
19771
1756
23287
11796
13120
707
12484
19011
31079
6653
25856
14903
26572
24829
3529
7336
21230
12915
19663
27118
870
11478
19171
9749
21205
4000
27846
19548
15993
2773
27652
20779
6417
26402
7467
9239
16328
30748
30578
8477
10664
8138
15223
331
12260
8426
20384
8793
21643
5247
8269
4027
6531
11505
7858
32536
19329
31271
20329
15647
386
32525
19847
19219
1629
3970
17058
25777
19998
12301
25604
14509
15590
2897
11593
18376
23512
12941
3798
4633
24522
25198
6362
31499
15373
11930
9657
8923
20522
17292
2711
3834
9617
1779
31580
24442
13251
16094
10375
5736
20841
839
24551
537
1001
19267
16515
20137
23896
28763
24092
18118
13552
8153
14894
11640
15697
11091
24415
27831
15951
23577
16149
2009
27651
7875
7747
31106
6090
32340
22553
1740
7063
24364
28212
16896
19522
8490
9909
12608
9088
14166
11013
10694
3092
4978
24978
14645
31423
15934
20955
26003
19270
11359
345
16849
30477
5190
3377
12844
31345
20312
10244
25968
11202
5708
4174
1286
21396
14949
27028
24674
1657
15566
31909
11898
26466
28883
30665
26646
6509
28072
5327
27376
8029
18070
1864
29981
12864
15237
3029
22896
26373
14625
17513
31864
4304
14761
22469
31786
23966
23472
4532
1517
10702
9721
14654
2092
30945
23164
5366
7411
30482
18332
4019
5875
30691
2679
419
22026
8192
31920
14711
32526
3803
19152
1455
25174
24770
21931
5684
26946
31748
22790
9330
24818
15789
12880
26017
2723
14397
11389
29981
16103
19363
8272
2122
31701
12999
2897
6016
16425
17780
14981
13965
31918
1677
23769
3293
1822
23329
21799
17485
2136
23056
21180
3522
30238
12122
7562
28350
2305
3676
16160
18229
25327
22444
21504
8584
13326
30964
13142
15864
20023
11397
11329
24504
20923
14111
15066
9016
12811
32188
12882
11345
31470
769
21973
5999
10452
5421
9979
3097
16582
28750
9377
362
18162
28410
12443
28528
26245
30144
21440
29178
28409
30956
24474
30639
10156
32225
2923
16685
22068
31787
14635
4630
5767
24241
3385
15325
8163
8674
12067
755
12300
17130
22061
9702
3451
17279
7043
26171
14850
5731
591
27969
29190
31549
2224
26710
30880
10679
22774
6226
23220
11821
10172
21894
17909
29255
22936
21495
32286
4378
3933
31761
20254
6009
14332
3305
1101
23943
16547
513
10764
15898
263
22193
12468
31593
5973
3666
16147
1263
998
26263
32123
17364
15376
31981
22149
9093
20222
25188
7255
31249
32334
29139
23581
32296
7083
29796
20876
22480
8946
20448
14522
9260
3611
28755
31161
21027
19879
8717
25586
30956
29401
23924
30593
340
6818
10670
21124
6420
16584
20074
6945
23023
4932
28325
1480
1629
6393
28583
14103
16653
26062
3365
8200
22855
28353
22331
14370
21982
5872
21050
4471
12013
29212
5262
32509
1103
13930
16506
22300
4342
4884
20266
31809
14499
10562
25111
15385
1637
17144
9726
20775
28661
12695
28039
26036
24005
2976
7291
31600
3267
182
11557
906
5246
16515
15537
9216
7256
6222
22354
20713
11691
28219
10612
19738
31574
25992
21201
11930
21203
4040
26410
2905
10400
13463
26772
24041
22283
4251
11812
24599
5851
18118
21279
11489
25363
13004
19763
24821
8607
1803
23981
15753
24386
24944
8089
5632
1817
21504
12900
22698
11971
25867
15024
4150
13541
30276
22218
14041
456
26429
16497
20930
28156
23063
3776
18788
16937
27202
14846
27602
5605
7777
26144
17424
3566
3201
15703
2823
30889
15558
21341
21586
3968
32456
11852
11347
7776
25939
7209
20350
28716
19727
4821
3183
28325
4282
1978
15033
7420
3562
30090
28942
7649
17928
22448
6290
6466
8393
16936
18062
24250
20551
338
10277
9956
2348
3866
17655
1603
10012
11811
29174
31676
10375
15058
27805
12816
24462
31253
3771
27648
14132
21111
29616
4836
17678
14385
18094
15590
29771
30310
22928
4513
4448
15230
9923
9903
19073
7865
14306
12207
26517
29048
19917
2812
30638
12095
13879
1801
19051
8083
1159
17169
27037
10201
7996
1512
12487
26531
17721
11231
18573
25237
26079
21041
13987
19665
6115
18265
10297
29522
20986
22535
32493
29938
29790
21385
20200
13590
15723
27581
4412
19832
896
8429
6523
25273
2016
2346
12195
10159
9738
5932
7683
6472
23125
17145
7347
6291
1465
9759
18585
7890
24409
24406
28524
1034
21656
1346
16889
24307
12098
17351
20731
3066
28688
27216
1224
11065
977
12294
11889
31143
1440
15036
21745
25078
19964
10905
21217
10585
1658
8849
16748
11557
28326
14214
24252
17592
9308
28700
1281
5988
17600
25415
29138
7117
1845
20623
8210
4315
18088
17517
19807
25272
31358
30887
18928
17645
30625
4716
29442
26138
11712
10801
13250
20139
6267
6901
20087
15122
26555
2515
21486
30759
32638
30573
22906
5842
9220
15981
18752
29900
19430
30007
6857
13543
16095
20969
20077
2464
24960
10094
5813
3638
22443
19445
12662
24177
30957
20185
32740
25082
32476
15791
19061
13719
8047
3473
1129
13418
32170
31828
5127
11917
29287
17317
7810
13435
27138
4584
19763
31109
19329
32535
24752
4812
21098
5786
31756
12324
19213
18616
6957
18552
14103
13035
688
16244
17874
21569
31339
27590
9227
17961
29918
9974
13722
5961
17058
12965
28322
25679
13063
8890
10824
3096
28811
17249
7592
14212
15985
5203
10008
8358
14689
543
32393
10552
19164
7737
21321
25478
9790
13295
25320
23254
6827
9270
18382
8262
16647
14797
10784
9778
19304
26113
18557
14833
17019
18245
2966
3141
10233
13542
9405
26178
17942
2144
21183
22599
20389
20967
12815
27201
19589
31242
25740
15615
18293
25720
17687
29072
14898
7736
27726
24251
23115
22230
17071
12498
32149
27267
30271
7922
6564
7438
12171
11232
17617
22591
22523
12455
26919
16565
12052
12400
29044
29209
23161
22341
11795
28888
4215
26745
3967
1901
4005
7206
13237
29162
28737
19714
26109
6544
23051
7639
14423
23113
17119
3421
29776
7663
11033
1470
1941
31035
26076
17704
6318
23836
9869
6251
11156
20812
32639
320
13290
21832
11384
18425
14114
17495
21025
15417
7254
13045
10500
31684
4472
24750
17445
29185
13144
16357
3789
20828
4148
17728
7659
24085
15207
18218
9412
18137
26780
9789
26007
5864
21815
12394
23581
13283
5195
24409
1390
18916
1871
27614
22292
22878
7166
587
23051
14120
26208
9012
868
21408
7084
609
8786
10549
21960
5378
32433
1264
13278
32139
25903
22850
30461
30336
30653
13287
8588
22361
20200
26377
11171
1601
15371
14231
8645
24560
16357
14288
25905
27541
10594
15652
27972
5870
2306
16890
15507
26239
25643
29399
6495
17553
14830
12625
23471
10496
10358
21344
22935
9893
14695
21391
18065
11519
11273
4268
18943
17520
1657
23493
25234
22799
853
13491
22327
21038
20731
1240
19377
28581
25825
12361
26108
3421
3860
32721
13328
16166
31648
17754
3311
22198
26898
8693
409
25488
9984
28103
2722
7929
23372
16535
12680
21297
20362
13224
16828
8537
6360
927
15186
30943
18439
11016
19316
29679
488
10279
13807
1340
2601
20502
18624
20145
11267
26281
14571
24727
17210
6719
21245
16624
5385
14718
27056
29205
14015
4205
15679
31884
26438
15438
4202
8113
2247
24583
4957
21084
21013
1856
8829
21809
23343
20231
9254
9591
4857
11724
21255
26855
17561
19263
4468
25951
6594
26144
26955
13949
32240
30315
1246
29439
7927
28229
8621
20776
6480
32207
2376
14115
29556
6860
6237
17100
19960
9993
28174
8824
12393
222
20069
13795
7141
28143
12932
5368
13978
11369
21538
11181
27770
12853
19209
17336
5715
24856
15608
7955
30059
26319
9284
8866
22213
10965
30332
25987
10269
18544
12555
18215
31330
842
28690
4651
8179
13173
5570
20971
32621
10095
32478
19678
9838
7300
24057
31145
11715
1841
28651
32320
12879
13779
16234
12994
24254
14519
2224
10290
12496
21724
847
7014
27955
13590
7236
9811
3535
11528
5971
29862
18453
19384
11367
19564
27030
20101
28454
11710
4769
821
370
23846
4809
27078
7585
21658
24399
2844
19318
18088
16105
14815
4479
7452
25358
29535
28837
28764
1600
29724
11406
27261
9502
29771
22814
30801
17515
2792
30173
8021
20636
2711
22335
27444
3841
21068
16261
8509
26909
6529
27349
10039
8428
17592
20449
31891
10134
21339
18848
11017
128
13228
23114
3858
1303
17669
30052
6055
17501
18244
9645
7100
10482
27784
5067
17755
3180
15946
13896
18314
18072
25219
9198
8064
12128
27679
28062
13632
9318
20507
5168
27347
20781
5507
25196
7447
27060
10108
26854
74
30612
21862
19539
7980
21862
14876
22808
11457
6989
8061
30042
30674
8204
24390
24438
23889
12018
295
1047
23322
15034
24873
8506
30202
4309
18908
13065
4478
14324
24040
22411
238
29394
25889
2188
13738
3294
8477
30469
15147
576
31118
30819
4974
18962
2274
25627
27686
14328
2678
16000
23787
16231
29124
5275
25120
32110
26892
28769
2649
10713
22872
18487
21092
9028
28007
5803
27532
21395
31343
7823
26980
14255
17426
11368
14985
15160
26659
24014
26695
3629
8998
30027
6483
23053
14205
16851
1615
23549
1785
21592
904
18088
28328
21199
7702
23685
5026
29975
29063
24782
23556
28348
17534
1246
31349
8745
14562
4623
9839
24441
24330
20571
31016
18243
11108
7349
2164
19832
24655
22683
23457
12447
12098
1841
15585
6550
31424
1979
30961
19798
26692
5450
19551
4526
20658
4863
2618
8609
18297
9834
27806
2290
11641
15299
26633
23281
12171
27899
2753
4132
13700
10594
19050
30515
16669
30383
13697
17425
20563
7211
15865
22791
23720
100
29328
23819
24051
22099
28551
6731
290
14400
10561
13412
2759
14069
5030
26519
2054
29207
16992
6906
12846
25410
1223
5456
28623
3806
5534
4007
9720
4825
10778
28220
12148
13262
16503
5175
32518
21456
21166
28194
635
8923
27677
12717
17365
21260
15903
18550
29693
2543
9524
24986
11334
20946
22113
11305
25222
19017
16313
24428
31727
1550
31069
1179
4166
10388
24248
1043
8844
19387
27440
24707
27216
12881
19617
19803
832
7342
17366
24807
22637
1779
27077
3733
10301
26194
10198
25931
28182
3708
1186
29373
4127
5914
4775
20772
17597
16501
28274
25482
30144
8790
15971
804
12724
483
26245
21014
32220
2102
32667
15424
522
17268
6449
23995
17132
21947
293
13210
4684
392
17591
29467
6462
7162
17962
9158
28531
903
26424
959
29880
28206
14046
19715
31207
13659
30846
16542
2909
2862
27464
17241
25118
16443
29711
14570
21498
7
22585
15852
4698
16546
31014
10719
30234
27575
4029
28145
5049
28091
8343
27944
15067
13027
30846
15566
8182
13371
14533
7569
5209
31904
10942
3299
11378
16167
22518
22452
15231
30227
5726
9709
2935
4715
22927
16060
15518
16626
12182
23645
23859
22644
20416
10032
21726
30004
20034
6166
13987
8651
20893
15756
5002
21088
24901
26503
10203
15567
6816
17077
16259
28789
20226
22688
6972
29170
23937
11371
7300
20410
14227
12552
21179
18169
19119
15028
15517
14755
27155
20904
27381
29492
5730
6881
4512
16090
5477
6865
21405
19029
20019
12491
7625
14621
13936
18329
15029
9385
26089
23403
492
27458
27898
9121
25228
5878
23994
30463
23123
2144
15691
24639
12309
29175
16628
23187
10664
17512
6917
14035
29348
31840
395
18068
7376
19376
10176
12917
21717
22465
23592
23829
27570
15161
2627
18462
2753
24391
15423
30583
16342
11487
7560
11442
2151
29626
24616
32083
22791
11781
12404
29692
2096
10050
28790
9446
18857
6747
8309
14484
14128
25867
18371
15898
30222
24063
30630
21283
14955
18253
29439
15203
17340
16116
15430
18271
29910
32032
15894
2908
26807
11510
22249
16688
28089
7954
30939
7013
15816
1585
4848
28023
28141
13699
20873
15202
30994
11266
14863
1909
8379
279
7812
872
23536
25286
11498
11103
29007
23383
31772
14344
25108
12306
7719
3440
28418
28522
23760
7458
11378
28552
1
10294
32626
21683
20062
20023
27365
18805
15303
6008
15442
25378
12514
1627
17134
28701
28689
9562
27905
6170
8853
26708
15857
6602
14374
23240
1711
8223
8354
2568
7832
31102
639
6637
6586
18735
11551
5399
19153
4705
18714
1607
28393
22332
23330
30380
5588
5070
25979
5023
20518
27695
25050
16072
20062
31004
14451
10747
25687
17001
4102
72
11113
5817
18895
8872
287
8579
27582
15367
20388
14901
8513
3836
12850
8681
20855
19680
18964
9499
3158
18888
2237
25544
10263
18520
18421
12523
26777
22315
28363
23289
15196
29953
4542
32367
15643
31486
13619
11099
619
11400
26263
10489
9503
26997
476
2917
460
29005
22679
24253
1163
5607
32360
17249
25352
11418
4491
5207
8533
31649
22616
19985
4073
11825
1885
30146
200
20852
2636
8525
20574
3747
23425
23725
17569
10434
22793
12147
4892
9724
31129
6013
2677
12150
29896
13795
28506
10178
20606
6795
28678
31069
29669
10358
24405
11280
24380
20396
22021
366
2959
14011
26998
23162
25714
14335
26673
11118
16828
8117
8984
18571
21239
15773
22879
27497
23082
7753
28344
18610
22890
20440
20958
30907
21925
10546
3407
137
29877
3343
14568
13513
30138
6101
26704
25776
5350
31153
8976
8692
15599
11197
24469
2045
32293
16269
28366
7384
31116
26289
6105
13122
14470
16161
3831
5470
28299
3024
15393
1293
13169
22366
32110
13750
18894
937
22614
8103
15957
7614
7361
14026
30482
14262
5273
29699
30273
3752
30167
12233
22419
24347
7588
12891
8861
15128
28102
14822
13238
15812
1342
14344
2235
30767
9651
14831
26655
18984
22585
25171
3349
9780
24983
1907
15493
9493
18589
10111
8973
12127
547
12227
29772
25618
13383
20405
10722
17065
7188
15314
5886
3286
1544
31903
14271
15615
24215
12152
24565
7059
24081
12913
20640
20476
22270
27472
31169
28155
14474
3297
15413
21325
20861
12255
23565
3431
29420
9782
5183
4407
7564
31383
5574
25377
5535
16793
15490
28277
32684
28537
19376
32190
137
30371
24043
6715
1656
17248
28553
22200
23077
22127
32427
15992
9184
29579
14822
22
26050
19295
528
25623
11832
24435
26278
983
13825
25423
19716
4603
3826
29139
4641
28464
24234
19673
6069
4990
24593
26675
14561
20095
5931
25315
26435
30905
16157
6000
13732
22823
1479
23856
5276
4255
15329
12511
22032
4011
28555
32466
12848
4405
3169
17923
17274
26713
31733
27117
4401
15604
26780
2350
24301
24944
24948
18550
1474
23405
13309
20372
30004
22806
28186
24112
16006
488
20658
3150
12685
30955
22921
4378
10631
3763
19610
28730
15910
15952
18012
27625
13015
5299
22004
14689
481
3286
28051
768
5233
32759
32226
6729
29138
16021
1248
30401
29155
13093
26811
1174
3816
22540
465
7829
11564
30492
21751
30938
