25108
156
16419
21567
31770
16631
617
20824
17632
14536
15454
24296
13288
12538
5459
16179
25946
29834
22245
23342
1005
15720
5709
24145
2833
10663
26351
20621
17975
920
27425
18864
510
32260
31465
29552
10926
21538
6036
16986
21156
17962
8557
13233
31684
16295
26590
22774
25135
13064
11600
13882
32254
952
20781
11390
18806
12725
25541
27965
11605
10453
26850
4415
27207
16557
8
57
30494
5449
25199
16805
10066
14416
25065
19905
24617
1388
7209
10558
12978
24538
27099
14442
11217
11812
17020
13079
30152
27317
19865
14360
673
10825
1669
7246
27581
9683
31757
564
32493
3724
3405
6381
24478
20189
6161
19251
3371
26363
30837
8046
11848
23975
17742
5311
25600
31131
21344
9530
11387
31049
31653
18592
7413
13364
27344
31864
24251
28222
24072
9783
16538
1593
6614
14973
12387
1598
7836
31284
3953
26359
28877
2958
4019
20967
2344
32104
21263
26206
26247
18450
20796
542
27305
4516
8797
10188
29489
10870
28201
3104
11247
29217
24586
12721
10977
22354
17439
17203
28172
26286
7703
22575
23110
14040
19350
12197
488
10038
2650
5389
11689
28907
18428
29707
2071
17411
24902
13677
15395
21886
27915
27845
27699
18854
31101
9499
437
22410
8564
4950
7772
4276
6346
21942
15112
10394
32631
31890
8771
4879
11892
18766
17598
27971
12284
29853
19426
19176
5409
20756
14447
32114
19211
16542
21732
74
29611
808
9973
28357
21458
20541
18973
9040
11606
13608
29605
31940
31051
29718
21345
28962
27866
32245
14702
4888
25052
30445
24629
15750
29393
12192
31893
19140
10643
13224
1070
4208
30021
28642
7962
16266
45
22558
29117
3616
26996
3339
9769
4055
2361
7688
25904
19791
18255
19947
8498
21398
27922
30379
25131
708
20305
6543
28233
23853
31523
15467
4544
2120
23043
32567
18841
13362
5754
9829
32448
1398
13476
6596
26869
4795
24269
13689
7839
29719
30010
24200
12736
29283
23696
31655
26781
20505
15446
30301
10758
7895
6679
23972
16035
5466
29327
915
32471
24744
25418
18150
11740
28204
13466
32320
2181
25000
1766
6344
31776
24730
23299
28997
30808
1576
70
30966
9005
16886
22032
9796
19900
4732
19649
14854
16712
1980
4903
31147
27575
12325
8889
23564
7270
18773
16532
23842
25572
5542
5607
8933
30399
16261
708
1184
26939
31061
19511
28428
10118
32340
8865
15160
30455
7567
27561
807
1030
3484
12454
1222
3013
8464
31420
14640
27500
17993
26181
16404
22118
4973
20983
29278
6817
27303
30497
3221
8331
24177
19963
17381
25543
27100
23472
9491
17681
23641
12254
29231
14245
32238
17358
18946
16617
24442
179
2323
12652
5928
20277
10552
23997
13485
22653
22272
28731
9700
7717
25876
24426
30364
25164
25860
21250
13211
9283
19991
7650
15505
31877
3159
14343
30589
17875
4628
292
30741
19841
12707
7000
16963
24626
13201
15161
15951
6790
32114
13431
1965
12452
17878
6668
23935
20911
687
15710
12530
17534
25549
31374
3636
27683
3847
31865
14894
3777
11998
16276
2863
16784
19797
9730
671
21326
22733
17520
20625
32322
23959
27740
8928
27373
8135
24916
21280
1198
21526
28024
10798
32732
23492
22321
24856
26979
5302
1908
19525
26129
14337
23791
28761
12107
28209
12026
10239
4895
12418
18558
10503
11089
5679
5745
30184
25035
30543
27810
31851
25238
5174
15774
27853
31071
5286
10415
7500
27903
20597
5176
31285
3376
203
3079
24051
9621
21304
12450
24653
17207
23245
14422
12033
21553
15513
22585
1486
29069
19744
13954
19591
7594
13659
13431
4279
387
14530
7505
2713
16555
24484
29531
14159
25495
26003
7911
9848
8126
11239
22861
16157
22980
26763
4882
352
1523
16556
25426
4214
18224
20223
4812
1929
26075
20682
23978
1832
29289
7592
15560
31791
16694
27012
1392
8976
17095
30810
32377
30080
27238
2792
32246
27418
8609
17399
28063
19738
21030
21735
15669
27840
389
29910
4815
8931
24460
11023
15400
24783
25111
17468
25382
18135
6712
17090
773
30705
4843
8208
16891
3966
22886
21077
8539
21672
8869
23501
1909
23550
27827
10133
12871
8138
29694
2080
31815
6016
24132
9288
28958
10248
27728
7491
2103
5579
30751
25603
22334
27514
12842
12147
19379
2699
26181
23795
22056
24564
21918
12927
32559
13363
11532
25471
22022
11083
13598
4334
30523
24928
20156
5324
14544
14820
551
21773
29741
6789
25978
21477
28355
18698
27815
13317
5349
27992
23338
25714
26825
9196
1386
6653
20955
20992
12177
27866
17419
2868
1080
26735
11060
29469
11548
10910
21717
22789
15031
12963
6209
11881
19937
25282
20238
20998
4522
4197
29829
10050
27949
20181
26558
15046
16343
5948
27002
2415
25002
2008
24052
18775
3482
13830
17660
28224
30834
9406
19801
13449
5880
12043
22585
16737
24892
28121
11942
21408
3899
26304
10809
26443
8968
24310
31428
8235
25483
4963
30082
8900
25647
12091
29189
27338
7204
10088
29894
2662
621
14990
9385
29597
18852
10722
11800
21013
32350
4829
26592
20673
21366
21455
16554
5991
17714
22762
24631
17286
17362
22098
4972
27456
13816
13291
11741
8253
27362
32271
29988
26498
22250
11908
7961
618
1113
16
29528
19754
3639
22577
17441
23158
28996
6607
11335
179
2259
26069
29455
2921
21156
8483
13447
16818
13516
11962
17243
22870
10223
1245
955
26914
19035
5154
22606
26364
32597
10451
16752
4882
9893
22446
477
8346
11150
26954
18581
30550
10481
23853
16667
30684
18718
17006
26901
27512
31568
17614
12921
29975
1335
32743
8964
23444
12203
2330
27474
1313
22483
18735
11598
21172
13361
7766
25099
5978
1712
446
13801
17780
6743
12599
24893
7167
27566
27448
13885
23931
2876
23092
23932
18625
14103
21170
31059
13461
7566
5087
13424
23591
21825
6254
21839
26830
32643
17820
18676
29928
13183
20552
15194
4928
26836
5249
9855
18350
29442
26256
24540
30699
9401
20858
26412
12629
29882
10562
26955
28488
4504
26965
850
7238
11748
5507
6396
28651
32598
8770
2258
32532
22090
13665
618
25076
9047
27981
11000
26352
9434
31795
3220
28987
19374
22221
30950
8008
2679
12496
403
22841
29802
5450
21180
9484
21622
31635
26143
6732
11509
16139
2185
7075
24237
16756
22229
15794
16759
5086
16657
8729
6220
6302
29437
25437
12037
8887
27040
28139
8463
5195
28460
29352
32749
17291
14506
2108
7930
24602
24993
7928
23605
21689
6943
16419
595
12973
30165
30647
16933
12194
17158
22339
5813
22635
24109
2680
29934
14988
15313
18932
883
24989
1232
20871
19185
19630
28324
29524
23513
18081
27169
6344
8614
2616
24593
6979
28805
3186
26864
3681
5497
22151
25878
20273
17703
703
8567
8686
18176
2246
26479
14370
7281
24064
31544
31338
8519
32371
8088
18461
26068
11875
28829
8760
16684
7462
29804
1669
31893
31714
10709
31476
20576
5955
32258
29132
17516
3472
4178
26151
5980
18573
8526
4181
19050
9602
22136
24813
20113
27391
12633
16419
11851
32606
12952
10094
25912
27606
28115
3089
25818
27706
28086
14829
9736
17619
8179
11477
18538
15538
14541
25863
25574
29589
32216
3301
4427
15709
28912
19541
7609
4664
14792
31804
16912
9577
27445
18918
14384
27798
17650
8840
9357
8822
22948
17900
12255
28119
8663
989
5839
775
15819
15927
32743
27512
27287
2410
11071
23237
4583
22656
3571
2126
30460
14089
14182
32380
3086
23323
18087
31930
8342
5488
10575
20657
31035
17096
21733
22716
26647
9317
21729
3911
9008
19886
1023
15879
15973
18390
32152
17816
11754
19233
28064
15349
25073
3613
1487
23398
20497
10685
29683
11629
5710
3920
16274
25747
1058
13060
30481
23758
2321
30812
11575
9323
11799
22547
23033
17754
22222
25541
1306
24714
26868
17259
3152
24893
16282
12381
13171
8390
7920
10179
2733
25378
29378
21896
7007
32366
532
26667
7443
20428
9575
15134
23253
12633
1222
9587
27319
28905
763
11603
6958
25340
9922
5573
13042
7973
8045
10406
1621
16345
10367
15231
794
10513
4166
17442
12789
17877
17424
7238
9644
21694
885
17490
29776
1632
4055
20678
19820
28954
20345
9385
19429
20223
30907
13138
4671
3364
17101
23239
13738
15832
30906
14196
19376
13824
1225
26104
6247
10666
11393
23618
3972
27873
28773
22393
23821
10275
7031
10590
11117
14213
5552
26177
23319
14081
15440
19364
26126
27431
875
10926
21271
19001
25424
26483
27296
11158
26515
489
231
18190
11010
852
13768
9696
3565
13688
19925
28338
11886
3445
24725
8197
12683
5656
2435
17547
29731
8890
15946
1472
14817
30868
3447
13173
28161
12217
20036
921
15324
9925
9798
7459
8575
136
19038
20310
25410
5321
13420
19640
27004
23149
28161
26479
23577
22973
27070
13853
7208
15805
29626
30106
9388
20764
24916
3143
14721
29664
11929
12835
5113
2644
18545
29701
20658
18600
13220
26967
26728
22046
3471
30849
14718
18137
32123
30783
26873
12408
25746
18561
22218
6249
7005
27164
26689
28247
28117
26668
6697
3945
16544
3946
29012
16987
25697
7531
2101
24446
29818
23540
19623
27193
5921
25977
30868
9269
7378
6005
13018
27530
956
24872
27120
31805
3783
20711
28463
41
9480
13225
8479
27238
25233
26844
6489
3398
27787
29417
10335
30220
5124
28488
28453
1046
27617
24044
29752
20481
6010
11833
9642
12620
31095
17807
13028
24518
30188
5843
28799
26552
31734
1798
14732
18574
19331
1054
3545
28904
8618
23959
22921
32575
2422
8189
400
5220
5322
16612
5697
12832
22255
29905
13405
2025
30158
10364
17281
16256
23705
25821
27192
29959
29032
29854
20522
16676
11440
7370
8440
25540
25171
11331
567
29352
20456
18846
6314
19141
6641
5746
20783
30303
2077
2340
18377
28170
22645
9926
30927
14938
2453
10282
19956
22419
5494
12933
13679
8300
21652
16885
5777
3636
15789
26709
13125
30072
25081
29494
20338
11333
26559
13975
12474
8593
3304
11390
31685
22724
23966
2901
28872
25675
29585
21845
3405
28598
12769
6592
20142
14870
22719
6593
17352
18539
4635
2588
1302
18464
5412
3899
16026
10796
12634
6211
14996
23717
13035
10166
8157
6371
27252
6988
3332
25217
26242
15114
32250
31598
25528
4053
31806
165
13786
16942
8832
25193
12938
24059
28494
29056
2046
9996
25500
15403
9567
25688
15575
7778
7668
9898
17303
20362
10991
14977
17859
11324
3920
19221
17634
8575
14183
30224
16082
14023
32043
5368
14849
16653
21959
28485
20888
24876
29989
26772
15657
17211
29438
19682
9959
31997
28228
28202
24465
16744
15173
30959
160
18281
6674
30423
5728
26392
17341
21513
27889
31113
962
28659
25582
11150
31957
4825
29892
18339
9507
12244
12842
10418
7538
130
23972
799
19693
25389
28047
29521
23681
16687
5238
1501
1012
9437
17950
20881
25657
11632
12321
10283
11255
8456
6427
29951
7964
5506
15025
21525
25987
6139
28415
6581
18760
18716
14916
17696
31994
16110
15558
30974
17776
13495
21681
2660
20156
22222
32347
13192
20783
29671
8889
7221
27621
26485
24776
4346
8515
6517
9972
30597
1029
21848
23480
30456
9427
2639
11007
20821
2803
2153
17619
27303
26951
13176
10741
32245
20826
6395
28865
10841
1671
14287
4514
8198
22491
26479
29834
3517
15934
28537
11690
31494
5057
10432
14228
29514
17235
10841
3499
3707
20355
475
2446
29309
29318
26121
22147
12091
5422
7767
10196
28592
14637
20246
14645
8125
20914
6553
29210
18294
24669
8855
24627
29547
1426
18938
8181
16939
3806
13883
12550
2063
6664
20701
29286
14631
12072
27664
11024
25685
23310
23008
21482
3587
19230
26045
1822
11215
7401
488
4210
30079
7048
29045
21095
15267
28588
5516
9645
7330
23922
2030
24025
6812
14219
19446
12417
7405
20112
32574
15589
12776
19718
29861
29404
24412
30267
12827
1891
19954
825
13655
278
32252
3798
4084
16388
17327
30845
5298
24612
7484
25518
21939
27538
15686
20789
18756
19789
32236
9004
28844
13892
17579
25981
18494
15013
26180
14443
28858
8787
30557
9267
8328
5412
4114
30155
4389
14906
6643
32529
27633
8363
19794
2683
31646
18194
10402
16740
3251
26786
18648
14684
13929
12091
29801
20997
25166
26724
4603
15582
28350
22820
28428
1527
30066
24260
28915
6364
447
29962
3794
1418
29206
16721
19968
25264
22785
11921
16586
10952
31208
26328
3216
13290
14173
16952
22819
11046
14841
9300
19578
20378
27430
12827
25672
20860
14680
13149
21595
31637
11594
24014
26573
29151
9092
29408
16578
32166
27008
7690
545
30156
8036
12124
14424
31969
30387
24748
3498
6407
12337
809
15678
6902
26289
19871
28832
15143
17636
22937
17696
5053
30598
9365
14515
9092
1537
21886
21003
5881
15215
26739
633
20515
23607
25781
16920
4323
9677
16225
32050
27286
16826
22188
833
29481
31981
32678
6618
12361
6283
23369
16189
6526
15498
22593
28820
7907
25156
10241
19210
15625
15424
714
24137
12523
27463
17372
31966
1825
31648
6984
22592
2380
25942
21030
4861
6177
11290
1576
2144
25627
21427
5267
7809
30679
18838
11738
24665
4081
12092
30599
17396
31969
24769
16585
11753
20771
10700
23510
24958
3886
29820
10194
7524
32675
10256
6962
16645
652
1069
8897
11167
1042
3574
12171
2782
17536
28340
23966
27748
2899
2729
18186
14643
16853
32462
8426
14083
4394
26473
32563
28566
30208
28428
9539
6427
29657
28549
18505
11748
1940
18399
31022
25198
28665
25370
32462
21451
11449
29319
22001
32641
32
21337
913
23884
25624
15534
30939
11761
8898
32052
14695
5982
21356
28382
2860
8548
159
19432
27252
19971
19469
6949
32730
30206
18929
13387
20099
330
3284
8444
20368
1443
15025
11067
28182
15673
5861
9358
11317
8309
13651
5657
27852
20640
17112
8784
24320
4773
10572
5781
21725
3976
15470
27057
12845
1962
14092
32052
5741
18915
8606
11660
19649
7999
8259
30199
12186
17433
20993
14173
2991
19378
24771
19796
2443
13919
6591
13032
23665
30923
15996
28053
16465
15238
26645
26506
18104
9814
728
14333
21997
16649
24737
29971
1855
18415
22882
11562
13621
30401
23391
2260
8847
3974
16976
32621
27334
18613
6708
5458
4846
6897
10750
31447
7925
11447
9454
3147
13575
5762
7625
19317
14973
18220
29434
26172
17000
6924
611
6977
19326
7989
19095
24018
21221
696
14611
3974
7482
11575
28281
16613
16209
11259
25811
32367
16825
31213
16319
7100
26897
7256
8179
30470
7712
18148
31059
14315
30052
12388
338
5840
26066
30883
20506
23383
29517
11908
21649
10136
14
1720
20561
27794
27875
30599
5364
11791
13385
2728
5138
23668
29628
27476
19789
10896
30005
5202
26377
15246
16186
2175
22524
29399
20721
3634
16277
24374
4885
8265
7255
8289
420
28578
14994
4658
7427
28886
2101
950
12896
5232
25675
19994
2414
32398
14024
2023
20923
6376
30579
19661
2385
20265
29649
16562
6697
23085
31941
20766
3981
15454
1466
22790
28887
660
30917
17667
5101
28121
16155
28144
25097
28182
25345
2896
7500
1330
20549
7223
13261
29519
8702
31736
18401
20872
21430
6889
16296
1746
25936
11428
14370
13218
23882
12896
31716
2907
2395
18269
18764
6867
31650
31814
28956
31138
19262
25957
21275
27079
4474
17063
5943
4350
14469
28710
16184
23682
11945
16708
3988
6394
7172
2058
27104
9201
23608
6320
16334
13891
15741
844
10644
25061
17185
3314
11320
25370
29620
17335
27191
31275
8304
11435
10895
3474
19616
18160
16314
20015
23872
21015
14864
31798
30415
11012
24787
25490
5477
2544
18151
25919
15545
31730
7121
17031
2787
16990
18656
18914
10567
27525
16744
15081
4027
20880
31713
6121
799
3266
32695
23002
15441
6641
15866
7682
24308
30208
15831
20458
2338
10231
5422
20108
31474
3538
15645
3293
11355
25758
15891
10858
26799
18433
17299
2087
22318
6262
31339
28397
12695
25559
8766
19669
4185
15693
18396
31269
8414
23562
27267
14040
11433
14341
22310
24116
22725
16633
20365
7235
15110
2698
14642
13428
9761
17462
25685
29198
15293
218
32370
22650
5845
10037
3930
9507
10143
19124
25123
11560
29463
6633
20277
14393
7218
25083
22846
28322
6706
29743
32245
1222
18684
932
3307
16789
28895
30774
25913
14720
7647
23124
24172
1152
10957
18576
30607
27319
4214
16390
6564
31687
15019
2358
32676
29456
18634
29727
15073
17578
8735
24081
31041
14476
31556
27794
8409
18459
1224
24956
7027
21164
14425
5889
8724
13334
28666
19870
11715
29756
24948
22465
25808
27413
12333
24863
10946
13279
11400
19128
25740
24225
19382
28284
20124
28016
13201
7118
11538
27384
23148
14502
22519
11724
6153
3783
11863
21708
4533
31995
6665
24223
20708
12384
29264
9424
19391
31940
27482
29176
7823
6420
3228
30944
13129
1009
6468
20650
21866
12220
24419
23902
4384
23463
21830
29494
31260
23207
3759
30778
13782
16659
17401
23458
18101
4197
32096
1138
31975
14889
8684
26716
19613
28498
9189
29260
31340
8902
9222
9476
22608
23983
14780
3954
21142
13017
29328
8704
6215
20183
11493
13617
30703
1684
2099
8634
14348
3606
13358
9140
10855
8576
8039
2875
23252
8908
17343
27700
7665
30895
14735
25281
18969
17872
3832
11732
27743
32646
32361
13389
32276
5079
18810
16823
7280
29581
13875
8215
3345
27448
18875
15846
32631
24642
22930
19259
23565
19241
13003
10602
2540
2777
9159
11955
1980
5503
5825
24668
12635
150
19054
11017
30892
13078
16385
30974
14724
7793
2551
4758
669
17499
23655
30205
24252
25038
16496
9314
7193
10270
12943
30772
2347
3476
6557
16111
25654
7725
30852
11190
27496
9409
5561
19081
28860
12436
4442
17985
2271
20030
23818
12781
32616
17357
11600
6748
30121
5606
31376
21651
8277
22187
20876
25200
3788
8863
10813
29795
25467
24157
26502
9972
20721
21941
10442
11376
1135
2828
21200
20904
29228
1129
2377
13643
16597
28721
29598
9374
9001
16419
16235
28347
2193
2699
1532
19261
9436
14444
3287
9936
28921
9203
18482
29074
9299
13431
27346
22360
21081
10566
486
24791
904
14723
11534
29780
28402
31657
11236
8465
31258
6999
32377
274
19545
11101
3823
4945
1279
31189
13607
5637
12008
1741
5831
11552
23256
9979
4563
28345
20904
25905
21125
14880
311
19023
5065
5362
4186
32471
22363
10639
17822
18779
19003
11404
8455
26710
1811
14266
11394
18972
26540
12684
16753
26290
28164
28756
16466
28337
31280
15114
26001
11782
28685
4927
26032
28331
12826
24392
18773
22752
9589
20343
22970
6615
15793
7416
26195
22437
22964
6196
4849
18260
32561
28778
1937
13953
28975
24857
4471
7939
18159
11208
31033
18612
31591
24253
31544
31736
3274
7185
24713
2696
31098
31856
8677
9521
6798
25906
7943
16906
29820
23917
17111
15579
21465
16979
10465
29816
2187
19917
4945
18944
22044
22601
12815
10182
17104
26020
19964
17788
31257
19453
4156
11300
32261
10434
19222
14820
5810
11218
4257
24607
29118
22405
25931
12076
1980
3528
2882
31032
1979
23308
27974
13884
13198
25349
30917
6617
25586
21800
8407
21766
14663
6381
7459
11224
5694
22278
6108
4912
30601
23992
29484
27854
1033
26506
9141
29698
19074
3856
9687
22047
6993
32175
27583
26961
31160
31700
7781
9117
11593
8136
27780
26570
16832
20914
31353
17796
10934
28582
9102
5029
30203
4369
21346
29911
16557
2815
13791
20624
25747
24924
29044
27089
26751
7409
25912
14139
1389
9004
20482
27539
9109
8824
26753
32020
16172
10163
31460
160
1021
18925
24942
13404
2004
15665
30588
22603
14657
24906
13651
17212
22833
6064
4410
5523
7571
2771
22245
11772
20930
31287
17100
11741
6903
32617
26938
6420
11495
30633
18992
24804
7816
15860
13076
21101
31777
5222
30100
22969
15108
5737
30563
11716
14774
23868
9553
1875
27549
14273
9641
19242
1616
27035
32027
30469
10260
3754
24376
26067
13302
5108
31744
840
19312
4314
25937
4363
10620
17197
17222
1683
25425
16261
23219
32750
16194
1263
27142
8878
13772
3229
19649
2246
6606
19769
12433
7057
22125
4460
15436
1605
14724
165
16570
5486
8512
19304
23214
1429
8734
8261
12427
30446
3910
4113
1313
13223
3639
14639
27162
8469
1782
20121
4015
11642
2954
10592
32693
26775
20140
8027
32178
29568
12875
25438
2671
24505
4455
10226
23520
14969
28544
8541
24937
22598
16951
4492
1982
27183
1203
10619
7290
3837
10601
13126
11866
8436
28256
29280
14431
21405
13945
29397
21219
8161
15574
7502
12352
28080
18491
22650
13691
31164
26764
21988
4732
23545
28958
26490
22343
21138
9980
8267
9356
24147
1085
17588
15269
19719
29159
11487
19603
9821
4495
24855
25988
7850
6019
5473
25628
25010
8819
14570
10777
18231
2578
3628
15443
29879
1754
8009
14923
31468
15128
4377
24386
2468
14647
7349
28177
21645
14405
26295
19832
12911
21967
3086
23476
12326
12465
11152
30900
15878
30597
9738
610
16352
28895
22489
3369
11360
15509
7350
32162
19245
29988
27751
22086
1692
31222
15923
27212
7889
6837
8507
26030
2772
10308
11654
20890
607
1336
25905
24374
8266
27646
19205
13543
23246
13128
12990
23425
7392
31250
30226
10392
31626
17403
4919
5705
28520
25279
22019
21174
4865
12898
27910
2260
17877
21058
4291
17477
1200
12880
8264
440
15408
4118
32722
26742
21327
11711
23702
20088
15494
19504
25752
172
9659
4422
20264
27103
19528
6126
29602
25845
16564
23560
13975
16932
25686
18740
3524
3250
27852
16861
26951
26290
25406
5317
28097
18958
19031
19870
25393
1117
7815
3081
14420
10899
2273
11819
8070
28124
18703
4797
9488
27962
13308
23059
12489
15033
31610
4672
22419
11938
12994
20342
3829
848
7971
23143
19602
11503
22651
20936
7292
14819
24999
18613
28429
14646
23854
25457
18456
27619
22839
27458
22186
21960
24904
9764
29462
4629
17642
5504
25166
6247
20100
10749
1497
11976
8263
19406
8160
10608
30891
9846
8273
23559
14834
2443
25642
13424
17523
12954
23152
18404
13779
5728
23141
1439
29330
25431
23004
17219
5198
20573
20708
30975
18057
5935
8860
11189
19074
21973
10183
8823
25888
8734
10328
28857
19239
655
30914
11546
15159
21039
4471
12297
27329
32717
11549
17743
20404
5712
3911
24240
15931
2181
18644
25804
1075
6004
16626
12767
28118
1950
31255
19960
26400
11058
15849
15834
28243
4735
25075
19951
2311
24488
22479
28133
27982
12838
24667
19012
593
20703
32736
11519
28811
8266
16789
28337
10024
419
2101
19153
10288
24472
3407
30628
24154
25819
11775
12543
16288
15738
29898
30678
10111
27027
22768
19159
9658
11648
6900
11181
27522
20665
32229
6515
27235
30485
567
25929
19371
19587
6357
14539
5809
19434
23462
29532
2859
29763
21368
13985
1574
28026
11505
12343
24233
6939
20637
18847
2620
17424
6222
10701
3368
7493
25189
12280
22484
31009
12497
8822
21837
31168
24415
1518
22622
385
19926
9158
30278
24691
12840
29938
24147
26876
13866
13658
9309
32167
16311
5551
10893
31466
29411
13390
9919
15824
643
4891
2420
11232
17353
18511
24236
23442
15499
16932
31279
7524
28255
13301
24686
4246
2722
4941
30279
25998
16104
20250
1136
25167
9981
5167
7230
9044
9156
4158
782
28858
26323
19212
18413
79
30532
12205
4373
7556
26873
23027
17599
15054
26292
15310
22105
25959
9819
9893
664
15652
24184
5997
15339
11131
24492
21053
16526
16594
2711
31053
10847
3768
11028
24673
16210
12381
9411
19981
7800
13610
20577
10433
2893
21893
29215
26006
31412
3318
30303
24841
5591
17472
7751
12478
25874
10698
1864
20244
32123
31106
12110
4127
20778
25940
31415
31064
16675
14001
19564
10240
1360
13805
14659
8732
3907
1234
14354
3060
27573
9589
15474
18111
20591
26762
24973
8618
15507
25864
16624
7063
5002
678
21296
21682
6486
12781
7933
6760
9734
4717
31
2083
24330
28887
23254
1570
6531
31509
1073
2082
2594
15144
7331
95
10791
12797
15616
21297
24105
10947
1271
28300
8423
6381
6616
8382
23496
5259
30785
19755
24782
15144
5122
25074
31134
3603
24887
23378
28365
6370
22941
15235
7433
9891
3158
24862
16297
20449
7025
18970
27732
12880
27896
30353
1340
28220
20008
22944
4852
20935
19369
11250
10155
4096
14499
31780
16969
20860
16644
13746
6461
14930
4857
8657
7972
30183
2061
1497
28580
8357
13140
12253
4147
9248
7057
31138
26781
11057
8513
7448
21022
32305
1181
24769
11901
15050
28780
30018
2327
26917
26932
610
562
14889
7579
20625
6127
26556
30840
26489
20771
3997
32000
8431
22849
25082
1901
25035
7868
5725
22118
32033
3874
31414
14766
3212
5969
2440
14638
18494
7510
3859
2104
10656
108
15923
14541
7050
3692
12395
29316
7463
3222
23587
27752
3724
16056
17357
13897
5251
6767
30018
32126
12894
893
20759
25798
18079
728
13191
1843
16884
23561
9735
5801
31603
1375
13345
27377
31568
6854
14567
26881
32641
6197
10715
7249
28174
23889
4332
30717
576
13984
14855
17285
30710
1973
28574
18067
267
5899
15472
27045
3633
10902
14583
14749
12114
21070
22637
32299
28315
28269
16276
3259
31514
5096
6467
26743
2262
30066
10819
2789
14966
10687
29568
28015
12696
27506
10729
2754
14520
11468
5309
18068
8174
7015
13909
28253
8211
10280
30033
25187
20015
12097
28887
12198
16656
10934
13586
5879
2466
9130
29623
20268
11266
3734
25629
26451
13490
8596
13480
29526
32168
7303
19598
27815
22487
5454
14820
12086
18250
12576
28031
15409
26260
6528
222
11633
20195
1378
26388
28392
5154
19605
7026
15226
15415
449
9192
15666
28700
8582
20831
9684
15344
902
23376
4170
1797
29632
3313
9216
20765
19811
1802
5955
19673
7726
26508
29797
23465
6243
5149
13727
26415
14364
30729
14553
11421
11295
3145
10822
5049
17789
17193
12880
5448
11624
7340
29712
23
8527
8177
15426
5745
5727
27539
28539
10926
11962
20544
13504
13735
5048
7716
3288
20076
509
8232
2035
10581
13596
20412
12612
18322
18419
32525
8708
1536
10405
9989
25285
2460
15345
1059
20989
18557
5364
4152
28974
29601
15018
17074
8979
17681
13351
10210
9229
13418
25076
24100
12483
26818
3257
29765
9451
24908
4958
13916
2172
5691
19345
24828
27600
10088
6038
19066
14775
2229
21111
1679
13298
31921
14385
15401
31228
15105
15183
14449
569
9902
13260
7559
16805
6444
11307
31550
11794
25039
22031
3475
3806
19436
24690
22895
16008
24582
13051
3532
11553
5772
22255
7882
6404
19780
14147
10332
6801
17197
30025
29886
10557
31442
30204
5281
7924
11197
26292
29636
15845
27949
4596
2304
3377
32135
17328
26301
5295
25084
32478
5817
32482
19502
27388
1540
31451
4599
31519
7052
3810
10767
11615
29750
10010
24616
25512
23286
6015
21185
15699
28880
32130
13708
6311
23462
28235
17034
18652
28609
17721
19477
642
6423
19656
2635
24679
7346
19011
9098
4919
20099
11452
28138
25677
22845
30925
21413
12754
21035
1542
10635
12033
7937
6784
18432
4802
31741
26322
18448
3600
1628
5784
29252
17385
27876
29765
16437
28176
31692
22523
16062
15312
24425
27737
13946
6978
20372
26272
6164
31478
10691
28674
1575
31532
5110
31484
18497
6578
13296
17709
30923
28287
4612
28301
8182
13416
5116
12606
29131
24585
7160
19482
21060
9006
14297
27599
6766
29698
17220
20433
5809
18120
3496
785
30090
30740
2926
19082
4526
30522
23856
2832
17023
3183
1827
27857
1891
28397
6696
20661
74
25834
24221
27592
30229
13826
21716
4756
3786
14107
23439
21698
852
13045
13267
17714
5035
4587
29499
21238
29982
14281
3153
18263
32371
14469
10171
26154
11231
3980
14960
11637
27977
11467
4062
6203
11805
4177
2016
21601
2427
22402
13803
8420
4279
27957
14032
20171
20980
10211
29287
18744
8361
6270
3870
23090
6007
8139
9181
819
4445
28293
14457
4550
20138
8867
27786
11557
6431
15899
18122
23894
31780
5083
14234
9796
11099
14298
15435
316
24797
14998
19172
24896
25554
12226
4538
24713
7071
11101
2290
17995
1002
9090
12496
28874
7885
5751
4911
31626
20913
2376
21746
10279
16242
31072
1918
32302
31068
12870
30935
22324
5218
32445
20106
19072
3774
11557
14639
14108
16208
11173
18471
5388
21982
28687
15045
23382
30930
4418
4564
22290
12530
28351
15193
2779
27435
17443
20209
28418
19979
7302
26210
13794
11201
18376
19087
25488
27633
31573
28637
22907
13471
10617
1564
13031
23507
18934
16933
11264
8158
14120
6414
3457
31890
21030
13273
5755
1758
1392
10389
29242
21892
12435
24692
8130
10920
15349
5
24071
25828
29670
10925
1903
16240
11535
711
29992
17426
261
18151
9489
29945
22104
31654
15179
29286
11430
15808
23403
11455
20403
25686
26667
10839
26864
9992
28818
8972
14304
951
16924
26426
5055
6673
13729
17327
2679
4297
7331
25670
8781
20519
32746
12842
9899
734
21431
25981
3631
23370
7498
11382
25573
11119
21047
23098
8465
19207
14077
26208
13932
5473
44
25658
16753
10375
3877
28227
10275
7801
6118
22237
10235
17320
29095
9499
17436
15045
22662
1266
5165
10269
13176
9629
32731
16529
12667
16583
4564
23603
27238
24017
2767
8584
6997
1993
18761
28883
8812
24946
8099
1821
30467
12039
27058
19323
8084
27313
28568
29986
31764
12006
24234
26485
10975
7408
402
13028
28313
18249
26630
2386
18713
27678
18199
16300
7446
28107
7413
642
1660
13293
31290
28543
22476
4881
4699
6632
31870
1553
23425
27337
18060
30995
12363
3500
28523
13760
18169
458
24213
19583
5829
1946
21834
20802
4164
18071
24678
17393
5151
23833
24026
22378
15643
23750
18231
6920
22054
21507
2097
5019
4375
27297
17312
7204
17214
18994
8340
3248
21279
29699
18373
26893
10224
10567
6066
21686
32032
7460
19074
3399
29156
26109
30019
27457
13623
13325
12249
28731
31278
11917
23153
7195
24760
21165
4300
21288
7834
6868
2591
8270
4626
21219
9218
29213
10356
9402
19548
347
21440
14441
26989
30144
13718
20620
25126
8579
23090
649
23569
16838
30417
6317
8037
10135
25838
31647
24998
22436
10971
5744
3839
3252
24843
17165
7190
32715
28091
25794
21341
29636
9829
26600
26249
30650
22046
2023
12649
2776
8468
22464
21382
30358
31198
25258
20050
13179
2956
29926
18489
28389
13858
13018
24614
8971
11493
17110
29205
31508
29156
6175
17415
8527
27484
19339
7154
10043
10149
3115
2137
17958
9521
7218
29414
11128
21705
20791
30009
14687
19388
4
9936
3797
3165
20580
25805
32244
22876
32079
24286
30292
19352
27261
10425
26138
31475
28944
5886
13208
25183
27374
23483
6611
8346
17161
6096
15309
16902
6632
18759
5767
27172
31696
14074
16428
13189
6070
979
10161
10276
11771
28928
22003
15389
20516
28326
17601
28173
7978
2716
29994
3406
2943
32562
9295
28197
224
21744
2490
23024
7912
17365
11622
28804
22816
5557
10320
5196
29819
13117
19232
27260
24085
21231
21805
15976
6478
25975
6564
14455
2611
29002
28587
7146
6306
16264
26770
11831
28723
22759
25161
11770
13883
28764
7852
13942
26053
32346
18306
31495
29503
1510
7229
3410
25879
20850
15962
30471
24439
23372
4187
6183
30535
4313
14067
8310
23995
28847
13985
31398
26386
17002
30133
32382
11765
23459
19221
24061
23616
2120
28683
567
25460
30828
8129
16236
30022
26835
23538
19377
19075
8173
16108
6522
19847
30246
31730
12174
9807
11800
5772
9186
20694
17160
23707
16787
18613
14442
24244
21334
10901
20521
14129
12888
8950
27518
13906
13145
8257
4587
17041
9008
23496
7439
16051
14981
10375
2379
25517
2391
21297
27680
13720
14315
19486
10774
18228
4870
31490
30840
14464
25657
27907
4469
27174
5816
15892
2096
30014
29504
6832
32112
11642
24164
8115
28009
24565
26105
28615
17116
8617
12296
21207
7210
1699
19822
24657
24640
114
32001
18943
10775
32643
26450
16036
17215
18546
3812
10018
19654
20697
14538
15572
15401
5601
24750
14092
9404
29009
18018
18956
24961
867
28068
2770
24324
6931
20146
5652
21284
2899
10530
11565
2624
23932
11529
14320
12702
18159
20736
3945
23262
22600
14065
27726
8544
12008
28898
1977
19510
6118
6568
8317
19759
7377
12085
18357
12400
8992
2337
5074
18073
207
8109
3234
29151
15357
20567
28759
22865
28624
28170
26415
3547
101
17670
22539
30444
22549
13237
17622
27415
18537
6018
32050
16747
30745
2689
6828
24970
969
16506
2562
9346
1573
22543
4733
8312
11057
7975
234
20593
5546
15406
6998
31007
7879
13695
20604
19472
31882
15950
18260
27922
9523
27742
28755
13063
24815
20948
7298
30805
20772
8346
32230
7627
5376
3315
15512
11137
1384
20209
4732
501
9345
15036
14030
9805
10230
2168
11689
27471
6350
8638
19332
21156
26795
25128
23125
28353
21660
11016
23298
29701
10585
27219
32383
1123
2857
19887
20993
10443
23458
22483
7370
20846
31771
12453
24684
21430
12898
8656
3034
5980
28020
9555
24375
19040
9751
27083
4467
4231
17141
18944
14373
20620
11717
32213
15672
25282
5132
23135
11466
25388
3653
9946
25895
24662
10162
16217
16208
12875
10621
14274
31379
7824
2482
32066
8381
30014
26523
3780
24748
23297
12804
3759
1558
15194
18450
7848
15908
16472
2222
26416
23436
4265
19552
32232
2978
1463
30113
27577
3815
8417
22857
28909
7454
7908
15241
26040
24536
27882
21155
1477
25837
32753
19656
4018
24621
16636
21319
13711
16313
18021
32599
8661
7786
30939
29250
2103
13582
17453
25453
4399
21645
7554
14894
13340
5997
31145
19761
2174
22529
5845
2669
19332
14803
11444
16237
16659
5015
2367
15032
20601
17351
27095
64
6595
4802
17991
27536
4561
31196
27766
6705
9044
28389
16824
13956
21445
9002
8838
8858
26210
18346
32468
27298
10016
3980
19196
18285
11327
1538
19261
23012
18865
28607
