15000
12592
24772
12046
28712
18190
1118
3813
32486
20003
28747
30373
17617
14522
3549
2590
32631
5577
13764
27370
8519
5748
11755
25201
12338
30299
32159
3235
32144
14679
30898
5581
17140
12606
5534
14562
30316
12268
18992
5421
21029
25388
19956
25434
21391
5919
22929
9762
3767
18430
23969
21148
20572
482
6654
10267
23248
26304
23107
5558
5577
14897
12232
23406
16962
29023
20647
5341
23649
2557
3122
14641
187
25554
4358
23158
6558
28437
26251
31266
272
27162
13922
7763
25013
17176
2134
24058
6982
22011
31960
23949
27243
13688
7165
26601
7671
1918
30982
11726
22877
23126
11841
7230
18820
29051
15036
14448
15738
22349
1952
2937
32670
14804
24703
30781
29025
10911
19010
18383
871
27418
26889
23719
25403
15243
22561
22478
10129
29697
3158
1592
15681
32134
19340
26855
25075
22724
7632
31183
891
26763
18015
2374
27886
4042
11648
8841
21497
30020
27756
4743
6220
1273
13663
11009
2540
11249
7270
30423
4242
21645
18237
26221
14488
18136
4867
18884
18979
21927
2614
5071
27327
2506
14375
8673
31720
25905
26293
11060
11373
19495
11863
30414
30116
15825
12556
31463
27161
28229
11738
26108
18799
27998
30435
24311
25171
3328
32155
36
25683
12664
12741
13830
17103
30246
24751
12804
3986
30980
19577
25515
334
19742
20187
19845
11109
27923
13005
9813
28162
4657
3408
2629
31302
16986
20008
6661
5764
9432
1063
22469
18353
8333
26158
31715
19094
13882
4896
4607
21984
24468
25143
13544
8764
25716
16863
21704
9267
21438
11686
14004
14518
10520
20477
29827
20807
12198
7994
9474
10489
85
18155
8387
17588
20258
25455
9061
355
12593
21213
17827
23884
20457
29913
15705
22973
2363
26714
25950
25876
3778
1246
22788
26627
22472
20405
7480
32386
9801
11494
31857
1768
79
655
11463
18651
27960
19977
3838
5732
16491
22673
10412
28819
15277
12450
21129
2903
24923
23708
29792
9499
25665
8977
15763
12155
22535
13229
15345
20327
3382
18271
11686
12774
20709
4972
11674
1192
19626
4054
32084
8119
32040
27847
14602
3988
19610
24405
25952
13979
28877
7219
18825
12342
23381
15686
14117
3945
22524
9864
21697
30855
12808
16140
2058
26544
326
29533
12893
17494
397
16555
4037
9104
400
26371
30089
26915
27449
9117
15651
27135
10829
10575
23576
8409
12260
271
5757
18253
13508
26821
26902
28808
23731
26782
1363
17578
30821
21566
5512
6142
32486
1048
28285
22062
17419
10908
19114
22136
796
28351
6437
24594
26367
20414
19322
16273
21806
19262
14210
21720
17994
15040
6599
3231
5584
32711
21910
21974
7567
30105
6945
29940
25285
24456
7691
24179
12528
28618
5254
20075
10703
12410
12278
27301
25503
5038
1284
18678
17009
13270
26754
22808
26088
4582
2034
10844
15398
24993
25679
18823
13454
3377
12276
25207
11032
3810
20871
7192
29563
19605
16821
14518
2426
30788
18384
24463
19263
5636
28490
11586
6084
29256
2234
23462
15610
13691
21397
13741
19574
557
3633
27974
28229
25195
20159
28315
29155
8368
13400
14965
27961
19829
5359
15307
3603
9425
16900
27732
24861
19462
16897
26107
5073
9714
9687
17849
28289
4467
10452
28499
10273
10887
24171
7168
3730
1387
21810
26843
14765
20997
23214
14137
24882
5742
25802
506
11187
15899
5169
3226
14438
32155
27871
27062
10125
29135
28982
20461
30314
4234
32633
9211
8060
6141
6187
26585
4487
14670
7897
5048
26442
29883
2688
15207
30131
21676
4754
23620
24146
20332
4595
10337
217
4359
6576
3409
14326
32364
9346
27716
1739
5692
992
30450
2619
186
5654
7651
6224
9392
14893
15765
9023
11004
31818
9881
28094
5924
32646
9957
21875
22062
30759
850
26677
21916
30110
22119
3407
18753
23895
16630
7103
21126
13
24138
23439
11474
3569
6261
24122
19210
17863
6045
815
12949
30230
13977
3088
27951
29209
26332
18551
25047
21130
30608
19696
19194
16220
10430
27796
12302
15897
10170
17026
30730
15545
18085
26058
2961
19397
2015
7120
32331
4535
30372
25861
4502
4721
23661
22639
14969
9598
11790
6038
1028
6557
23725
31729
31178
14171
8076
5472
23070
263
1175
21074
10392
3022
25402
4692
6804
25868
25578
22823
31888
9932
4796
10535
1983
31448
19632
11248
16468
29364
25686
26875
11198
4414
23717
22032
25178
11866
24425
24778
2024
4713
1452
27127
27844
24674
31642
8052
19932
3730
20053
28862
909
16018
828
11028
8312
10988
15208
870
22707
17311
25021
2515
12033
13416
18051
23581
11217
12054
24909
2676
18572
18231
22315
22859
29796
22315
31564
24896
31654
24012
3268
27469
14693
27407
15439
21511
18988
2914
10103
32492
25525
25733
2146
25905
25109
6583
703
1407
22563
8430
12630
6493
19942
31430
25919
4687
11899
9007
5452
10124
16120
5889
171
8500
28552
4227
1258
17830
13237
1738
7981
25200
2394
6149
4144
6569
18425
10289
24026
32079
14266
9509
12770
12823
18868
11733
7569
20030
32157
30192
3850
20523
6723
16308
31980
14255
12261
21833
1027
15501
10889
449
30366
12061
27240
6510
7289
32211
24330
20032
7257
704
31257
24947
29485
16434
25762
23421
26398
7800
19161
22331
919
8300
2989
4733
9206
30859
28172
23273
22202
8212
18509
499
11801
32483
21290
22383
28024
12744
13860
15665
16642
13541
5126
20887
7120
1671
30209
14260
1082
31824
21961
19208
6655
18901
21412
8943
22276
19890
23360
17005
15218
5463
25010
14804
27694
26835
32471
7861
2276
21598
19481
16178
10463
3127
14062
28216
8786
30617
6307
31100
12704
16369
22013
30943
21992
3883
20326
24286
10012
11453
7059
19471
704
21051
18045
4478
4757
32364
5592
27771
32067
24729
14541
18225
4123
11118
22480
26042
7673
9086
32478
3097
954
10073
28508
12998
12082
297
16915
7191
9079
29767
5127
10190
3013
22702
6168
18391
2853
15093
315
23088
29282
13205
5743
2558
15977
29991
22112
4999
905
12762
1033
9715
2844
11797
7451
605
28872
203
28533
11223
27448
4892
1655
3926
2165
11841
20997
20946
3722
8607
16677
10920
13401
13362
5544
23823
10086
9773
31050
2987
1778
5130
1802
29643
8121
8260
16632
9585
9380
19821
32593
25618
31088
3993
2561
24316
4447
17283
20459
25438
29341
23514
32301
7493
20568
4450
18589
25725
25500
2258
703
22520
29618
12533
32564
17974
19292
1455
13179
6625
9285
30397
8787
2883
11116
17583
22444
9181
11961
27978
16885
30894
15066
23
4697
25180
20678
886
21834
10480
21516
14837
13098
24041
7531
32173
21181
26817
12023
15319
2629
1682
4550
446
25122
15737
20775
23758
6875
17716
22423
23359
4325
25009
4951
28517
16583
28883
16827
3944
14504
15330
25922
11892
17990
1212
16228
30784
25013
487
473
16886
5858
11280
28447
15785
15550
32026
21233
18812
4251
30592
12567
9487
2915
14647
328
12407
15772
32555
32002
15107
17243
29521
23100
24663
24652
25977
5801
27678
21014
197
23376
29155
586
975
19767
13503
11459
2283
322
18731
12967
3496
18995
5567
3572
10402
12408
14802
15515
18245
14713
5674
15821
30471
17987
25175
3511
19596
16513
3387
29415
1463
10919
26132
24267
29961
19686
18109
7521
12318
9038
24825
14517
29710
18445
218
3059
10925
24664
4488
26661
6840
25599
27143
7965
9537
16242
4353
25232
25854
8962
19013
22438
27744
13326
28065
9503
2233
7509
8964
14388
32573
13516
19066
19525
28021
19653
20900
247
21003
5680
2326
24073
11550
7513
2541
27627
27344
9509
6246
23921
2790
25461
16179
27242
19904
1325
26141
17422
23723
3299
8617
31833
15783
26992
23011
29794
5856
8820
9501
25756
26907
8991
2137
21367
14436
21952
19311
20083
32654
22352
31178
25996
15707
21069
26548
205
28283
19865
13805
27306
7136
11633
23083
16533
7262
21156
474
14637
7137
5233
1813
28163
10334
2089
16635
9772
5611
20979
4500
20086
21490
30020
943
15740
25941
16921
8328
3035
25937
14723
15104
21045
3222
203
21855
21439
2561
24709
26568
10953
4068
7453
30382
4104
2535
7549
18451
29642
6926
15930
472
8367
16801
27144
15626
9574
4778
3061
15369
9332
30258
30328
25637
3129
2801
8596
30591
22933
11674
22804
27360
8513
28651
14321
24867
4888
496
12878
9856
19372
13936
17161
792
24258
31821
26412
4416
650
22909
16058
2135
26975
1354
11053
8330
7399
22790
31846
11178
12464
10510
14551
29059
5832
10327
11346
20493
23245
4490
5697
8527
23076
26756
8037
28934
10491
9527
31741
14256
32333
10860
16711
25654
26313
15730
20894
1190
4899
19504
3979
11670
9346
25526
22714
3071
8099
19769
4960
14260
23887
12839
27335
1839
28045
15679
18217
11358
7943
22639
724
2803
16412
5008
30201
23424
25910
5933
16270
175
27009
21306
20695
11552
4581
32064
5920
23964
16174
26498
22534
7271
17918
2262
28236
31203
21523
4232
5312
6557
5087
8633
29357
27143
20599
2075
8849
6411
19474
19602
10337
12830
22228
3818
4452
27521
30065
14972
1972
17359
1562
2683
18166
21004
28957
10195
14203
10052
32336
8236
11155
23052
9941
3608
11071
23681
4795
18186
14597
3846
32087
11759
19666
630
22658
7698
12414
25044
14828
24550
30283
8855
19766
2581
28660
8913
26863
26383
19942
7319
22628
21999
22818
17007
26638
27659
9339
32709
14838
22176
28517
14014
5185
13681
32035
13251
13851
26958
8146
30475
30612
29286
26095
30275
13456
30085
24285
28154
32040
18967
29924
24521
10755
12877
28330
5257
1518
31124
31690
23303
25953
14009
19139
31305
27443
2177
21379
22547
26831
22133
23238
21319
22113
25834
2128
9797
7354
31489
16736
31565
1
19538
12357
9626
6204
15982
11466
10113
11059
22442
31453
14730
20893
24249
11057
14039
27282
25725
28575
16051
15289
28624
26160
11009
15166
9420
8712
2780
25465
10779
30029
24762
16383
16153
17494
30168
23466
6467
12551
10192
21131
17333
17992
2427
11010
21424
9256
6616
16060
8944
22893
8117
30441
17236
7742
20014
15027
9033
31041
24543
22940
17156
32689
23874
19306
28470
14248
5623
16165
1579
23274
2415
7018
24089
1369
25399
888
20110
21460
25676
18817
26117
26328
1372
12674
28814
3857
12910
28150
1206
30168
22649
32272
6166
24435
4460
27851
26137
30421
4415
21256
9020
11037
4086
29137
9759
27061
15329
19135
18496
23553
479
25307
3968
7726
8800
24566
11090
9677
31127
27795
14641
29912
31856
19754
11859
15063
24485
13634
30339
29374
30562
32666
17501
27590
24133
13572
6097
26402
13384
17907
26588
13277
2004
20107
16934
15110
1770
30828
2610
13075
14046
22973
450
29535
10935
31638
16476
20459
28433
247
5671
13588
3071
11258
2262
29450
20216
24808
31304
11046
9146
18177
11691
12609
20843
12561
24573
99
5405
17570
24183
8349
31558
24619
3209
28955
30510
14858
8543
18676
6982
15380
13065
26295
15034
10448
25811
12107
26498
15071
3356
14434
27590
15283
26426
1349
23407
7026
18744
19519
9381
6581
9971
19892
22538
11470
7492
17916
10817
12816
15659
14053
4505
29025
29771
1124
16586
10274
15165
8983
2803
11871
9334
27858
27184
7388
26653
3342
1862
32666
28314
5463
31648
25839
23270
23874
24755
16655
14210
6830
1829
20124
8312
5536
21433
12436
1919
14681
28033
25485
8255
51
32495
10632
1473
31284
3795
10469
1416
14292
12675
17960
26377
32588
1979
1128
28414
28605
17346
653
12328
31139
15540
23655
7889
27299
15894
14197
14822
25370
26695
31472
16645
2787
917
7028
16295
4858
1820
21768
28412
31549
23850
21489
10176
27892
15353
14068
10667
13759
24220
21361
3152
31776
14853
22434
11866
23694
13418
24133
32503
6347
10993
27262
11213
21166
28347
4551
2821
23264
13708
22157
12082
21113
14655
3373
27842
13023
14293
20979
22751
7850
23062
20533
2104
15482
8271
27472
19635
4847
587
30883
32087
9073
13205
5970
10098
31606
29889
28724
4848
11016
18429
13269
20584
18218
14630
11278
23724
20574
4189
2575
309
13751
14309
7379
6188
6080
31560
3281
9062
9555
10473
20574
14916
18786
13594
20284
15336
23971
27874
10919
28393
6308
7562
8385
32382
13647
16547
1705
12396
25459
9663
3046
27538
32102
31937
29549
19782
23149
10384
3224
8828
28406
14435
31274
24887
24300
30761
27987
30076
28769
21247
6003
27005
10442
5221
30095
2022
28032
17901
5293
4570
4479
25337
26191
25504
4271
3866
18757
26051
15121
7911
5434
7572
8510
25383
11100
1008
2286
9981
12824
6274
28048
29285
27236
17050
20873
11942
26477
9153
31335
6008
917
6690
27231
21911
12908
25819
10175
18243
3514
29056
12125
6185
23045
10090
23820
31015
21435
27918
440
25966
22652
12770
20139
25582
707
8127
1157
4159
27211
27110
21644
26683
31919
8960
21707
8965
8808
32436
10979
26112
8117
12156
13130
25415
19034
12671
4643
1230
8914
7558
30262
22101
15607
5340
21981
25178
32360
7875
12397
4321
29533
12071
24487
351
10428
5142
17161
26185
29748
7354
22444
28686
29771
30630
29585
29369
2732
17236
4209
11833
2630
23807
22062
25917
8879
18659
6392
6759
30512
9302
26445
31134
23792
16801
25426
24544
6691
15632
5212
16474
2796
20347
24405
30436
7841
25102
9519
638
18299
29046
28692
29652
28619
31948
12864
12301
1130
26522
19326
11984
24049
6642
4952
30049
2703
27518
30769
2156
26830
11263
15227
3199
32483
7871
20816
10799
16119
844
9112
21171
10896
17938
6912
18110
20518
7497
20501
27897
2781
26845
8084
3064
10066
7526
2084
4409
26037
7065
13174
26722
14547
27742
23474
18466
386
18431
14479
2525
21144
1904
983
25046
21892
30851
24841
11148
17814
23067
4094
26912
21578
31789
7153
5411
6988
23666
14558
6719
25940
28100
28141
6453
23675
8067
31175
26309
21878
15381
9813
31292
29382
24889
17929
8275
23838
1832
25930
22670
19144
28525
14422
31065
25502
26087
17591
17641
9844
21870
2116
4856
5992
22767
17482
21983
21569
26823
21561
28905
1640
26597
26278
4185
11131
24978
3311
5367
2061
1692
5769
5961
21839
1046
8017
5325
20803
19867
1008
25887
22123
2904
5941
27030
21924
16918
25795
11626
12799
32007
20797
3699
29014
27336
14653
1362
32010
4203
10425
13635
25724
2841
2716
9915
16092
23499
25146
3278
7358
18496
15345
27960
7836
4803
15567
2695
9354
27280
29830
28775
8376
6695
11099
4239
28979
26969
9636
9822
18641
27950
5919
14448
2315
30849
31326
17490
22526
28722
14532
21667
28515
23464
24959
26743
32384
25360
1856
25795
746
27856
373
24340
19160
6943
5016
30272
14973
4925
20435
17500
20193
4546
6132
25260
6421
19850
17526
9312
3547
9247
6188
100
29595
8184
29111
11340
20674
11976
12470
17388
492
5900
32399
32690
20082
13351
23842
24475
7061
4682
29282
3035
19995
17202
18848
11900
23791
16627
12537
8111
24403
26610
28613
7912
27592
25879
32267
4427
6047
26364
28623
2619
1661
20303
1491
5642
17490
26273
2245
22872
10396
11
18591
15487
18473
7542
7464
1249
12869
18270
21796
16619
22554
5530
9682
25988
9727
19682
31878
12591
29484
24742
10333
10657
32622
13475
5342
12893
26518
25062
20553
22015
17632
28303
23720
13152
14628
14553
16309
24617
29887
745
19092
5002
10887
4528
13153
1872
4039
3669
31195
28548
15461
2734
14331
27022
3415
15081
14523
24632
9905
4931
21450
30662
31213
11827
10193
7438
18115
20653
29868
12796
3289
32070
19755
25143
1557
25014
1725
29528
16221
3986
3556
23304
8649
14325
21602
26893
14928
11464
27337
26568
18104
29044
11378
21813
76
10857
29285
2176
5895
17046
9985
29005
23376
22835
28003
5889
23409
9775
12418
27871
7851
19962
3971
29967
26642
21828
4448
4274
4193
3392
23413
21084
24861
4313
25130
13038
28632
8720
7229
12555
19992
26563
2509
31855
27793
15145
32694
2300
16136
7897
19780
6546
21191
1820
20096
28648
21666
10310
32711
15646
20023
6000
14230
9472
26389
30054
15632
21218
19605
22410
13843
23697
24522
1333
27321
31765
1799
12255
27084
31345
30711
10932
3506
28885
29124
25880
26454
5310
19749
24489
9509
10971
25009
9723
18015
31577
12859
6338
19634
29562
27732
9766
6972
10984
18823
14467
1745
32527
3019
17985
15911
17847
30734
11970
11813
4749
30907
7503
13952
28781
20208
19539
9114
22203
25666
5164
14290
13775
122
11808
16617
20413
32443
19255
26107
4882
8802
20801
19570
5096
2267
9696
27214
5987
20604
15006
25133
27572
2894
8209
290
17947
20056
14535
21276
12202
18703
24743
713
24466
11254
3767
23278
9328
30701
17538
13669
4140
10428
18131
6567
30167
2249
22012
17694
23991
4944
7526
25531
10224
11197
11848
19752
458
23825
19659
28883
323
3236
12958
22561
512
21285
4557
2658
28620
2572
27898
23587
32011
16699
10879
28628
6131
20436
4764
17944
26538
6614
27114
30152
31889
15533
18087
7049
20415
27285
30827
23056
7623
9920
13646
21035
10196
29536
26062
20473
25998
10201
4503
3396
1001
10509
32634
6290
23094
27624
8997
11266
30621
1423
31284
15422
2107
1721
32637
13326
23709
24053
30246
3267
25984
27319
27254
4663
22641
16996
24104
13448
1364
8936
2016
31301
2781
24400
12563
29701
17971
24374
11845
23009
21112
19270
24611
2905
22043
14680
31493
2804
31942
23828
10480
7041
25340
16757
10633
18196
25385
7371
14175
22956
26982
8647
21854
20009
12282
25536
24985
10694
19474
20082
15098
14197
29371
19171
21210
12925
28811
32281
24932
22735
28146
21020
86
26503
25497
1097
26666
12200
28305
24677
19706
22138
5170
4287
1833
8748
13581
1512
32436
17916
12961
19498
25700
22008
14057
19809
7548
22277
18521
18964
13357
27916
28276
11590
15517
7830
31536
17831
31394
14560
6845
27304
6790
10401
13394
7413
21100
23477
19712
17428
23167
16294
15986
29790
26280
10415
134
13157
23907
3693
25282
22983
13796
21382
27942
12351
11654
4740
1288
21949
14224
24282
19437
13877
10254
10559
9564
10181
736
1368
19895
4784
9251
25376
21382
840
13609
8769
32761
22612
6924
31671
6155
4207
24517
236
27790
20042
30636
11233
29689
6076
27426
26758
27695
13623
29287
7608
11615
980
13489
28035
8823
7473
22185
3692
14472
3542
17390
27135
3947
7393
14418
27323
9237
11050
8677
8558
28843
31611
10976
13683
1649
15273
6727
21274
29661
31118
1607
32202
1878
13410
3226
12086
11237
25525
1561
27385
32621
23104
805
17757
10848
32625
9940
29438
20720
14190
24072
8748
4198
31791
16054
6015
22255
23865
29665
13936
1613
22023
25808
17293
31638
17767
10622
6575
13936
10151
543
25220
6269
25318
11983
3586
22541
15928
30309
24574
2288
27790
31833
8089
2565
4442
3654
20661
13792
12200
7642
27141
14940
29733
28525
5862
4407
30551
29855
7667
31724
23574
1135
13404
7820
9785
18159
17298
16341
5511
3406
28671
29048
20616
8341
8548
12817
12943
2143
19389
9313
4220
29621
18102
13053
32561
4474
15037
6547
10395
29287
11393
6537
10659
18300
8223
21377
7234
12784
4203
22885
10147
17529
8126
20501
1896
27261
32056
25967
2198
21438
32366
13427
15492
16663
31836
2320
25281
4226
6437
12199
9581
14216
16132
18956
17278
28810
9704
20886
3693
16668
1343
8288
29160
2629
8200
20904
17176
24863
21861
30499
24594
8415
17345
16425
6674
28126
19494
8907
13239
3900
19669
6764
5444
25043
19576
2302
20232
32271
15467
16863
7033
19962
27647
12552
6243
16878
7841
14775
1101
27109
19188
12833
29431
778
22358
5833
32408
25490
4726
19855
26973
23128
15060
10308
1050
6538
15338
9315
21043
23363
16835
16582
8005
17231
7674
25959
25267
28752
15233
9610
14326
30758
26909
29894
1610
21923
2567
14378
11110
2011
30787
27945
15170
23803
2203
11406
3948
21810
23457
17239
1432
24221
7935
29605
19038
14689
6714
21439
27649
7686
22661
23827
5358
26506
11469
11194
635
21060
30871
23348
28097
2797
14537
5819
11845
1026
28274
7274
7612
467
22103
22851
25534
11985
6078
9898
20601
17151
593
27525
2615
3162
5761
4577
19399
1488
12002
31990
10017
4331
7453
32424
6187
15965
1345
23175
12096
24587
12143
12809
9010
26692
23090
3022
10704
26600
29561
13404
13210
30271
27607
9736
24413
2904
6851
22861
5549
15679
23211
17299
11728
21315
9039
9403
11384
14858
18687
21690
22310
19311
17585
21438
14020
23917
14680
15231
1051
10751
32388
7458
23694
4049
29741
12206
1705
31701
12955
20782
15108
7215
9205
21275
14642
1619
16284
25514
27291
16901
30792
27873
29601
15832
7754
20648
20690
1936
4056
12831
26594
31769
32035
605
3403
28550
26955
22179
17042
4762
10405
11692
26403
24456
22727
14558
26265
5608
17325
8101
29669
17420
26778
20876
10831
22441
16853
20883
7833
15138
3900
1747
4668
24641
29417
2804
7391
7879
9657
3791
8090
22817
21856
4323
12132
14257
6104
1116
6961
5578
18247
15795
224
20922
4875
4057
29707
12548
11581
25279
25140
16874
18442
8490
25998
19659
30216
12616
7666
18493
31603
15244
18613
11756
17856
30287
27535
8210
1525
19155
28097
13768
13809
21621
6513
25601
18966
25082
10728
23029
26927
3558
30485
31244
31908
27180
14839
8160
6646
30375
5350
30480
643
5851
9157
15814
22976
26605
19589
7611
21508
27054
19227
27651
13293
16594
18242
5385
17524
2646
13503
5443
12796
32200
17929
1570
24348
9529
12250
20742
7738
23463
23688
31509
23621
12590
27502
7383
17401
16691
30354
12305
10340
6834
23292
25052
23090
16301
20490
14756
21867
4909
28545
29452
5461
32288
3724
13946
22389
3639
6756
23226
31894
11586
7896
5082
18239
23571
19838
16125
23221
25385
14660
20824
27778
17818
24310
20552
30606
1663
31213
10382
31914
29684
4074
21780
22195
32074
22553
13156
12566
2310
6857
32238
21372
13711
10762
4181
5003
8024
17645
14368
15342
12750
16519
11500
27626
22924
24331
17121
24873
31953
19337
24082
31834
10213
6812
13116
23843
16014
5687
23458
7857
3662
8615
9371
31533
6592
15076
30702
26922
26558
27053
5977
19867
21160
15577
4962
9177
17113
13713
17704
20543
8032
13398
13881
17855
21716
32691
6634
20998
18211
5108
17340
24852
13253
20018
8839
22427
24915
2468
27975
8875
101
18516
12536
23473
13944
23385
2369
21415
2171
5488
24694
32445
22450
5721
29394
21182
18183
17067
6654
20362
23908
5358
28187
10985
300
10422
6982
8793
23046
30652
19532
8908
23142
7086
9293
11869
20378
1348
3377
32318
25818
587
28118
17378
16203
2834
23245
10920
21369
18466
20981
13402
32329
31750
5804
24733
7372
29354
6025
28395
13933
26169
4228
15568
4207
27269
15659
20000
30326
895
32233
22563
5634
1171
16756
19971
5276
7711
3268
13079
9559
19039
14834
23813
20655
30319
12177
29246
15406
23669
6173
5715
26927
15588
7566
1350
17972
15525
3286
28006
6788
28855
10065
30037
32249
10433
303
20746
6171
12140
22264
5471
25784
810
31957
8312
8159
18522
13818
7936
7838
23087
7639
29865
6777
28745
23384
9140
8250
9646
10009
26025
30418
29573
27755
5438
19323
16933
18719
31936
25334
20343
30721
30053
17870
31775
16665
5025
26246
1081
8784
2575
6040
7220
6676
9518
18114
1942
29045
3697
11714
11215
25579
31689
12295
2667
28489
24672
27032
19141
21295
14357
16086
11097
10458
12634
19528
23488
11239
18393
30833
10126
157
14559
27645
21358
1918
32316
19634
13185
3419
9086
31931
4231
19759
20885
15434
6864
13349
17456
9675
427
22991
25428
30540
22049
9439
3581
12092
66
22210
30418
12100
21290
11840
136
16466
28471
26575
10051
5634
8240
10345
12477
8815
32399
28466
15317
11318
3027
24179
26692
31475
6550
10222
14954
25220
2742
26833
20701
20006
29243
7850
26793
24920
17174
20784
9772
11608
22087
5334
13798
20676
3980
28906
23710
27264
4039
1350
28953
2448
1387
21446
6163
30762
6297
2221
158
12259
25369
24973
14370
6949
29417
25312
31495
11322
25383
23508
14729
25731
26344
19787
9389
9047
25436
22233
17312
14838
31680
1459
23590
37
2592
20056
13900
12081
18146
28127
25682
12458
8791
27714
23609
27161
5767
7488
4997
23955
27357
157
26035
29842
18978
23966
21965
17751
11289
23956
30480
23387
19440
16094
8324
25234
12561
21427
22600
15851
21231
20494
5774
11043
25047
16058
26010
16589
19431
3464
26449
1217
26253
12913
2014
25763
28560
6682
18974
6209
13708
27420
5645
32115
4094
17467
31838
31270
9488
4670
6733
9453
9922
30760
19166
32333
920
22451
8644
12095
26288
12698
6693
28420
10839
2537
15368
4782
29334
28540
4385
7865
13285
14401
25436
6034
11692
26306
18929
16102
3049
971
21639
31276
22086
13019
17713
30623
11561
21447
21963
27575
10482
23541
7439
5126
6966
3502
19745
10690
6953
9685
1537
19743
30033
11930
31745
6195
21146
2333
20610
3481
23373
28458
23642
27863
15040
11380
30898
6702
6112
29044
14393
18250
3602
10438
14227
18084
9741
43
2402
4990
8590
1640
4800
10253
31154
14228
26129
9589
7336
28635
9132
12070
8987
32718
6933
29986
22028
28803
17535
16724
1590
31650
1058
18502
27010
16099
142
3061
8124
890
1948
30953
15382
24568
4274
26446
9481
21315
25982
10440
28655
24910
24279
30651
13550
6843
31765
4704
14745
27031
3738
14519
7604
27719
6555
9720
12061
21142
28248
871
955
30878
28224
16542
19813
28325
29403
7413
2747
22797
146
18998
30551
4864
10783
24023
32124
30973
5658
27239
1471
21411
13210
13931
28335
14984
5812
1091
25415
27618
461
18546
17202
32399
15782
24344
14638
19034
18475
32428
15411
23290
18687
6408
3865
1693
1854
22296
25422
13709
23264
21207
24415
32587
32505
12345
20456
17671
7084
29966
4103
6188
2720
30395
654
9366
26126
272
11225
13381
8288
475
25523
29696
6060
30687
11718
1601
66
663
15411
26111
18154
30777
26473
30823
26345
22787
10101
17793
23983
6461
29830
26817
7873
8521
6459
11560
7184
21842
5542
22079
8418
31733
3919
19745
17391
23152
11594
23107
21708
13420
15304
5911
13618
15609
32450
25781
14381
10757
18692
4868
21961
20830
10166
2192
11658
25345
7355
23905
12409
2064
28432
31566
22994
17659
10480
19166
31792
30840
5985
20795
6973
7820
92
29378
31981
18616
11177
29289
24720
17119
24536
32109
18006
6515
1545
12334
18544
7810
21059
21634
29088
4624
17513
5145
15958
23823
12386
10207
26762
28512
32198
21240
18617
341
7591
26329
14817
21421
7830
14262
14019
6318
29185
30975
32583
3857
28326
20036
21178
28512
28393
25100
17464
13736
13797
23249
16316
27961
3888
31829
14283
19417
10306
31600
22643
337
24017
21543
5493
12237
2609
4352
12444
16129
7535
20373
8144
5740
23140
5496
14916
20093
27091
19362
2826
1987
12764
11312
2051
8163
20911
15180
28645
4531
26650
32619
3657
6082
12419
11002
23048
3407
18509
29019
13545
18435
29878
1732
19500
10014
25145
9775
8348
12085
28754
21970
18870
10957
2084
2183
24655
17792
20519
7812
27780
10331
11231
16381
5445
6806
17092
8621
9169
5377
5968
3486
12049
29446
11591
11240
712
9276
25381
6701
1407
14938
18533
2742
19411
495
9964
5279
10909
21021
2791
31632
639
32014
8914
23958
19105
26146
1153
8701
14079
29596
10873
12379
27516
23564
4027
10436
23802
29361
31576
9464
5170
12777
643
8954
18985
21820
6990
9254
3621
29171
13098
22701
5700
15886
22499
3516
3091
31592
1536
31431
11385
2062
20920
26783
4968
28746
218
8828
7797
14012
7116
7869
27761
30903
18283
2951
25561
10285
20452
8933
5483
24794
1435
28619
20672
21799
24692
20503
20000
26928
812
7401
6888
31788
12686
9128
11580
7879
25986
20841
26720
11114
26688
10758
16888
22248
28862
14781
16448
12616
27207
29714
28382
17829
4981
26839
13114
30285
24153
12869
30907
21361
20741
6215
14301
30881
6733
3055
3332
22878
21302
3314
31651
32369
25027
25675
20595
16424
4466
21456
24300
8159
18028
2842
27064
2876
30783
12696
17054
20981
18913
9311
13543
625
21859
546
3096
24528
18831
9349
20229
8932
492
3779
18646
26157
20797
17101
344
31537
14147
1023
2294
11448
8819
32029
8474
4157
9020
17833
15810
9584
26739
12658
30961
24020
14969
15519
24330
15806
12434
29259
1474
29057
19344
16565
19608
16660
1336
16700
9378
10881
842
5416
22129
27218
23339
5662
1067
6341
13864
32246
6019
1155
12905
9412
29204
7929
12537
4480
9677
13342
421
11201
24358
7726
1445
8731
26795
11136
15713
4688
11639
3409
10840
16302
18735
21510
30511
20725
7485
12522
21137
9425
1039
9091
6303
25165
31827
2944
3518
12347
14806
9299
11547
20155
14302
19373
13874
219
11359
2074
22012
6268
28807
30519
19769
3632
22657
5377
31286
4771
16670
5949
25884
31781
29740
27206
12003
3794
237
8799
11780
14797
19949
31353
31252
8765
10033
29502
21029
23136
12699
11320
1249
8394
32202
17546
31136
26046
17600
21662
26005
3582
267
31822
32434
27797
14402
9495
18963
2794
10092
31276
15272
8818
10979
27532
27719
2958
1738
13410
2251
28939
20104
11336
22020
12194
17930
8634
15998
27718
14431
5260
27338
21937
26576
25138
29703
20627
31133
8985
11762
16138
11265
29090
3708
9255
29847
14513
19370
31474
24667
3768
28719
13482
17430
8257
17693
10166
7356
12464
14927
3332
3226
2130
30590
1014
12966
11949
23828
25028
30442
18667
30119
22793
6501
31125
13557
12850
2360
17794
32627
8583
26909
32420
8200
21961
20614
29984
6599
22318
32666
29821
18173
14009
20833
11198
21677
19678
4192
31174
27645
14318
17484
19941
4668
12312
6448
13730
22673
2478
24069
7238
26642
610
16445
18166
17912
4755
24709
22214
15977
9758
5799
3565
29466
6256
16556
26386
4961
8287
9965
16475
31331
18578
2452
23920
792
10333
30860
19768
24496
5574
5365
30603
9029
8439
10717
390
23584
8931
11757
9442
3340
31569
8708
28014
18423
18545
11024
15840
8169
22063
19068
19797
26937
26551
14058
17393
24205
14098
20607
22855
878
26920
3109
8675
21248
1851
3121
1509
8580
12306
2964
18809
19661
31850
1008
32678
12386
10623
23020
8643
5550
8053
16115
12263
10150
19732
25356
17153
13825
1297
86
12227
24255
16399
22105
29077
19452
22783
11897
4990
25194
5361
21837
4517
15093
10691
15278
19084
11681
4559
30100
13024
24890
12970
6515
24096
24778
26615
21845
6352
32631
14042
28674
1506
24229
3963
14126
24615
25865
9521
30449
31151
12140
24402
15510
17238
5676
27998
22921
29417
32049
30180
240
28896
25088
1764
7020
25197
23315
6617
25987
15037
14173
8156
25886
17117
29986
24705
24316
309
18878
5045
9753
22086
20740
24356
19199
12417
13647
22803
9187
28926
13054
17511
30158
32048
15142
4276
26984
16002
1059
12923
15596
20633
31704
27227
26062
2501
20423
12415
28462
29531
8420
22719
8651
18983
6926
23989
20224
3930
7170
18362
3706
169
20355
16754
16931
12923
15458
28029
24597
3860
3918
11911
32245
8774
3376
4326
28762
29359
22940
25363
18135
6066
6529
18680
27508
32245
22204
28160
4164
950
17060
24753
27691
16
24987
27759
24304
8114
7388
24740
26351
24597
1746
21648
3255
884
445
2775
31577
8199
22777
4982
14215
9226
19084
12992
16239
562
8519
31699
27101
15403
4344
18554
4920
21533
3699
18499
2503
32496
4981
19665
16845
27319
16179
19103
21083
5999
1362
14596
16480
8247
19737
11691
8931
22464
31163
6276
26449
23448
19183
25028
32394
14104
6871
5011
4651
26546
17338
29140
3622
3862
6439
5946
6943
2546
27648
18869
17628
3646
13777
5417
32438
5620
8222
22754
7763
17311
19965
28852
24372
15883
22889
5317
1872
26354
2516
8569
1810
31108
23866
20122
26046
4773
9772
11977
14621
1796
14824
4437
18161
24171
23822
23707
15263
25260
11808
32010
2427
22453
22091
20390
8284
22848
23796
12894
9311
25702
10733
28860
27590
25658
8586
16338
11328
19460
13973
29371
8838
21593
23563
16970
4822
9074
25131
16799
24894
25736
19417
14561
29096
10190
30435
18378
78
173
29769
29573
7319
7515
2475
11034
23047
7231
9329
25596
3260
3094
6960
5493
18607
12999
15606
20317
17556
11174
24221
151
30665
6894
29159
10518
6578
30499
13937
7633
30032
18416
22111
17758
5178
5271
11070
29797
25396
24703
23349
829
19527
14798
22761
10930
17380
7278
8549
3391
30394
28798
28675
32175
10764
17494
2087
16875
28413
8313
23268
32496
31690
19740
9231
12625
24363
27499
17806
4837
15563
926
21353
20135
2684
4912
29424
19960
1214
15449
15341
28077
24356
16199
21130
24559
23221
20267
17695
27920
25198
8201
27998
26826
16337
5746
16841
16154
16632
2543
1611
2245
11857
10960
24995
13502
16043
3707
30147
16905
5610
11644
1370
30131
27197
12989
22124
20614
3997
27086
30494
29549
32199
26137
18250
10591
11823
29376
30857
16740
24667
22066
10947
22711
4991
25592
19483
15810
1457
2223
7
14503
13837
13812
30144
20714
19239
12797
7778
2337
1538
20430
28308
18839
22774
12081
27051
9930
11943
9629
18917
31208
10750
20501
1767
12053
9703
32621
2955
16515
21998
24467
14516
8006
28307
24765
20342
24755
12994
286
19593
4658
6069
24795
30536
26094
23195
3477
2852
12798
6243
26317
19325
25010
394
27477
25287
19815
2802
23117
26744
19538
18907
22433
24845
25544
10963
26913
6547
14959
31126
18122
31584
18566
15505
318
14694
22727
22257
19826
25076
23203
25721
31467
32047
25298
18561
12349
10324
32406
26037
27347
10021
3289
17627
5717
12719
18256
28750
10138
21153
29217
23775
14334
9159
20352
3249
24121
255
15753
27896
4387
16196
29754
10475
10050
32474
27805
23895
12619
29152
23838
5882
2748
7629
20290
12677
25420
6653
13837
27302
14802
8409
19443
23493
194
31652
15172
1841
22816
20494
16621
2244
11134
15973
26151
21468
9757
19491
23359
25159
17318
3265
9617
26409
23266
5067
12098
5331
31414
16240
5083
6960
22316
4206
30252
11854
4184
27572
26130
27391
30840
10233
29200
2945
10760
30148
27016
30717
24102
932
29670
24549
13784
821
4480
5440
4897
32257
26950
30910
29961
30763
12646
1151
17168
2897
5681
32636
1683
32626
21319
15575
21178
3817
21856
27000
17396
23538
32109
24242
11665
14856
29344
4342
16329
13218
10053
23643
5834
2331
10276
31606
28568
28036
15219
14818
9964
27963
10793
29235
8388
11458
19879
8252
4299
400
27611
6361
18866
21802
21369
295
28133
26079
11612
1994
27710
23750
21148
16670
5335
20230
11731
20837
24472
4875
9840
9983
12852
11839
9070
29519
10834
1260
25390
11274
31834
31548
16431
12919
32412
16030
21450
12008
10265
17385
4127
11575
5531
2694
8776
28879
20102
7060
26494
20568
13496
27794
21122
1003
17572
25826
30316
32503
17517
25274
6001
16063
10796
24604
32541
13874
29460
19539
14526
30035
2131
4046
27370
331
6061
29222
21248
4168
852
25777
7032
3295
20991
17921
24670
30031
14460
6936
13368
1434
25560
12473
24934
21215
1912
30098
21530
5847
18435
15749
19966
25340
9455
27986
15541
27877
27186
32207
20427
27568
11396
30494
20533
26149
28743
14796
8008
8825
19744
4190
31920
3610
24911
32044
19926
27594
28028
11960
6991
1170
11824
12846
3285
23433
24788
26941
5755
19205
164
31986
14632
10298
6093
10876
32723
7422
18468
22103
17883
9823
4274
30196
23810
395
18242
28247
16475
24067
28232
18625
4650
23796
24110
8394
13645
4640
6362
21818
27155
27417
6648
30338
1925
3005
9429
28986
17564
12116
32764
16979
22479
8265
20263
20628
7424
5700
4766
14932
7103
28435
6194
16001
26298
11996
4904
8816
25416
26155
10023
18743
1648
19018
25355
19867
23041
5006
26633
1070
25228
3180
8723
9854
20634
29870
6088
10799
26491
26709
31459
18908
23208
9587
30762
25026
3188
23766
8121
19200
32171
7558
3390
16831
21196
11553
1289
2782
4805
29067
32043
9608
25400
21851
22963
6652
8341
14019
12659
22008
14661
30572
14250
14993
29872
20274
19950
31316
11474
7403
26370
29920
26112
7917
2245
24427
22069
19768
30898
14115
22297
5417
8984
23443
4804
28077
16737
32625
17465
1587
29911
1553
27841
4717
28269
22451
7381
27390
13055
11192
23671
19516
6962
7355
3753
18150
22655
7129
11524
30849
28640
12661
32499
17008
20846
4064
30658
8568
27665
12158
14375
21951
11581
3256
11308
8275
21349
26819
19130
22142
32630
362
10622
31501
523
18958
30255
14770
26492
20835
29380
3899
28214
3704
9360
18088
28653
21012
22157
3205
12265
6412
28568
20179
22294
21490
14929
13451
10211
20892
21370
19983
792
7714
32123
27689
30245
3808
23854
4110
28266
6750
6536
26587
23048
3110
5616
30568
18947
4911
11268
28904
10516
17970
14783
30236
28395
6756
21518
6098
25182
332
32154
7726
699
32616
15258
18003
28348
1228
11756
5307
415
24578
4668
26509
26244
30772
1525
14420
12624
21458
23259
12283
23450
29753
141
29125
17880
9223
2518
7750
12924
14129
6487
2257
32351
18618
3364
17518
29028
14790
26053
16983
30480
21739
2864
11827
8437
22451
11850
14616
16450
868
11494
23245
7397
17935
12669
27752
27113
19224
32271
24222
17113
31407
19658
32723
15365
19438
19206
3304
4497
5933
3557
17529
31302
19139
28398
27434
6807
18598
9995
21138
8538
15498
20275
23791
4761
20918
27595
29140
3708
29829
12882
12447
21034
8647
4265
2439
30993
17616
21252
1168
20006
18135
8203
27005
30021
24145
21867
9637
21117
9905
16057
3785
29251
26057
11339
15844
22641
29658
9066
20098
8759
15024
8690
7740
8515
10341
28124
11761
26833
8136
28882
1327
695
23596
14781
19296
7192
25422
828
4797
19711
2367
3875
6718
25331
13358
8144
2125
20124
18901
13402
23155
28404
22554
31054
4760
16721
15854
7526
22004
11716
15845
22071
23131
10337
17295
7635
20291
12489
11000
18430
22629
4202
17809
27680
7743
14587
2982
24219
19147
6181
8998
9671
25887
6798
8357
23712
23025
10175
17923
11268
28931
6992
24576
11926
20591
30289
10165
17599
18723
354
10967
12185
9351
26202
17348
28247
23208
7040
3188
16250
23382
25046
4076
16214
6074
3064
32365
28448
25209
30147
27260
13782
4883
28197
8639
25074
18466
29699
25281
6326
13516
18382
19110
18701
25174
30775
742
17115
5281
29693
7171
15386
22650
19325
2310
28113
10526
32042
21273
3630
11303
30867
20379
12065
13395
20123
2662
25038
28389
28579
14364
2124
21818
22278
29766
29788
26599
6053
30711
5082
16629
29927
20843
15540
24793
4653
28944
12207
2394
9174
21356
17267
17612
14442
8161
16367
27274
16704
31640
8241
4352
16339
17111
22358
31199
18547
12188
620
29750
3114
24557
24177
6005
3733
8930
28405
20844
10325
8611
7503
18370
14221
8367
3516
8146
8570
18924
26055
16700
27794
19059
25704
6098
14428
3418
24376
9832
21010
5620
31704
2417
1572
25836
18691
25358
23373
9934
3834
32227
20540
1339
26449
16238
26449
1977
25354
7615
7177
6224
28150
18631
15293
29147
23918
5412
15760
7324
23907
22952
15086
32686
21563
30067
20971
16034
18625
26870
11168
27181
2144
8071
380
24222
2968
22341
26794
21841
6687
3705
17310
27756
29138
6041
5462
7758
7700
28907
10092
8721
22502
23271
30231
2281
9040
22045
8732
20578
16804
14551
12450
17558
28145
117
11453
21377
3125
2298
24395
22135
1395
23247
16705
6282
29921
832
14436
16542
21136
29958
20462
319
16148
29458
26850
8279
24899
17821
12870
8183
10529
29085
3595
1342
29644
18090
6681
29902
11581
23175
19920
1917
18055
8552
10607
28098
23682
6458
21324
9206
32023
31576
20724
22565
17340
22661
27499
23518
15544
29069
12015
6360
19790
26609
19631
25514
19304
7216
26043
31678
15730
27095
20538
10197
4123
11875
29006
7819
21145
27803
2540
1498
19874
6219
22208
25115
6347
20026
9244
10442
14956
5272
5157
7746
21080
26648
30982
30101
23366
13103
15602
19409
19780
28367
3863
30641
2845
18098
9475
5928
16676
32537
6906
16783
11049
9710
6905
25637
8828
20858
2032
18416
31586
9313
11850
11930
4205
23209
32092
30516
11573
13808
9461
26463
21339
18568
7940
20676
17657
3750
23211
13904
31338
12895
6355
3073
11742
24745
3535
5443
25693
22918
28866
32713
5288
17528
17860
10661
17608
12949
26257
20300
21569
31190
21445
30078
6464
422
24184
5343
11180
13935
23433
31457
29443
17028
17348
8737
23696
30924
1157
8660
32506
24177
31849
13216
28484
11589
21143
25458
28699
3559
31822
14822
23773
19820
12391
14741
10911
191
18970
12541
8964
10618
16525
2946
18979
2289
4917
23707
2593
13663
1382
29856
13908
28324
12943
10450
12715
4791
2967
30587
23626
12868
27631
29583
16231
2649
8437
4841
24235
22616
22420
14706
21652
10329
6608
30950
19298
7297
27850
30129
23049
32059
7304
7562
20252
21346
30831
25138
1042
32493
21300
6789
30136
6226
30802
21543
8070
27172
3932
27868
15941
24114
32631
22152
981
12747
26680
1157
4953
2115
15044
18935
21923
11385
16832
3036
31492
19206
9423
27035
25124
28331
27479
20843
4381
11515
32560
32281
7662
30742
1595
19472
6825
17416
30963
4140
27680
4319
13480
15662
10541
16460
18253
4290
11944
28408
3967
2150
21273
12336
31669
15040
9852
17659
26331
17701
13089
17356
19013
17810
32653
16791
12976
4171
24091
15753
28810
20195
43
564
2267
5806
32610
26488
32196
11970
26813
11035
14478
17418
29726
13248
2773
20280
20313
7771
32368
30959
1170
31994
22528
26457
5278
15360
5785
6108
11118
31605
15838
1609
5739
10287
31716
28645
25206
32426
338
20356
22270
22683
2845
32009
15512
10530
27736
1845
11006
23532
18033
32573
10264
31391
27492
20991
28317
6098
995
6624
10216
19703
3179
10596
26974
24147
15746
25270
32148
19910
6931
15085
20996
18038
298
27215
27766
22019
24707
3618
18147
22356
31893
24070
27099
32435
8087
6582
2018
13197
18649
22986
3088
14104
11851
3593
16804
10263
20790
32043
17829
18127
17356
23318
15851
16710
18478
2376
32514
14949
8602
9857
1582
20065
13396
12831
19881
18242
9985
2566
21170
15274
14621
198
3912
30961
32275
5194
29590
12860
20280
9127
7166
17222
24343
12578
10629
1045
811
3808
7878
2703
29135
29117
29502
9355
26451
12828
18691
27428
3964
2054
28327
8264
28634
30858
10558
7021
14490
30653
9256
6823
11088
31966
19768
5465
13677
28901
3109
21714
18823
9488
20305
18188
5352
25537
26572
26863
28897
16999
4529
15015
12387
20621
22146
21376
1116
30625
15760
6640
29944
16072
5203
24386
23796
12586
5487
23529
21997
7283
12946
28177
2930
4939
31583
11205
13655
7642
30682
11427
21736
12262
2176
17983
6000
25454
10321
20764
28272
22488
21462
16557
11997
15246
8035
13598
8768
10271
27715
7723
22384
4612
11562
10237
31230
21469
5662
15399
14267
14231
3456
8314
30492
2180
25375
29446
32618
21889
12843
24036
19541
28867
30429
15027
17050
22778
26486
7589
18065
22104
20661
12065
5908
19309
4160
17675
26104
13376
16390
17829
10377
25428
13550
1680
19038
9453
10884
23709
24602
26560
2093
30662
22688
25568
22469
21599
1825
25874
6182
24464
8227
27958
19071
6099
19861
32131
15841
9113
8276
17595
6710
2700
21313
518
9996
12724
3812
5212
11578
21559
27967
19043
18165
12178
20948
6955
16570
22161
31299
30543
7672
13596
28822
27280
22367
7211
12108
32720
25054
4698
22712
14664
21816
15984
19869
28457
31447
21186
28160
2431
18577
5243
426
2918
26632
5029
21424
30539
23679
15577
14577
17702
17263
8204
28317
7494
19188
22769
18148
25146
9892
11819
22203
9739
6798
85
10489
12574
12409
17497
29046
4446
27477
702
12449
27547
3742
32592
4822
1276
8688
22199
418
25840
3345
26827
29038
11513
3487
10869
16344
9576
21335
11021
32480
3407
26034
30729
11631
13362
8444
26649
1942
18472
22889
9317
8655
10198
32475
5952
22029
1547
26480
29075
9541
10199
2710
22086
13312
6513
13164
11380
19524
23420
2417
6632
15832
29840
16142
32609
13520
4004
5423
22702
26825
1779
27626
15760
27060
22538
15413
11875
10499
16867
12147
3999
14954
30247
19591
30925
5982
16455
23929
7912
27218
22438
24794
3450
26775
14345
29688
19400
15576
5146
32212
8721
16375
29029
5789
14502
24396
20434
17058
8222
14344
9049
12150
8593
28760
4665
3861
3460
28775
29427
4967
13238
27553
8600
16572
12973
8436
4848
22267
12678
14347
25089
27531
13300
21884
2355
21048
8605
17811
9978
4166
27475
24958
20526
17470
20869
31357
1269
25939
18955
2224
26362
11839
14059
1644
7487
491
14212
3636
27084
25934
5649
26338
3432
22699
30550
30872
9160
18739
14301
11875
28817
29732
17018
20877
2628
10447
5216
29824
26280
19958
20716
31162
22130
2887
25532
10082
4017
25127
14461
8341
18779
19602
7007
26471
23975
12065
13432
16829
13510
11376
2488
4542
32373
10527
25433
28701
9395
14055
17655
18537
29588
4324
20414
26376
197
30114
23043
15421
4551
21011
26884
4840
23012
23334
15363
247
10180
28054
4174
26099
29459
19002
4293
8932
1000
14708
16299
4950
14521
25495
25383
12880
2308
15832
16032
13741
1892
20590
23691
15099
2201
24072
16586
17453
12521
16562
9582
24967
5050
4494
13883
14189
2110
28770
7287
31845
22522
28423
27112
20275
21163
3867
32372
21407
9790
5350
3669
7967
22989
21403
3553
26405
17632
2259
10591
2420
20847
10896
10057
6819
14886
28444
11235
27609
16170
25660
24936
10909
22387
31522
8719
3407
18207
15437
29128
27008
4961
1199
24081
4242
4248
14281
7307
24945
15891
7463
27269
1741
616
15618
6188
21251
30631
24516
18695
14365
17515
4692
7975
26674
14895
6382
30585
4119
37
21151
21645
22919
15847
135
28579
8104
10181
22819
17456
29987
30041
5698
23316
9365
11175
4422
17674
4166
10009
14306
7159
5395
16658
24070
18801
1409
534
18658
6905
25131
22804
32754
12265
23109
18875
25955
28778
24401
21783
13240
20282
6975
9051
26972
20950
25193
29475
31629
23030
1658
24152
2758
18969
7368
32473
12940
7618
1499
19055
26496
32024
396
11452
20043
14273
23305
18569
8628
31976
6521
13050
21398
30911
11
5684
28763
28107
1528
6284
9811
930
2421
19838
28564
26313
19439
9246
19686
15335
9158
938
27496
2913
14430
15036
28700
18926
15380
27941
18630
3115
15937
13137
21535
2394
26677
30093
28373
32447
32108
19215
25933
13861
8838
11228
16135
7265
30712
28317
22770
2292
28743
5551
14136
10455
11475
26830
28156
18345
8406
7427
17201
24495
10959
23081
29519
15470
23200
24405
11426
1010
15862
23796
352
1960
3782
8376
20553
15885
22545
25363
6271
16170
9357
31324
27410
21151
15205
17867
10554
6387
28472
11059
6470
22283
30198
18242
23372
22844
15558
1952
23497
17326
18201
9032
25952
14424
26809
15459
31988
9463
30153
649
8599
4885
30123
14428
17167
15489
17980
27598
10189
20914
14658
19428
20296
13083
22592
3221
5148
24022
24527
2169
19087
16991
23920
18780
4122
14050
3053
23814
14545
15573
19232
11517
8168
32194
23486
19126
5566
22345
9861
21068
2807
18718
13384
26306
31431
13420
24059
2314
1423
11244
14269
5515
27745
31053
31775
5304
5159
15062
23067
2766
28764
22698
116
23704
22149
28617
16543
4467
29311
28495
6907
7634
28645
31721
16538
5145
1656
5284
25590
10176
13875
17071
23432
1876
24894
7519
29553
23806
12605
4781
4659
31199
9014
29390
27273
17005
24266
2943
1198
10391
25408
32531
8879
10717
10844
17799
3353
10174
20901
13016
15070
804
14828
32102
20213
26950
11565
14140
9254
2669
27783
10146
31821
29210
6233
22530
31838
16132
24989
9990
23236
2255
5924
21542
5399
12058
190
26528
1205
12523
5841
5308
17444
19406
21156
27938
5041
25917
7630
9606
13357
26941
26602
11455
24256
16179
1178
13002
1860
19015
24229
18351
26953
7221
31099
5883
4693
3919
30206
23878
19159
19387
30780
29198
27506
11464
3421
32603
14138
15058
32465
24841
8121
16692
25284
27266
14935
29732
14835
1811
27213
12505
11371
6143
10468
30279
13283
18860
18374
6452
19090
22155
8321
30203
2472
19565
4019
25584
189
7783
31655
17064
11862
9864
16643
31416
20418
24325
5122
28322
17148
29243
26139
4564
12406
7632
2498
31039
28941
30504
6023
29961
27255
760
7613
16537
4224
22924
15881
24750
17057
31767
28852
1769
22689
14718
12195
20759
13509
12213
4130
17243
14388
21291
26114
22381
26359
6702
31383
21066
29845
5815
26942
20794
24646
14644
25061
11059
23836
546
4647
11212
13564
21946
2573
17326
29367
2992
24599
19888
6045
10262
32664
32022
26220
29583
5848
18338
8930
4270
14992
21836
22009
15904
1969
1467
12517
1579
9511
2701
920
17552
28977
32656
5295
18250
19637
14831
8306
32470
18304
29259
13294
6969
19245
13275
7007
16001
10064
18685
6881
18227
26251
555
20992
5315
16088
26064
6545
17352
10374
29639
14621
5685
2454
10126
30346
24172
20596
17446
28907
18147
9726
21928
4923
12553
30330
30799
16950
24585
17263
20628
31424
3564
9824
765
22309
29952
5583
12132
872
13397
16836
7547
9173
15415
31885
5201
16890
8495
44
17409
10756
13775
32635
12830
17894
2911
6037
5456
10898
8860
17099
16470
5602
1553
17533
20374
10670
2691
14813
23705
12188
12796
19693
1581
12610
18465
5862
25805
7025
3460
24079
28653
2686
30100
2708
14488
22941
13437
20341
7035
25037
31667
22657
27377
28921
21660
1112
3107
10322
3055
9568
17024
20456
3775
8260
7034
29567
18266
26328
13238
5391
11681
15485
11577
30776
23313
11435
25217
26910
28591
23130
30026
8910
12937
23270
521
30174
24650
2852
22161
20490
31066
11780
17046
28233
18750
14687
31344
5619
17475
12486
5874
17377
20737
17442
18475
7857
32576
24867
4814
9143
23473
29620
31612
1040
22195
496
11773
18514
11328
10169
27033
11113
12352
2471
16914
24527
18295
11287
11086
1465
16694
2646
9344
10270
23636
5082
14980
4137
28
20652
16456
3017
23241
1601
19819
10608
32734
2376
19139
5351
28045
18341
9331
27412
2014
15842
6492
28370
311
24569
22973
9778
15806
29972
28409
25781
16719
13678
28313
13447
29360
23171
6998
32588
19271
21192
31124
24118
27251
26985
12361
28162
3223
21801
9980
17412
23367
9782
5884
20482
24714
29410
24129
14498
7709
18381
3867
21968
23990
11441
6114
22698
20876
14173
30598
13667
3296
25585
16748
4626
21054
11837
10847
20784
31581
24887
17314
31533
20206
25953
4540
20813
12230
14746
16142
15223
16989
29421
18980
3680
30113
9713
19480
21280
7529
22341
20748
17263
16693
22659
5971
17651
6429
5501
320
15716
12499
3118
4848
25196
15078
15453
19272
15513
2998
25773
5471
23033
8103
15829
26281
17900
3643
15288
5238
12549
23509
17086
29596
25546
26381
26441
4081
23504
1304
13027
6717
25832
4677
27972
1108
18913
32197
17188
29096
30883
15411
20875
8452
12495
6975
32117
21484
834
6922
24075
19168
24299
26199
7648
7
24859
31013
20178
9761
13182
10699
22556
10362
20370
13293
16706
8750
16434
30014
32736
15169
32382
10866
2496
20785
31134
16035
20512
430
18420
13645
11554
26066
25082
279
3844
1719
28378
10086
5174
19210
16359
6853
24834
4550
30620
1310
29656
29921
30440
5297
26511
481
862
32028
23924
20868
30336
3840
19454
7241
17235
22489
32692
28695
23926
10103
30361
13394
19323
6431
26947
10832
1577
18520
5921
1628
2788
11974
2826
22416
12373
1597
14229
22363
31439
32122
12175
25951
26913
24
12282
22425
3561
31046
3126
20611
18502
13133
22307
26187
12507
26261
5815
28033
4025
27109
27941
16034
22400
11092
13023
11311
20048
29741
799
18723
5808
14398
19584
21020
761
18843
22999
21795
531
30481
32108
8560
21537
28491
26346
29985
29831
3652
31722
19552
8822
32249
12233
8114
8055
31752
32681
24718
12451
1646
17054
2366
2631
14727
30879
12102
2291
1434
4794
6162
12651
2920
14825
32401
28356
28624
25407
4095
11338
23262
3791
23727
27278
9301
20997
23427
25395
27790
19780
23114
15119
21020
19905
24671
660
26501
27286
6235
14865
12321
27369
3600
6854
28980
29332
5154
24831
28884
12904
2265
16880
8306
16740
4444
30869
21595
602
16481
3890
31043
25583
27243
2082
7159
4626
30605
19783
620
5987
2375
17692
26561
6706
3730
4874
13682
31985
13307
23698
28364
9969
11660
6067
1106
3078
2602
24778
31494
10190
4948
19102
3895
339
8224
1944
11290
23176
2223
28621
24820
16937
1567
16398
22059
13945
2262
27843
17060
21355
15968
5762
6103
14751
27064
12457
26054
14484
1449
2780
27271
15959
15274
17726
1725
25678
23141
4096
3584
21273
6428
2238
26259
15966
17882
3185
29659
2724
20137
23795
21541
20261
16697
16883
8898
28387
25653
29593
26263
5636
13161
29873
23393
17313
23628
12116
21079
13068
1417
2108
14397
11128
31541
8547
32258
18742
9112
9145
9575
9140
19868
8971
22846
7860
28671
28364
31805
15444
545
18139
23246
28610
9490
9537
21045
21038
17920
9200
29202
1376
4279
24007
18775
1702
17533
32652
30699
25995
22767
6243
20651
13639
23973
18464
10241
31225
28906
22104
9087
24983
12414
4140
20131
23382
6743
7337
30275
29809
14789
26341
21175
30782
4511
18265
28847
24530
16671
26504
16947
24085
9838
21876
20673
23366
11380
18925
8595
22267
19901
15970
16570
2997
25705
13874
32692
3792
27552
8928
3352
3156
6092
14749
1347
6493
23986
3145
10119
3122
18794
9475
6597
20226
14732
30681
11073
8093
32556
24005
16335
30120
20325
22626
10276
10425
1670
23637
20544
28388
28988
27043
32372
17184
22812
444
2909
22311
19435
11821
983
14711
21691
12031
27149
8197
16047
24193
387
2718
12391
32314
16042
8173
13244
19543
25360
3637
19823
21261
26286
15992
5387
21039
23332
8385
12884
3587
19290
28713
3048
9849
18963
5904
5889
26843
26450
3356
31004
8226
5165
23175
15862
18794
4946
3740
17532
29962
4292
25798
26644
17211
9426
18653
27422
19338
27319
3642
10076
2292
25444
8801
28958
15592
3011
2905
29953
13423
23486
22887
14682
13288
16528
25549
1493
7304
2865
13928
19761
22802
12636
5153
26845
23519
18292
9119
32251
4697
23683
31419
27052
3169
26554
9352
5642
29538
31646
14811
2116
11103
20632
11799
18106
9975
30759
9269
15957
7186
1754
975
16029
22604
8309
26533
15678
2735
11807
20838
10531
5402
25630
29438
1981
19474
30811
21977
15673
8758
19331
23027
16860
18481
30083
29928
18970
24465
3418
16714
13569
271
23483
18469
14031
3743
10238
11399
25877
19833
25355
24337
22346
24132
24199
25663
12423
12749
26222
23987
15795
20159
8136
962
10107
13068
28146
27898
25048
21882
11722
21652
7697
16048
3118
383
18136
432
5216
26251
18580
1221
9925
25011
22951
21076
6926
16185
27083
22527
25846
24604
24126
10059
27951
29185
9157
1283
21826
634
23510
11218
2952
10705
24390
5419
26140
16211
10835
27536
16435
19940
6499
30915
21521
8317
28363
32670
11523
31272
21961
24845
23079
18945
24340
11970
125
30621
21536
27802
23041
25509
3942
10349
19789
28703
9548
23169
25214
15496
23128
2865
11913
15610
17149
27984
30321
6515
20868
25089
21180
3305
28928
2630
3509
25573
21792
31914
3897
19597
26607
20009
27611
4098
13964
11710
25013
29181
7091
26641
12752
20754
26091
13555
5459
27631
9109
21872
23826
29685
10299
7991
19818
13778
24655
1716
27689
7126
8742
23490
13739
24214
15141
14244
14699
26288
10085
10979
27194
17229
16616
30671
14046
29933
28879
11430
19144
23501
16870
4294
13401
25784
25580
15721
32096
17299
17293
9618
30471
22025
16748
3284
10117
30429
9262
15137
8370
29221
2411
18883
25053
1208
10361
4985
2257
4571
31466
29054
9901
9725
10653
4024
23963
15393
6
8555
6888
28269
18835
24929
10098
18923
12682
9374
5570
4001
18335
11414
4120
4232
32501
8547
24715
29778
15933
30378
27023
21995
28613
9554
2693
32215
18129
17951
20178
7278
3071
2052
22977
6997
7839
31662
21820
1458
977
11822
2577
23139
29850
18023
27061
20187
30895
24251
15147
4964
24568
19724
32152
11082
26534
6219
20850
5053
2353
20332
26251
10046
2167
29827
12181
24185
26776
7714
28599
25421
30728
4927
29910
1414
15779
12370
19031
30213
3301
12136
22683
28069
14711
13525
6088
14705
28017
13160
5296
16191
4021
517
12593
10092
30123
23745
24125
8949
7322
7725
11756
10793
12805
21114
21941
6528
1424
331
17363
17066
6716
11651
9325
16329
20722
19435
31725
5013
5424
22950
24027
13338
19132
7824
21419
25725
22790
23534
31081
3506
26189
6285
13257
32596
27865
25444
26710
23174
8081
16392
16685
11092
25336
3737
22623
30704
28966
18741
3407
13669
1164
8527
6705
29314
2320
7758
28038
19374
7879
22812
28755
29093
22684
3430
17701
22878
14068
18849
878
8938
9269
29659
6672
19697
12898
4366
17507
5560
28096
19383
8843
15366
14452
18298
31300
7638
1872
25506
8046
8036
29717
6058
18437
19602
24356
29951
29523
30148
10273
6189
21734
21563
27953
30066
26061
15427
25460
3486
9747
11526
29575
15962
13519
16718
4343
25830
14189
5220
22597
22328
795
15717
24123
7251
23875
144
14314
11915
19936
21000
2461
3148
11312
29786
825
14606
14117
11817
7738
18779
14160
9977
16526
7117
5144
29088
30403
32625
18421
12237
26722
5197
100
30340
5689
28700
17047
28440
12870
17203
29258
12336
24923
3894
13729
4855
25413
5966
14743
32517
6712
21374
4050
7064
4544
8224
10585
13673
14813
19274
17233
23240
8570
6376
29766
17983
15166
12498
10569
22394
746
24942
4468
32564
18895
28852
13043
22076
13622
20609
11560
29738
17691
29941
6366
12006
6975
3316
9899
2489
23894
25741
29789
24940
3535
4946
31476
9376
12378
32425
15491
9217
25840
11242
6567
31537
17599
11432
30599
19694
2428
4767
32654
28415
9713
21112
15085
17414
6914
19848
19843
15692
6998
2381
25637
29860
26830
13651
3620
29054
10414
27254
2644
6280
18860
29467
31209
17751
4509
10007
1782
4824
17687
23142
30810
19360
976
2291
9560
7781
29402
14463
31384
4333
22216
2357
6058
6437
30790
11090
25995
21694
6391
19965
21133
28634
1983
20401
11585
31850
17695
11529
25695
4594
15228
4878
30938
17860
26558
29982
13822
11466
21007
11162
29917
16038
21569
30191
296
29820
10385
1625
4975
17791
20522
16294
6471
8251
22669
27699
6832
2181
22142
30700
29872
21432
16719
23477
1532
11244
3772
16935
29710
24866
9816
10662
13294
27838
11445
13156
17939
31070
12854
19547
11086
21878
25228
23407
21363
12043
24347
22204
3334
23577
7921
19519
2090
25028
12918
10405
1132
19124
30032
13647
7070
11444
20314
12385
17990
13216
17082
2455
7042
12789
28307
26525
15676
25898
13770
7619
17122
26940
23207
28510
25467
15718
29006
9843
26586
15503
2754
2372
29839
32714
5882
3337
27467
5172
15631
9093
5598
16845
21007
15654
14455
29693
21057
16149
28664
15253
8855
21294
22540
15785
7612
4930
26826
19467
429
25590
159
209
11185
2320
3372
2588
23720
22278
10978
5569
14399
19354
15823
30604
27772
21740
30130
3472
10339
9438
9534
10981
16839
16406
26518
15218
11225
2136
5647
13873
2171
6512
16595
24220
11358
12190
20198
9779
29067
25602
13962
21158
4623
306
14924
5401
22111
1272
31698
19304
7351
24045
27243
2294
17572
8285
3396
24631
12193
26806
23192
7649
11739
20786
2334
8250
20648
31697
22750
29779
30277
23581
19643
12563
20922
28395
23194
18721
3595
18708
15190
7534
19284
24652
23125
9907
1669
1700
32339
15671
387
17950
12572
20192
27770
26174
26749
27196
10280
12315
25347
16193
1744
31594
12583
10773
24475
18549
5550
2208
31839
32079
31662
6155
27455
10292
21164
11895
24501
21177
15718
27583
2557
5536
27978
19831
4619
1216
15229
18257
13809
7427
31258
11152
23286
4556
15128
10509
12002
32462
7078
7772
25155
16892
28834
23054
18609
1350
17857
18338
26023
25941
14405
22803
15708
5265
21541
24414
6182
2496
22233
14638
9423
28766
26242
16408
32195
3547
23137
26652
30367
531
17018
7458
16257
2487
3299
16381
19921
10750
10729
14335
17578
19455
22522
2188
23104
22815
17350
23504
27824
26144
27791
3898
26765
864
28031
29055
29494
22522
30088
32529
15607
23529
25672
581
6975
8817
465
20437
7596
7110
26297
25159
13373
10945
18861
4734
22764
5774
30374
11482
12640
19493
21086
1222
23053
21616
6403
13042
20254
22800
32466
14810
30880
16078
67
19987
17976
18998
21942
3272
14578
21905
24374
10667
10708
15150
9742
28879
17557
24376
7734
12969
29969
19866
12919
9841
14139
12166
22139
18062
6607
25207
8401
28960
13799
25253
28420
11703
16823
11770
12427
1163
4184
8947
9084
7405
27040
1057
15134
28995
22916
28159
23725
27394
16440
6150
23480
24770
20639
26939
2888
9968
22608
8084
31380
27770
5582
3237
21314
31181
7424
16453
4858
21999
14929
31626
9762
3659
19558
21875
29537
12567
17309
23447
9055
14819
26018
21314
5355
634
8778
2336
16877
31217
10628
10534
18165
9116
2900
16210
21068
16353
6414
3060
28360
10952
12840
19079
17548
23914
25044
20858
29154
18446
11223
25495
12500
12998
2908
15308
25122
9249
19796
20771
10500
19476
5121
8069
15824
14173
30273
25559
12453
26628
8482
12676
32745
4665
12473
16920
18249
28194
13473
5236
32414
21676
24461
29892
22665
7075
3498
30304
19645
29044
26235
25094
12225
21012
29147
26746
29840
4093
20021
21129
21942
27106
14473
21901
1905
25078
28686
24261
6374
22962
17729
24715
32280
10046
26759
1734
7987
19667
29010
1950
14680
14274
32476
11321
25858
14529
11968
6390
3641
8416
19792
28779
24306
31522
30179
29522
24508
13632
6565
8975
1669
20778
25249
12550
7148
9413
5500
22150
30489
18814
9316
12582
16794
27853
3016
22145
610
5644
32609
14565
19639
20680
19322
24443
30331
10942
22354
1297
24906
18163
9152
31845
13202
27361
14248
20810
16283
3781
2810
9981
32421
31033
21526
18349
26587
29938
6929
18745
28884
32739
29243
6811
4339
4880
7164
15672
6518
11461
176
25034
5679
14991
29433
19379
15902
31139
30411
32112
21689
6084
31873
13792
30978
11249
25146
25190
21586
9444
27900
3087
43
6627
10263
16876
1084
26346
21141
17734
18014
15994
31844
7792
3706
2489
12377
18365
14988
16738
31629
7825
749
28954
3031
30050
27103
3782
17274
14887
21307
16721
22426
1465
1311
14416
4073
31871
17467
12271
26729
30662
16821
24548
23296
27268
13824
28262
6032
18364
8324
25150
987
17868
13086
15811
32647
4276
21916
3602
372
9826
10958
21557
8008
16503
32738
18178
11902
24050
13966
3071
4370
10421
28800
13181
21517
8058
21802
16851
7003
8677
25610
3024
19188
26111
12031
2898
28410
8598
31473
32532
21656
21645
6196
22308
32283
1616
8619
25607
14428
28585
21835
8278
10355
2977
28156
26276
30729
852
20632
20641
19667
3146
20289
28254
24492
28439
16501
28491
8064
15558
465
28424
7712
28000
22753
11418
10115
25116
12448
15699
23271
30416
31556
5082
3577
23761
8577
11330
31153
27392
7137
27141
780
16278
26231
12812
11138
18346
32261
11110
5983
5848
2160
1336
13916
21161
19609
1765
30443
6253
21825
31156
24565
17159
12915
1981
14024
12401
29277
25363
15835
2570
2483
29845
30757
20574
6147
3206
26816
22907
5766
21620
11214
13825
4892
7858
24677
27603
12312
4240
7513
32638
18214
7260
28672
12038
26262
13491
22859
28699
19906
3278
1320
16754
22264
21771
28611
11674
3083
22720
7423
23621
27583
25524
11064
24918
23111
31035
4116
19388
9605
26290
32313
30479
2511
10018
27705
13473
31952
19384
1807
30120
23335
23938
25527
22993
13904
7580
32634
432
1004
10160
21922
21151
13827
18878
9340
2602
15833
13729
3606
13441
12987
23122
1568
20982
19658
23584
11427
18068
2538
27885
21696
15146
25628
13890
24187
13965
14107
14147
21050
15762
16647
1313
6036
16159
1414
11363
719
24464
31999
869
7467
17447
5321
27730
29590
17342
5717
25724
25544
16972
19781
28097
993
7473
16545
11200
12670
4168
22772
25351
23654
7149
18290
28418
26606
31378
1529
31852
29535
27287
21965
28749
2306
16616
30702
21969
15634
28071
9980
32640
116
7049
23779
32308
1635
13572
18950
1580
6805
24161
9204
17836
29454
8
9035
6173
13453
12741
11065
27197
18610
24284
17332
9112
19663
1401
8099
19813
9704
20586
9751
4007
27111
26004
9747
11637
16084
10161
16717
17756
9471
24436
21519
1718
5751
32243
28272
3567
29376
508
25911
11453
23621
7894
886
10033
24520
20276
26124
11210
13004
23707
19971
17275
18824
25033
30673
22533
26758
18910
15399
1999
15892
18242
7917
13930
26390
7162
32014
27415
8430
24925
29879
19984
24843
1813
12839
6205
11381
6847
777
12094
1167
736
25127
23424
17749
18295
23263
19283
28532
30647
28749
14317
13402
28783
4380
29536
26181
25921
27531
5290
27137
23226
15548
8657
26685
22363
26871
20208
16400
28108
6150
9414
32617
4426
26453
21643
18934
7290
5190
1378
12138
13905
20724
17035
17310
9381
27919
22695
28016
16136
11323
15544
854
9797
9631
6488
21403
26683
23213
4357
30458
14542
8349
15837
28639
694
29192
3262
11414
4338
3884
15666
4816
26624
6304
15549
26964
25437
900
32079
12355
750
23319
5183
14663
2422
21289
23284
7181
23989
27731
18740
27623
26183
8672
1953
20822
2124
18990
28802
16035
7700
20716
17702
8957
1285
32195
5630
11139
23277
5545
22195
21039
31205
4100
28007
23285
27965
1783
30220
2899
2706
24437
3786
21273
26636
7275
17304
21115
26321
23457
29800
17825
20333
7019
5367
30639
3286
4959
18273
24061
147
13002
32515
20009
12469
12584
30431
15185
30002
22426
9753
1615
3843
7714
23946
28932
32209
24942
1817
1748
18767
32257
30764
28679
5330
15697
10493
24146
30138
21371
730
1943
32349
26607
3795
31223
23015
26103
6544
7329
23494
21495
11557
29926
28646
32376
6363
26698
20568
17340
7312
26503
4429
13373
15040
100
25474
12548
1301
12982
26337
13389
30542
17429
8396
24082
23470
28756
25809
14780
10193
6808
8657
24172
31736
9035
27051
24496
26007
12021
20373
27660
14136
20969
16928
1968
21629
24890
15427
11582
17123
5617
19617
23427
32701
10118
17471
26592
1987
2551
15700
30600
16035
1235
7254
20390
32010
21454
1711
2210
18491
24699
23703
5430
5329
21275
5919
17182
32080
4800
29
3078
24431
22978
30309
25383
3776
20038
26951
29867
12842
23512
16572
19966
30252
24704
29250
11547
7333
28401
22602
26993
18783
9684
16409
18503
10579
22044
26204
1908
22417
13650
5228
31247
2789
5493
5965
28764
16969
18972
12787
741
29125
6588
17083
18638
28619
28375
21076
32639
18760
391
17394
27408
2757
301
20754
7943
12695
5091
11105
3016
16474
1398
31336
9209
17669
7234
6664
27756
30913
1196
7519
30971
10454
29587
20578
23156
24524
8362
8820
6229
4110
27541
17351
22881
12686
21420
4786
22460
26156
8148
32210
27314
334
8227
11293
6443
6768
28899
20792
18866
28462
2084
27978
11934
3071
5527
15768
29968
11020
32646
26425
14422
13061
32342
3956
13669
21400
3030
20634
11281
5066
27428
16161
1513
30782
20276
26023
19604
4789
31821
18676
9417
28199
15817
26059
15001
4053
21258
28279
30686
22934
6687
5235
27425
31185
6156
14495
11547
14977
21983
9757
31547
8150
12451
12305
12294
29288
24348
4697
2618
26013
8118
7068
24616
16267
957
15588
557
643
24477
11869
11978
25355
6425
836
31050
25610
2814
6885
17395
6931
9632
2553
29907
3874
12941
2798
5287
17758
10093
5124
23084
25418
19838
19662
15942
5131
9560
17267
22178
1621
6220
12987
3386
12394
9915
4686
9826
21429
16284
16131
16287
17350
4189
27911
32381
32091
17444
9546
15345
31991
4223
17954
5959
28473
6159
9012
7258
17220
10443
19254
25882
27779
25988
29402
27236
5905
24524
22766
21191
26149
17642
25833
7300
24311
13623
16514
16640
30820
1367
5362
8129
22782
11210
20838
14169
15798
6693
15837
11071
23447
17780
1989
3909
30540
3683
31911
1324
28662
10493
254
31432
20728
16039
245
14320
4553
13658
14220
26567
27300
25637
4382
7319
22649
13146
2034
29444
16798
28767
5000
14310
23219
28017
26060
28680
8664
21630
32183
24369
32698
28644
25188
24710
28112
27485
11255
7626
21462
23269
3139
21669
22400
28552
4584
22928
17891
8525
11835
27847
2005
14820
20141
852
10985
31911
28067
8853
32122
20502
30686
2911
5536
30355
16028
15451
27280
17248
17144
9044
2479
24789
4058
10868
21851
9924
29762
1497
21718
14122
19114
30541
31726
4613
11719
970
11759
29617
22235
4211
15752
16324
7693
940
3664
19698
17800
26087
730
808
13446
346
15097
2408
2389
2742
15075
4401
6266
8032
11727
27205
24227
32078
18466
19775
28249
12493
10524
21872
31454
16149
9918
12394
18534
1014
3228
25308
9684
12455
10302
21510
32501
844
3931
10086
20768
26682
93
23561
7586
10651
13958
22278
3984
23389
15944
10762
18455
32042
1145
9714
30310
28288
11558
8479
23438
26905
25724
16175
26405
10900
15450
12580
6740
18456
5034
1625
25782
30267
24487
18313
12261
25749
25664
30776
5437
16781
12925
10410
13106
32596
22782
19293
17150
11916
13611
17423
2165
23553
16972
20310
7658
10802
22751
32136
3594
2470
18101
10050
3035
16695
9789
28008
21209
15001
4509
29646
7182
968
31898
31191
7087
25163
383
6226
28992
15797
5639
25836
25727
22878
15587
17878
25847
18002
21814
14015
6517
9022
4093
1205
32693
24193
12242
6951
7119
12070
14417
14178
26300
15626
9663
29259
24358
1330
26350
17572
7960
13397
17991
29850
15978
8707
7052
17722
1121
15163
28354
30924
6951
24539
19858
11686
29386
27680
25642
1679
25938
1703
25311
27894
22525
6044
21449
20154
28376
3958
32279
16767
24847
11099
10674
9200
8426
25469
11331
21783
5432
16116
3935
17175
17283
15935
9630
28586
16111
7958
18357
17002
6025
27362
4967
10690
25278
11631
10788
15317
28573
14132
7028
23840
23149
3694
7993
23508
5707
25332
3027
9409
4089
9547
7570
20652
2665
24107
2569
30399
4786
19882
15417
3491
9331
32150
23776
1322
29078
23701
12131
31409
25120
9561
20410
7615
1684
7952
31258
2931
15239
26410
7367
22790
21979
257
5547
16011
24512
16563
8160
7358
31445
7964
8394
3182
4007
6923
23154
23002
29645
3882
27590
16876
29573
17303
20186
13151
30691
27426
9176
14736
2244
23265
7649
22852
11175
26657
31208
28994
13634
23654
13900
30172
22366
10276
28054
6093
13754
23983
14778
4546
15505
14159
24532
8745
23957
900
19534
4110
2271
19162
8538
918
23598
13936
16185
56
30357
3266
6412
4949
22272
28779
27055
25484
31224
7074
15798
28999
29848
20386
2438
21924
9472
4053
22098
4424
31288
1782
29141
13927
2608
2161
16766
909
24008
26510
24478
14254
1013
20974
11366
17414
23868
10097
31530
12393
32219
31914
2628
569
27815
20619
14307
22624
1146
12074
12287
11014
22148
32155
9254
26183
4487
1984
10967
28789
18356
27341
21168
2099
15965
32632
27234
6629
21218
26816
22947
10969
20337
20
7572
5938
6348
10590
4156
18051
26475
28931
5335
21248
18133
13795
18529
5213
12087
6807
32238
28110
1366
10807
23388
13312
2454
11549
26335
4516
13746
18514
10487
28748
24767
1946
11609
19841
102
2753
16412
6602
9994
14826
12746
22601
16542
1335
1870
13395
20632
19646
12985
10409
24902
2835
17753
25526
32036
25439
31154
6280
8685
19674
5451
8969
17345
4991
19910
17921
14590
15894
16411
25857
6191
24225
28132
19790
9793
10586
23070
32442
19580
8404
2947
29764
30700
17867
26668
11664
4320
24873
12564
11186
11005
21266
23359
16766
2441
10454
4708
14817
19879
31668
18341
14625
4486
30015
19230
20518
20612
8547
3151
16308
31834
27392
15210
24350
5416
96
26273
12096
7861
25002
31576
20250
1411
20491
922
18904
20639
30365
30288
5030
22674
32305
22846
31112
10240
14763
22330
13118
18686
17989
21478
21468
29313
27011
19972
9401
7433
22111
18186
28180
3761
28629
16795
342
17345
7634
29164
17523
31268
30060
31310
27325
27343
25698
9590
7610
19775
15005
6722
31356
27939
4881
3650
26913
21929
27392
11033
10152
21456
9373
9829
19053
1739
1185
10167
27123
31097
27744
30132
28857
5948
13974
19457
15721
3323
1602
20930
14106
27945
228
6680
25089
14839
11567
2064
12280
19176
11212
19797
15483
5240
7260
14570
27324
21379
8091
28825
6401
10934
8480
31213
20186
19985
30112
16130
19579
17998
11588
940
27905
29002
3922
4544
16145
14238
16686
15164
15323
14209
2799
25073
27133
22262
7275
979
29995
25719
17844
24462
31080
12913
27271
21258
6150
19051
27325
23209
31182
18759
8705
15931
25803
792
28164
11184
1800
8474
2517
8494
26790
31335
2819
20365
11416
2009
1958
27921
19277
23400
24326
30304
17964
23016
31698
6329
30784
6931
7586
26377
1412
31865
17979
15324
5703
13756
21806
17897
16646
10092
22173
29101
18776
19006
22231
10842
2469
21654
10086
2441
15662
19980
25765
5024
9509
24530
13398
4015
4596
11665
4721
11182
31317
18478
13655
19453
14206
24133
30017
25313
4786
1804
12129
17670
6506
24938
18929
27340
26737
15097
15334
16383
15814
7356
32216
24404
9483
5929
22471
1612
20849
32161
29200
3477
17185
11435
32538
19545
18475
27943
29713
17098
24577
21690
4598
26748
13388
18448
27595
8805
16595
652
7998
30758
24012
12734
12585
4722
1826
13731
32248
27575
16274
12107
15417
8056
821
16184
2948
20180
24235
29297
20572
14979
16918
26767
26163
28804
2906
5158
26839
14912
8588
17089
22283
9224
11720
10145
6844
7341
2112
16473
11202
16797
8919
18634
17112
8170
17799
28846
16876
7196
19769
32565
3970
8721
20735
6085
6753
22228
31810
29143
7096
30295
880
9810
22699
19382
2259
28108
5439
3588
9941
27561
23767
14028
21712
1197
18684
7683
4201
18439
7980
19729
12207
10321
23198
3675
1033
19373
4002
3345
24158
146
6346
14931
15063
918
25219
14397
13840
27425
31147
10361
12959
14955
31694
19347
24192
29762
8907
1369
5840
9216
21449
4604
26366
30091
24086
25809
2611
14064
31454
18862
23934
20502
29638
27247
26606
13277
21962
20117
29303
16061
3392
28530
3226
4575
1094
4030
5849
29209
30674
17186
16077
1859
19195
11054
14054
32423
6012
27183
2257
22380
1021
6945
17096
27371
21081
27301
11873
10771
10083
18187
4987
19962
9200
10290
16790
24398
13878
1807
29663
20901
19388
25098
26664
7577
24768
21250
3257
13243
10557
10755
25301
13958
17898
19119
21837
16801
19157
8004
18580
10202
27806
23129
18002
20705
593
12131
321
20574
3969
1623
6057
23934
14838
1276
10224
22704
18814
16785
14954
