17108
3369
13564
20503
19083
6524
3734
20848
28004
11581
22599
1409
24815
22358
13932
18503
15288
27829
7519
2204
9273
21368
23042
9686
28439
15556
1742
30155
30612
29753
14153
2418
5762
5211
30198
3164
29055
6932
30455
25121
20841
21736
27994
4846
9708
10295
14559
2096
32261
13961
11994
23058
3074
4875
4160
27641
25760
9557
11914
28182
10291
14969
26211
12597
22751
3235
19737
8361
10462
14322
27553
17915
11298
8965
29841
5872
28008
8647
555
31936
2962
27200
19946
26640
18588
13817
29824
27701
4874
17048
5916
13348
3321
6661
11091
29575
7338
30774
12902
11811
13329
19818
6849
24596
8207
8105
17773
13904
24525
19756
22333
3518
14082
850
53
14046
26475
27043
24698
16511
23874
31629
6696
4703
4159
6252
17580
29280
4013
9689
23856
30214
13490
8911
5011
22121
3006
7094
24569
22334
27695
23686
24407
8657
14185
25966
9398
30962
2923
2869
32123
4993
13127
8293
29931
29336
1805
28297
28666
16835
4255
6905
3396
20216
31614
31856
28639
8986
29853
31238
17241
4248
23327
20373
1772
16785
3888
13177
24573
1482
19697
20830
25710
19270
30812
18832
15617
20893
25497
17609
4949
28115
31706
8467
27718
13779
14912
13648
24806
5615
31494
11302
1186
8526
21227
5195
10739
7120
25110
30492
21642
14653
4379
31837
3248
3602
24635
32749
11964
5967
26897
16177
10136
16247
17248
1043
14723
12835
31731
13106
5868
23954
27060
12845
15762
9639
13224
31253
349
32158
22291
7812
13178
16531
2820
8026
3029
13142
1278
12090
1188
10393
21861
4547
10818
22009
31250
24720
3390
23400
29757
32101
12524
21190
14983
3602
18551
30353
5874
4943
13006
2993
27038
32052
3432
7126
11475
27220
22941
3440
12918
10098
12774
879
29078
1046
20235
23050
20529
18848
21760
11176
26747
10734
4505
21909
25260
11017
2152
27430
11966
16402
23163
11261
10834
22657
1333
11991
13272
31404
18064
1928
25151
29453
26035
2188
8780
26400
32273
17810
30986
25611
27990
28522
26060
11036
2553
13683
1629
10861
20662
367
12313
14684
28017
15607
25751
16644
23284
21718
19106
24805
31337
20168
10438
31202
1626
21245
6440
27167
23940
2005
14938
15810
21677
10339
24330
19525
14738
30596
6506
26415
16261
16361
24963
12501
16874
19227
9474
27617
14938
11943
15743
3183
32671
7919
18249
1053
12985
23085
14674
10342
11834
197
6173
17893
28198
16234
27184
11569
11331
27900
1153
19243
15702
12478
12520
17759
17958
15339
32704
17478
18634
16216
17528
28178
28844
29194
27088
19481
8698
9713
16423
9855
5966
1663
1540
17515
22011
4297
15080
6683
7233
19490
8505
18670
22911
28466
960
11779
11397
1511
32633
18228
7909
28079
27323
30476
24065
32195
2233
29151
111
3103
25913
10927
7526
14250
15532
10883
26660
13304
18818
32270
14921
16122
20587
15409
16654
856
7190
12551
9634
31507
23988
3668
32493
27573
23670
3397
408
14002
10644
1051
15896
3214
14775
31022
29101
10061
22733
29309
20263
27365
28311
9718
26352
7230
23809
24299
11717
3938
30938
23252
14088
28773
12969
29988
18850
1458
9134
24167
19983
13084
10101
19546
29611
4343
19416
6618
23545
17887
27262
23399
12773
26141
26086
8310
18734
24761
2808
7569
28390
27157
5523
23073
3191
8362
15218
15577
30294
669
20311
24204
4639
28827
29985
32430
10959
11117
7474
12768
14024
27372
30376
75
13527
14642
20521
22175
8301
6424
32303
2240
10986
9941
2455
27728
16943
7099
10640
12733
30998
10710
27464
24703
18285
1718
3294
5456
21518
17817
24451
28460
29276
32165
24500
1284
14140
28932
31666
772
13550
15189
10230
3538
7813
25032
5146
9791
2015
8926
25348
8997
14604
25456
26846
18136
23146
115
20838
1886
21789
19783
2373
23759
28991
22506
17752
18814
16165
26133
32463
5870
26659
1971
11424
23975
27277
32404
24837
17601
32620
17411
9498
27769
25146
18084
10674
26274
31424
12956
11995
3915
30741
25218
19088
13262
3610
3087
140
27157
12691
2685
22046
24378
5194
17541
178
30320
21282
16522
16769
9582
14231
3664
29336
5262
30870
30613
25716
20198
14503
12593
8980
6710
30433
24126
25018
26394
5626
20128
20120
9574
3411
21011
29316
29805
22045
11121
21036
6195
10096
21516
7658
8886
19971
12112
20586
4352
1875
24596
6359
29990
29615
8199
17630
20555
3475
14655
20655
502
11808
32742
7930
29083
18079
13361
13929
12915
15979
8562
28257
2975
23399
11199
31486
12799
25119
27104
1597
28856
19555
6947
30675
27976
5762
12546
32539
10721
23513
26008
30132
3388
24323
6916
18080
6671
23530
25866
9784
1421
1959
14829
13877
32749
17666
4548
7910
15875
16731
26328
5912
10925
28626
29605
12630
22164
1523
10240
29254
26901
8600
23371
2739
20856
19796
24262
19589
18183
11541
29113
21348
16882
3602
25644
22516
7401
14061
24957
3324
28113
9964
23299
5140
13063
8406
16715
17891
23107
13598
21478
7464
20293
7430
27823
11967
20499
4263
11896
5941
14560
551
19475
17078
30000
15975
10636
3250
1046
1708
9480
24918
4542
135
29764
18460
15471
22447
13710
21902
7829
4910
1128
6152
29859
21603
23572
14927
6861
27316
3573
23498
25405
28472
14346
18547
1071
10058
22121
1039
14558
12242
9679
9092
2943
20010
4814
28852
11534
13176
20813
23173
31257
20668
9362
11187
17778
27039
2713
12827
8602
22709
12215
14732
6519
27366
30900
21197
5260
25131
25035
13675
30909
236
25305
31491
28462
24537
20470
14795
702
15773
27249
20958
21678
6504
14392
17485
26329
2819
6081
9989
21681
16952
30433
21877
8575
6793
15311
17644
5861
21206
834
23595
216
22517
18969
732
14776
32226
984
9501
21248
19553
26541
16863
20211
22200
13977
2524
19861
7930
15579
31087
17869
24884
25066
32603
29694
23921
19439
2590
16198
2345
21147
29703
8
1064
16706
21726
26315
25553
7359
19609
19032
8541
32178
2920
3286
10639
5481
29256
23327
12842
1935
17957
2235
9253
16409
30814
31188
3430
20779
10813
11150
23489
22097
22689
3820
13684
15231
27175
210
30720
2088
4882
15929
25248
21937
31413
715
5234
408
21912
20365
503
23084
12354
17727
26089
25319
13215
9187
22493
30332
23348
11952
26544
3326
14363
4030
13159
24213
25312
15428
11589
17574
13676
18981
5971
6169
11802
5375
16004
13150
32380
32412
26972
7895
15585
3546
28459
18375
12560
2458
29794
15558
19269
30732
24179
227
2280
21543
4024
12802
401
10568
5705
24815
10676
14022
32219
31686
7026
27374
30747
12687
191
7608
8263
13892
21844
8965
9979
32612
31189
21354
17581
12331
20215
12026
21486
1763
19923
31556
29564
82
22035
25812
9837
25383
12282
29171
30019
12350
11600
19173
31074
24829
27652
21412
11812
23360
1149
5909
7971
14129
10254
28362
10948
22114
19533
27023
12749
9456
8710
9924
31595
2650
26362
15647
14012
2365
19238
22131
17538
22116
21786
28557
9673
14926
28862
23120
24266
21676
18351
17422
25256
3906
7186
26328
32675
24513
5063
10994
30210
31412
6773
29849
23042
28286
985
12547
24975
4184
18148
25429
22621
13120
30289
31360
21699
589
18676
26846
32599
5684
20064
11716
11529
16988
16009
27995
30908
5432
9299
12118
7862
9349
28027
27846
28814
20214
13742
6389
23093
19191
8946
15670
11110
13437
16542
24188
24559
2652
32618
22440
29845
1963
14918
20884
15927
7632
5694
24692
2110
6227
29896
28796
29395
8095
32023
21410
20989
18990
7346
521
2381
31070
14913
1553
16867
27312
17746
7428
17626
1175
27259
24042
17851
31445
14394
29704
2983
4722
16093
4001
32204
2721
19588
24143
12993
7554
23607
30197
4004
21628
1342
27210
24256
29789
26164
7109
28665
27664
23855
7837
7145
29500
15253
7745
28917
16769
28456
11277
21408
18585
547
21158
19218
7119
20013
2904
335
17518
15825
23069
11644
31492
3553
1176
23729
11977
14015
109
26491
21700
12778
4201
8805
11111
16213
15536
26584
3735
24218
22765
23590
10975
26569
30599
15487
26946
7489
26730
9636
22995
29610
31690
476
29812
32190
1848
22800
15726
8722
22495
9585
17526
25243
27272
3258
17088
24324
25922
6418
14788
9234
8476
21181
16910
4421
31364
31477
12955
2485
22206
28815
28603
32293
2911
28396
31605
10100
30857
61
2930
17253
124
28348
16970
27431
31231
6274
19587
13158
32194
16986
17581
432
24374
15391
14260
22852
11020
2272
10777
16012
6046
6813
18370
32540
19634
12363
20399
27932
38
10475
27608
19714
12498
568
20228
25064
26426
28316
1263
27707
8700
12753
28546
23246
19371
18258
3442
25940
12389
19609
17682
5591
25393
13738
8866
16030
16046
5677
19100
15441
32586
26435
538
23269
47
26827
13465
29437
19024
10711
7000
10986
11816
1193
13616
20284
20876
26369
16494
25986
15543
30749
6996
4630
10886
6473
1123
21608
14908
21574
26601
2773
14823
13790
5989
31171
1575
4503
21242
104
24230
30185
6662
6129
24504
2643
11612
20019
9976
32066
5781
22283
14882
1955
8709
3339
24424
19051
222
22384
31951
31285
11567
14705
6112
9322
7614
1311
8347
317
23223
28613
12271
5079
14736
4190
27331
28452
18694
1705
15771
11823
6673
15955
24901
14149
27205
5211
10570
6275
22361
7122
1125
3048
20848
3314
2875
19747
3344
29949
31956
868
3899
24343
92
6182
18406
23462
18357
28045
31905
21727
4414
19342
15305
4619
13334
28364
30195
12945
19827
20037
16759
953
28087
9036
22065
10255
30089
10216
4608
15051
10916
18893
16667
21153
13814
29096
1196
25968
26713
3903
9632
24011
28114
15710
30799
10189
13787
7674
19944
8557
8357
7337
28191
10040
20598
5740
10364
17389
11154
26852
5554
3322
13493
16839
5692
11549
30194
18218
28770
20957
9095
8718
27262
8817
15903
12605
30272
17381
19309
19746
27630
11702
4806
400
20813
8775
28789
31579
17927
8172
3685
11046
25804
32544
4403
5380
6807
11343
1894
23075
7950
7039
9146
4394
603
22773
17396
20223
22062
858
11285
4098
10269
30879
1504
25658
26337
26866
4602
22297
2146
1601
32653
28340
7368
27243
17832
21752
24483
15105
28301
2630
16071
18973
4002
27821
3266
15034
28747
11930
10124
22282
26195
27605
32709
8654
10948
16305
5699
4976
5076
6535
17462
31179
22310
28291
11284
5861
7387
26909
12768
22354
24605
9456
20000
28043
2469
14368
32304
23730
25009
755
20949
21737
20282
28907
12669
13723
9896
18551
24741
12172
4010
26282
19136
24787
24902
30321
23413
4685
27215
9293
11343
262
19988
31574
7164
27548
29086
174
20865
4511
30214
26007
32394
13005
10484
19011
11946
4670
23948
7006
13737
27981
16218
32569
8779
26799
6513
20708
30391
15085
46
22502
23323
13021
6821
11493
30254
7665
26094
17472
4494
9696
12171
427
5725
23227
1524
27851
23089
13285
11661
19884
8795
20501
27036
5219
15105
14642
15392
29746
13533
16422
30511
27263
29355
29341
19368
28340
32691
25698
28925
32307
25015
3733
22739
29122
32328
23929
4223
19741
30499
16022
25283
17750
19081
17723
2531
1170
16370
19034
20858
12189
14033
32488
4713
29188
27324
8018
24527
9390
31037
27660
21312
18869
23757
11304
666
28716
2165
12542
29688
5486
23097
31637
19097
18450
25638
31906
7657
32565
6323
12146
90
26962
29926
4355
3181
27159
14718
2487
23497
20895
24689
28700
5969
14184
7568
18112
10469
1140
13673
2781
2769
15690
17211
27059
17252
21407
22611
10409
18383
766
20499
22747
27916
26908
5163
26509
8167
22420
161
19619
8922
3776
30256
17812
31926
12061
18006
9814
32080
2816
25901
8460
22582
26849
21102
13750
27099
25543
9206
18639
20999
17916
11835
21536
24639
3636
5567
545
19530
5451
27474
18913
24379
13774
27358
32487
3794
5807
9549
9254
1765
17709
23752
25164
13081
16061
10303
25549
19518
25727
21419
23270
4220
14822
11424
32007
20122
3577
25146
824
21225
10279
29946
24638
29898
8964
23739
13092
4392
32656
22002
25086
22804
26316
25891
15801
23319
9051
29412
7059
28789
13393
31873
4634
30469
19418
4831
26404
2612
29569
19340
26794
32067
29595
18278
8871
21838
10468
18282
23816
10007
25595
2449
6135
31890
11875
18596
14061
30707
15578
14646
22431
31086
6297
29743
4207
5390
20278
23201
830
3623
23783
12956
30559
12413
11449
30876
14326
26641
19238
852
3810
8143
13330
31915
19191
29826
24621
23205
18908
305
13289
11277
1054
30352
20176
13524
16119
5823
5474
4723
22922
10390
28537
15354
15395
23115
3987
32379
7052
31152
888
21238
28364
18232
2814
3615
14488
14236
31565
3655
7444
381
2974
2976
14134
9874
31327
31281
17034
20903
19198
4697
26607
26398
25737
14435
13084
41
12832
2719
21900
25042
22349
6256
11722
15748
8488
28461
29768
21618
3563
201
3932
2245
16667
15458
32203
29952
19864
11570
18316
17674
28986
26439
18684
7575
4191
10427
17088
4054
9869
29861
22835
31459
24597
17360
26271
21058
24106
1831
7933
20594
28171
22547
9017
15442
27448
22678
6884
8582
19544
7153
32171
29671
13051
23503
3998
1091
15401
10521
21312
10562
9528
2736
28062
25690
4521
14873
30118
9503
6016
3375
19387
29418
26843
32376
31044
32367
31627
7117
5908
5144
3181
17226
22958
16068
22628
28553
31489
17852
13607
30671
15873
865
25786
9398
26052
32352
19997
7570
27408
9335
31400
30980
25380
31453
8985
14538
14231
22630
26085
24440
27210
17116
11173
13585
6885
11206
7629
25803
13729
11117
511
26158
27029
1203
29211
28718
29484
7936
29182
1968
833
8728
272
10810
20124
15390
1463
23599
29758
32741
24634
5095
13318
32186
23768
30232
29167
3309
5904
3351
20359
27638
15223
11016
22166
30629
6815
2079
32270
25866
30629
21203
31453
15490
12166
15042
23415
9285
8668
3428
23019
20215
14187
6678
19993
1850
11004
18355
8771
5178
18230
12818
11832
27539
990
19046
25798
10008
2741
5237
3131
31343
21986
9356
6034
28035
29670
28939
32734
2438
20497
13910
20319
24264
26430
13870
9673
24760
26826
4930
1937
17072
5673
4369
16381
14247
16122
19105
10656
28554
31695
15561
13490
19248
12930
18834
16715
26227
13268
26659
174
26568
30611
17308
10304
7509
25029
20030
25786
13737
25199
23306
421
30404
20489
7238
25405
8392
4863
9792
5066
8511
6002
11169
23327
27175
13981
13129
9537
25451
19626
28182
20713
11703
16244
23603
16950
2259
27511
9696
5166
31418
7048
30031
23772
23781
17661
876
11519
18607
10636
30740
14523
18544
27664
16369
17417
28868
5098
13964
4107
19753
16852
2008
11147
2441
5364
17716
11733
27648
26659
24190
9704
8835
5676
22981
8633
17893
26399
16586
1399
6156
19026
25794
29416
22559
2541
18468
31934
7304
842
28736
9558
7008
26560
7736
9811
19941
19548
15286
15329
9974
30031
3681
12710
5874
14404
22417
25353
24591
27602
347
5162
7712
28051
16055
30270
18746
14873
30788
24321
25765
25834
15972
3577
2499
24321
22258
4946
25192
13131
10139
13248
24793
9313
32697
8216
6424
8390
6994
17138
31413
8481
2350
18768
11349
6611
28024
27204
12025
6565
14475
10066
16347
26701
5725
24434
30363
28586
29703
19170
10511
16387
32370
24128
25737
26036
32183
4659
2455
31550
32099
24967
18661
25677
7161
24254
30062
10573
2049
745
32632
20771
24270
589
10376
24244
26015
21290
926
20690
22089
3312
26819
14803
21502
1149
9297
10176
30135
24815
10293
29820
19519
19514
2415
10457
4934
2082
15428
32611
7681
16900
11151
26927
17856
14766
18056
28378
12078
14582
10131
17390
26312
2890
9290
7291
11556
23246
21789
15067
28902
3932
19494
21362
13315
31570
8367
13050
12756
29719
13916
23517
7324
12397
1303
22715
1940
11802
1757
31752
13120
3122
7302
10927
6905
27732
10014
22074
28904
1223
26645
28897
6233
23065
22461
20295
14883
27426
7848
15619
21337
15328
28434
12429
25411
13998
14552
10698
32253
10516
18579
10030
22655
10126
25975
23030
28384
29428
18926
10712
2174
20971
17398
14793
28292
5272
12408
10623
23473
24195
23853
1619
10536
5579
9156
13429
18659
20591
18306
13520
24155
23893
32002
10681
9409
27801
2475
21640
23282
13654
17739
24641
18022
32604
11690
2461
8668
19209
5795
6992
3360
25515
30179
16286
31072
12832
27788
21853
4154
10610
18475
29437
11857
17291
10413
12509
1644
8380
21084
13130
14463
354
16166
27424
20922
12383
14704
30414
13964
30297
7471
8497
1830
9922
17033
4695
4304
26411
26611
15052
435
1555
12301
22111
26598
14293
9484
8076
17672
31786
3599
15729
19568
24197
19744
16127
7114
16907
30871
13222
4196
12812
17825
14302
23435
26139
9049
21983
24376
28835
29376
24109
20305
26324
7388
21386
2501
30960
23470
23291
13365
5714
22150
26940
11611
26391
14002
7044
4112
14239
16614
19563
9666
28966
2924
12386
24471
20651
17548
28872
16058
9416
4474
11338
4520
32266
32305
19256
30952
4702
19028
31751
6201
17962
5214
21024
7259
4294
14250
7714
6325
19574
6769
17955
9102
17157
23600
8902
17343
5329
32741
9609
30132
978
2355
22615
15769
11309
27750
4268
4622
8749
15520
18701
5553
6222
21619
8155
16637
26925
14879
8022
28674
10431
4055
15093
10446
12753
8956
22001
24318
21039
118
19869
24782
26495
26835
31564
26278
17633
25494
8390
11148
14067
16862
7017
11030
27770
5315
27027
15496
24894
13600
19
15838
30089
5389
16188
20030
5184
9410
26079
7939
1484
31191
9912
7415
21733
32408
9100
26905
6250
18752
5172
18931
10803
31894
2200
7779
32107
22575
30974
9621
19718
29992
13828
28484
6200
7828
2572
2928
3884
5881
11303
29969
13476
31349
26216
7882
13562
4190
30832
15951
5061
4018
27462
3362
17350
13089
6859
19105
323
22612
4314
12185
1996
18482
2652
29208
18009
25898
2858
9570
23337
6302
3443
14278
14604
22864
18620
30023
4635
27227
22027
8816
29268
21892
5040
2655
11765
31440
21228
18246
10071
9096
7779
12837
31234
23962
5913
3250
15119
29948
29893
15509
547
30099
21780
29276
27739
5379
19870
24996
25658
5709
679
3458
18957
1936
18438
27377
7603
32104
24786
25868
11593
18939
12674
3286
29379
970
28899
15586
11144
16628
7965
9820
12442
20166
5982
22560
20939
24607
12875
24280
6155
26824
30059
2568
8086
20694
27404
15757
4138
11328
19785
3957
6211
19590
7110
12567
28138
23052
5244
7978
27844
22558
18775
10249
30349
21894
15012
16442
4219
28664
13441
3027
16142
3570
7601
9332
7080
25433
7308
17202
1614
17869
31634
13664
6059
12718
8996
1727
27655
18675
27006
7639
6488
12574
3804
16475
28690
30287
31668
5282
23011
31237
21820
21422
28690
4455
22623
22058
11131
13529
13305
29551
32588
21382
3313
24817
5251
29825
3722
25
27058
31762
16260
16421
32528
7484
13358
19534
27075
4430
21751
13465
11420
7584
22396
16377
28301
6510
27982
21991
5411
9215
25961
27426
21102
21806
20404
21459
32727
13083
7476
12372
8261
24510
32675
31447
19434
14326
12643
23051
11513
12777
3603
20423
10699
17961
11492
27931
15955
5823
8940
4918
3844
24083
14895
28548
13200
10834
6322
9281
22736
16531
13335
6192
14213
6732
8950
12046
13811
31649
17929
22130
21685
15719
16941
22664
31095
4656
28713
15101
24117
3887
18048
28687
384
23417
32654
3567
2098
9964
5618
31531
319
20021
31743
25128
10286
31887
14773
31796
20228
25982
30161
7676
28437
9813
17145
17842
4709
7199
29264
16479
11865
31002
1793
19080
419
22
26979
28230
5690
13876
22152
18368
23019
23794
24324
28929
3393
19507
14324
27233
5136
21639
9436
3913
25713
58
29738
5078
1495
17621
16368
13552
18131
28181
25502
10232
25797
12156
10973
6165
1319
15137
4791
9533
17044
17073
5392
21421
24570
11306
20781
1673
6574
1600
8328
2184
25744
5401
13249
1599
22967
30815
7290
8833
741
20156
21237
14881
2764
15461
10627
2328
24634
7562
28037
32486
2448
20422
7434
10171
6069
4246
28876
3333
6367
20436
1693
13881
27487
20990
8301
18202
2062
23278
17560
8453
15607
22577
14712
1649
11761
27683
31427
28859
15855
12013
3377
7110
17983
22949
9874
26545
10054
31867
22284
28940
32388
31230
8827
32394
18557
21668
2567
21585
15088
23790
29184
15407
15310
6842
14712
29201
24586
6222
21905
19131
9691
5739
28272
2147
17429
3575
10830
23562
9289
6853
13163
13312
22992
11268
29636
29796
9910
25798
3480
4449
25966
8345
9273
9798
6298
11995
29838
10921
19705
14257
9198
4957
27635
29074
18029
14486
21998
2157
15170
30511
22402
4319
13623
1435
27676
26753
30274
9745
29965
14212
22085
3933
14116
13136
20716
31641
28559
30387
11797
502
28463
6574
11275
19412
23212
1207
5341
131
2942
28780
24745
11904
11071
32635
23538
9030
25373
17438
27088
14865
22700
26179
6
28493
8305
17238
17392
22393
27276
16026
6093
12844
4831
10170
1709
17282
15334
31917
1179
7325
24976
8778
3212
24252
3030
23803
16063
30558
2010
5431
23942
21484
31837
23324
26012
9393
24543
8521
21946
17741
5553
27464
21
16575
9400
15459
20180
6726
9790
15585
14353
23906
30184
11381
19332
29938
18950
11377
14598
29584
5265
2249
8289
8175
20286
14154
10927
19393
4279
6628
9880
18854
4542
17018
25188
10513
14026
18602
7903
20535
5618
2744
7429
19633
23676
16934
4124
268
9971
30390
14225
16204
5774
13984
14256
3417
11401
6574
27655
26650
30553
11377
23378
23757
1522
5139
6392
10339
2051
1608
5021
17350
15266
25058
9058
29916
14912
1228
30424
1801
667
28753
2725
26600
14721
31279
15112
22723
26820
9795
25693
7402
27709
7242
14483
19761
23959
10191
22002
6111
8317
10791
13192
10379
9230
9993
31621
10421
6134
3856
17781
137
7055
1573
8704
7520
16703
10071
22859
8002
26433
32422
15455
20234
21437
3955
8199
24368
29229
2508
28868
29251
15966
18816
6831
6464
18000
15907
1886
12959
5900
9889
5141
4539
28906
25808
3580
28399
14184
2271
3618
16337
17845
7332
26545
13755
25444
15512
8703
1829
26277
7652
11734
28858
14459
18932
9440
14855
31276
15757
6366
25214
1702
21551
21339
20128
32200
24254
31538
19346
28640
17547
21049
25368
23725
12977
28711
9470
5312
7885
13561
31983
18389
28936
5391
10441
2901
12763
23886
19949
27523
7522
13259
9387
9099
16898
12306
12218
17816
21096
30905
961
15612
12973
1320
5731
23664
4271
3911
17867
8046
31788
20995
28093
6531
25623
6991
30667
26658
26365
14393
8800
1185
14467
32545
27580
2156
88
5481
15982
353
15631
27514
9389
5073
22131
27058
1582
15391
1690
29856
11407
32202
8453
12579
11163
24567
31860
28493
7333
10587
31650
16685
21775
16186
9988
26032
23555
3945
15747
28039
4429
32294
26267
22474
14871
12396
12424
11790
32519
12421
28431
922
17192
2574
28279
26274
10772
8643
15656
14528
16191
13760
27964
4149
16033
2469
21637
28445
8161
30565
4475
4758
15711
23870
30337
9638
10767
26603
14297
19981
32531
19799
17147
12121
12453
3098
31715
28139
7717
6979
7328
25240
16807
32624
2939
24504
9366
2563
8878
15943
16689
32168
3496
20046
16830
29650
1302
2764
23927
31935
26421
7630
5469
2330
9617
643
15920
23495
11854
26929
2100
27348
1838
23585
11109
11403
4736
24952
9541
4024
17104
32457
16327
8039
21349
30626
16753
14396
104
11385
11053
3854
4240
26328
24716
25060
6425
5661
30460
17806
29254
20112
10064
14075
30962
8289
12690
14263
32266
7489
12363
24316
26824
29873
2889
24821
25200
4767
25
20449
10903
12129
16046
9501
7938
22865
13477
10631
5454
19136
17456
5358
18360
23738
20904
14134
15080
30857
12008
1802
1902
15167
27530
15721
18380
7107
16036
30203
1683
32347
7793
22688
26599
21944
14965
10264
8990
9917
30480
9964
2850
29668
8546
22127
21909
21985
30397
16610
16195
20666
28678
24870
17071
11528
8732
16767
32704
290
3718
24551
5693
1043
11875
28472
32173
23162
4594
27378
30216
14828
1731
13309
17393
2169
14910
1838
3518
15230
10063
2727
1942
16781
30962
1864
16296
5799
8957
29018
29946
30186
1060
2683
3052
16485
14299
31920
10975
13416
27001
18463
10581
31861
14929
2776
4547
2432
4897
29863
25454
10838
31801
2737
15096
10262
15042
817
5010
12994
4554
3957
15283
7638
24411
3048
31637
9639
11367
23163
26197
27964
14296
10601
13324
30684
10242
544
6254
28662
5653
710
8911
26168
11233
3077
4008
10855
29470
28105
14576
17661
23067
9314
31325
4630
8859
21419
23979
31297
16019
27127
19174
4657
13003
30739
32354
13352
6544
15325
30121
19097
8777
27379
13259
26065
10536
6727
8696
9971
8557
17768
21382
27463
3056
18002
28884
14545
17954
26965
4856
24195
7340
20044
29682
9385
29493
25495
20420
21405
23280
3350
20805
14640
5199
30045
26176
6183
11557
19227
16995
26211
22843
4461
31580
15019
14507
29901
12656
7278
4039
20318
22801
23998
26544
10612
10328
18795
20120
13992
3742
30133
18093
7013
13412
30043
4203
2243
24749
5150
22384
27791
20600
23730
13566
23972
5615
10929
18157
12467
28634
30107
16184
14546
9780
24975
8808
31071
24244
3618
10934
29301
13881
14642
3708
14601
21545
21137
8379
18930
2328
18375
24743
21616
30523
19307
8854
23310
6025
27439
14550
25689
12869
21387
19521
17344
27401
6320
16443
18866
10110
17170
30255
11749
5697
15209
3522
28845
2859
2827
15483
13607
13497
14456
23015
24399
7781
9100
3007
32170
28106
18276
17877
29859
28291
15894
17297
12766
15252
12972
29888
22429
30880
331
21869
2807
18587
11901
3271
30678
4496
3240
3256
16911
18791
28578
14170
5269
4348
26898
2306
4433
9155
21987
20513
17513
6997
23289
6891
29611
5216
1496
18904
14061
2557
19821
4632
6478
951
5726
5406
734
32540
5863
28071
5146
5076
30383
26117
12199
23305
15224
17701
22314
9825
11398
22533
11877
23542
11516
32348
18523
7401
3577
18341
3813
28365
25776
293
22586
8219
6252
31464
13875
27410
12327
22160
12358
24098
1179
16016
11711
23224
23322
20965
13561
26627
5024
259
13487
12549
18987
10262
31643
12032
15162
14197
10127
1617
32276
18440
11653
5831
26568
22642
22103
363
13362
25910
15760
30754
22165
15549
7936
24591
28613
18151
2039
25330
22052
20288
20799
20825
24308
26606
29159
7426
12532
28862
30648
12493
26174
26006
24581
10054
22503
722
14487
1950
30289
15513
13402
15956
21566
28266
19121
31469
4021
25611
3848
27614
2229
23712
32072
3837
32156
1162
13596
10851
20279
11639
14870
16733
18982
9991
27185
17145
25641
26626
20286
8828
30298
27208
14485
19162
32755
16739
18733
31091
23116
8202
29014
31902
1148
3183
6157
13913
12783
30627
2668
27873
11981
29219
4365
258
31359
32447
16330
12689
24897
18503
23491
13726
27130
19667
2005
4931
13469
18498
8693
2151
7805
6062
30683
2379
7510
10879
14624
9002
24325
28499
30541
2014
1127
30545
19168
31979
12551
21679
13161
15789
26385
17408
30253
13831
21203
14166
29570
6683
32309
19702
1482
1692
19418
7433
20391
29649
24935
26126
11383
8365
16296
28111
26169
28712
6715
8189
21087
24586
10748
27105
17405
10586
24465
22867
7500
28884
8556
3621
10086
14247
4494
17751
9897
29459
13313
23062
10175
25748
6157
284
11408
22017
24199
14974
17320
14108
31741
23469
25837
22610
28449
13689
36
9223
11237
10838
4096
30353
9750
20885
16902
30328
4291
9721
22925
29405
23221
23046
18238
23462
10419
24494
18510
2337
5698
3638
8118
12273
6714
13778
24077
30812
9422
28188
27766
14180
5640
9049
26268
29841
4142
19722
7975
18392
24717
29128
20749
5569
23203
15634
1720
10516
23110
27331
2011
9966
25840
24259
29055
19105
19546
18347
18885
7060
19749
6505
14555
30132
32199
14694
28059
27698
16755
257
12000
26328
28042
22524
22455
32265
7828
30512
30380
26870
11746
22992
14244
12972
12233
12091
23265
853
25338
32315
1623
22677
4421
21190
31561
23014
32647
12101
26918
2939
19103
7769
19309
19333
21171
1890
3684
16035
1603
25440
2322
32399
31218
2508
18333
14378
26213
9947
14920
18279
15886
32278
3455
12763
26215
23832
19489
6588
29302
14188
9839
4356
15263
26502
12300
30573
3662
3097
7158
1141
20807
22585
15692
6116
3411
20295
4915
31565
12774
20013
18350
14756
438
6859
14424
13875
19899
9237
9886
31612
28941
18659
17087
1784
3622
9789
31691
10322
18567
14691
7605
639
8208
4010
190
30568
8007
1107
8908
32757
7707
24104
17243
21753
13449
20528
16108
4855
4212
4176
12858
5471
11736
13338
4189
30075
8282
13783
18003
24379
6179
27137
5904
14561
22664
13025
15109
26456
17973
17672
90
26157
9217
29004
28157
29218
25481
22442
6797
270
5750
1445
15986
27600
20649
1352
14293
25825
18956
17278
30317
4614
16065
17355
19790
8680
13116
23447
6950
29989
32306
1636
27719
9617
19384
9717
23460
21758
8746
27384
14248
13604
5238
26061
17895
17411
17182
15098
22024
278
16686
2402
18777
13265
25648
2260
2073
2006
12742
2720
32336
3614
18420
10987
32652
179
18182
20345
24218
13438
18846
23844
17815
9958
5853
2955
6827
887
26413
9606
4779
6971
881
2379
5490
26951
17929
5893
25313
2757
24306
8108
9504
14046
26339
3803
6181
26335
3412
15863
1206
23005
32490
20144
3252
23321
5433
9891
2344
11629
1688
26226
30332
18393
1141
25366
8565
31015
26528
31262
25460
19339
13478
4341
22287
6730
27452
14901
1996
6768
21834
26060
14450
16830
2783
19940
3026
12509
7306
21610
8368
12443
2917
9733
6191
29662
23546
30535
5244
819
29102
15607
10763
3232
5654
10144
24309
7681
30828
11766
17659
3990
18944
27939
13268
21453
2298
21859
24239
6888
2250
11915
22412
14447
20188
17405
7142
15037
2566
14387
6288
7784
18268
19155
2610
3353
3141
11929
18647
31372
8756
29882
12556
23704
19379
23506
19733
14599
17183
13734
15383
30741
5574
2834
18310
5382
16345
16716
26010
1596
32714
16866
29544
1856
3350
11415
20909
8834
23236
7944
15102
13894
20846
9091
9712
18624
1910
32396
9008
6699
12542
8469
19066
22601
14543
1370
2137
2517
21185
5701
11210
14693
21879
12576
32324
29782
29609
18079
23344
14745
14507
2902
31650
24204
2565
22454
19281
18583
9545
18982
6607
5461
3223
32311
3092
17052
14555
1458
7290
8767
6371
30064
21498
20550
25459
30027
1679
15584
2656
3788
28723
10459
1319
15111
9297
27534
20448
6486
10817
28978
4087
18469
6431
22571
8390
2740
23333
22524
1980
17123
22227
20238
20259
13505
13849
7897
11
19191
32057
26782
12793
5519
22978
27457
1901
5743
2192
2518
14738
6934
24118
13614
885
28766
24725
17523
12519
22590
14741
13925
5558
16117
4049
8405
11799
23590
24498
25815
20599
3623
5743
28588
24066
17204
5667
31146
18108
23578
29870
8370
27317
25481
26106
60
20757
29779
1416
27727
22078
6555
18989
22926
17368
20578
31431
19918
20320
7295
32480
23187
9964
13184
25198
9881
19952
31619
14889
1531
22804
287
3197
23318
5889
28230
14538
27575
32564
4663
20999
28377
19601
1078
12282
28382
30471
20617
27208
834
9626
5119
14724
29765
5682
32225
8711
22689
10449
29599
6550
26430
12174
8285
14276
6634
25106
18375
11533
13450
4732
30780
30832
21693
20863
6982
7763
25680
17770
15899
905
29172
24642
12513
1917
9620
20686
26285
29057
13455
14721
28255
18948
25163
7658
11102
25118
28430
17889
24513
14027
17558
26266
12472
13452
15810
28868
9755
5656
18594
23705
23852
29990
24856
16804
31689
25178
7800
27459
30931
4051
15303
18522
24972
450
15630
13536
13574
11448
11261
15756
19527
31574
25774
11387
20306
15814
10877
1288
14862
30886
26120
22103
23880
26567
23070
10855
29559
25636
28152
22811
24946
15467
5852
4464
13689
9019
9708
3630
27006
11374
17545
12657
21859
25868
9892
7728
13754
10066
19748
11520
10571
23659
20780
27692
27674
1268
29098
11421
13058
28573
5028
26522
20766
28534
9195
19976
23227
20946
3082
16767
151
10215
16779
6626
8249
19243
32656
4053
29951
11127
22574
24251
1869
8418
32414
146
31990
21702
15971
16306
11814
18882
6798
29732
26071
9372
25196
20425
21789
3904
17116
28202
14183
8313
823
17093
27847
17822
25058
17539
15321
22396
4242
868
27541
19484
14421
23760
24108
7225
26477
27819
27099
20825
23066
15067
9206
20314
20393
14808
6449
12583
14813
23132
4408
6863
5710
32625
31891
14255
6584
1391
6199
6547
1607
8543
31601
1266
12158
11824
26248
28291
28558
24772
2707
28697
15300
4281
16386
17690
1592
25429
4908
11112
10791
21965
14531
8618
31538
1425
11131
25920
16033
11630
837
14743
29872
14682
6285
22481
30590
2830
28556
2612
32451
27317
7848
8438
21149
13103
30992
14092
3082
16939
6732
16959
26161
24955
12875
3880
16116
29239
17702
6764
12089
14921
10437
23522
15566
32300
17538
3333
30968
25982
22975
9439
103
15895
19580
26557
5268
29319
28845
1287
13803
7221
18227
20323
19438
7245
17904
23571
8532
24037
31160
707
23718
16856
21759
24193
31543
25452
7466
12834
18614
6816
15506
165
24130
4754
32571
10747
3125
21183
19421
22190
11215
825
22981
30806
15579
881
14039
3881
6163
584
4228
12244
21528
9745
22209
32653
27406
2533
3178
17249
30894
32163
6273
24959
17162
28319
10550
8853
10626
22205
25000
18745
2796
31272
17179
12443
16013
21537
13202
29246
8281
32006
6624
32537
26912
21634
29980
12349
9878
3770
20355
18001
7738
32009
5459
10850
32716
5235
1622
12162
4096
1856
7943
17240
28625
21136
15512
15044
16859
2587
8258
21150
22520
27429
10482
15950
12493
15966
2267
13124
30390
7167
20254
10610
5137
29064
30789
25948
1293
22499
21345
10512
15184
26785
27331
26387
23236
21651
27398
808
25602
32036
4351
13217
32308
29197
14770
26311
15137
15989
11627
9377
17102
29937
12632
9981
22917
20287
13549
21667
7095
7471
1523
29415
22040
15730
7652
8779
20517
18842
24067
13125
25459
22295
10868
10505
15152
8719
30764
11216
19880
19168
18436
6614
5304
30248
12317
13472
8344
30913
6286
5872
20954
1306
26208
31714
21544
31383
8348
18533
14055
12122
29879
14600
1936
27042
32453
25079
32099
14025
17985
24116
26987
30889
32081
17431
29199
26284
6192
11764
8679
25641
2045
13053
6817
22524
30221
1622
5800
19289
7458
30358
14308
5658
19496
247
5643
2298
7028
7392
2059
330
19079
28588
28865
1653
15073
19205
21818
10575
22
26325
3988
27249
452
30823
21822
18273
25045
9203
1128
32196
28748
7420
26783
32657
14414
19379
17420
30078
30808
32223
32028
17552
18300
9420
5387
9960
6731
6333
18082
28028
1604
29010
1772
31998
656
8924
17598
10230
674
16912
26779
27031
15336
3863
32193
880
10403
12285
14062
7359
30323
17561
32137
26248
27164
31199
31841
13790
18496
9304
17668
23048
20020
3520
32166
5883
25799
15737
14274
643
876
22757
31009
21050
28225
3766
18631
15959
30017
23029
11367
27183
11840
30305
11182
7714
9913
10390
15964
27111
25640
28084
8470
18694
7038
18583
18708
22452
19815
661
32560
28696
31546
26600
11510
17675
31568
17060
25498
12545
9329
5338
21043
10035
11729
30900
24669
4530
22999
16035
21665
15367
29305
30234
23705
32454
3604
1765
1717
29607
19666
11737
2432
470
15193
4454
25761
2059
438
16628
32194
22228
10484
17858
5957
1090
16615
4988
26182
203
4859
24459
25079
30064
6121
31435
19609
6857
32045
14736
5114
3360
4152
14211
31579
14069
16409
19095
11946
14267
26921
11622
10166
13832
20479
18951
15280
23175
10133
18377
26241
27056
17045
18176
30276
1535
7963
17720
19801
1776
24511
5148
32331
15613
27097
23281
5339
13460
26094
19652
23977
233
6585
4128
24037
10545
19054
27798
30256
11165
25079
19206
11310
29573
19685
27633
19655
25774
15761
3389
29234
30586
19874
31071
4359
5581
18121
12164
31072
20115
2394
10243
12199
13189
19879
9471
28327
7723
9582
5148
2462
32724
16642
8174
19040
17655
13877
6431
8236
25955
19573
710
14992
28300
24327
13586
20629
5820
25587
16934
22506
31904
15668
13383
28044
8748
12154
27492
30937
19705
7460
31551
27610
1946
23172
1268
25131
12702
30034
7166
24160
7196
28306
3751
29116
11385
7760
23323
27007
27104
24834
12908
24979
4515
23728
23185
7734
5407
17021
3540
31421
27448
11237
27798
29889
23536
17677
5173
4192
30307
30583
11304
31591
28297
18724
10088
25866
29232
29266
16960
29425
19087
9790
27206
23020
26833
16063
3269
22719
18262
21250
15712
10939
1875
32143
7611
2390
5164
22195
23146
13143
27278
27929
31391
9388
5514
1311
12962
14619
30905
31455
6254
20238
11681
15523
27427
22118
9412
21330
550
10846
15027
17656
23210
29134
18933
1801
14316
13892
3842
12917
21952
29035
22575
31027
1216
20582
22462
1586
28348
26135
15845
21646
31555
17126
6433
12365
25958
30817
9603
18846
18344
17791
4359
5583
23279
16842
17325
21902
18618
19280
24091
23974
29670
16707
20071
5550
10933
10856
1102
24423
25234
6492
21637
32220
5261
27792
19459
27510
24181
1527
23882
30685
550
1899
9092
11351
17289
18920
22441
21821
5498
14410
27871
15544
8732
21248
21223
11436
16955
9009
1361
4870
2708
9864
3234
11555
18312
17561
18284
1998
4205
620
3866
6016
20722
12619
29636
930
24158
17579
15872
21487
6554
29271
922
28086
6494
26909
14887
12295
6476
30117
24603
15212
1309
25106
22783
16751
30879
2489
30128
31602
1429
5706
10825
16791
21487
10895
25608
16384
17339
29927
1267
14317
580
8794
114
32323
31648
25717
22416
10735
5857
5662
16677
20387
17214
27322
4666
30897
4617
27843
16941
9642
31154
19616
17945
32591
7447
11416
18618
6508
29243
4103
22605
1220
23395
22029
30136
18476
10573
20722
4229
29281
8323
30728
29696
30118
10200
13347
13201
22417
21987
29742
6943
2091
22259
17199
11912
9072
24550
19239
31382
22382
8976
17457
27829
719
16589
3724
8153
1702
17295
28914
20582
20876
31271
2747
14494
26146
28274
20775
24403
31951
27390
27085
17422
29107
25432
25054
22405
10060
18899
26170
370
16139
1828
26801
19995
15063
21162
9959
26712
9052
28394
14353
14237
14971
18115
25896
4189
8165
15222
23078
2426
23254
995
2478
20178
2611
4694
21158
5931
26867
18402
19482
26505
11516
14165
17573
14449
758
4248
21379
15501
11292
15490
6530
31780
16648
27854
7183
23217
23920
15804
13444
8291
26897
11013
4995
131
14194
2301
13350
2139
19760
26345
28856
23203
5634
6238
13636
13760
11396
30386
20923
4852
3573
15546
13714
19220
7617
8067
15234
29652
30726
20247
9256
31895
1915
23958
29372
2753
23305
27449
3924
29347
28061
23392
32728
24531
16273
29240
9437
8324
29816
22901
11668
30060
28471
29069
28364
15909
28042
20815
19026
7889
16451
31717
30656
20834
6164
7240
5678
17590
13405
13513
13324
16749
35
2528
17941
26673
19649
4777
6440
13602
30742
25369
30481
17604
18421
21430
23635
31598
31091
3488
18915
2472
24982
22495
2201
1170
18629
11502
23650
21025
10625
23649
29127
6644
29651
18674
18738
30265
13948
24445
10479
31330
32098
13720
11615
476
18617
17450
13543
3658
2641
28451
10252
29316
26378
6270
9702
6315
15628
6913
602
2613
30613
3708
2681
2143
12410
29937
4154
22602
14180
15413
16970
4419
10976
18307
14286
10270
26593
8561
8631
12641
14137
16209
24594
22402
17461
8697
8627
32755
1423
3149
30980
25540
25309
25275
11313
30187
9968
7964
9363
9439
2453
27945
32613
24198
1694
888
28173
14866
32482
31085
29052
27440
22746
7099
31144
7263
22462
25094
26395
5372
11129
15667
23730
29556
3268
2180
11523
13411
20959
12480
9214
28679
3010
13532
18465
14469
14278
31135
32497
7963
3043
3753
14488
4118
26492
27750
2954
26429
6676
6490
8337
13976
21680
25601
11073
10039
10707
30497
13571
14695
25469
9658
6631
18424
8839
21231
16046
32409
3792
27868
1652
20507
8585
12838
8904
9884
25261
15018
21025
11180
16858
30907
15378
5278
23216
22883
1975
23067
14655
7731
13636
19824
25637
4496
27699
19929
31310
9372
5138
25291
15204
23851
3567
19842
23478
19935
6852
1498
18828
6061
13764
31740
13684
23962
18670
17201
22153
24723
29809
30692
12293
4845
24289
10976
3095
16792
7654
26063
26931
15277
13441
3601
8548
26074
20127
3740
7413
25739
4895
4117
14368
487
26944
23722
4933
8122
24536
31494
966
24540
16479
28932
3387
8018
2467
16489
28425
19246
8301
19437
30429
10003
24679
17052
17565
13716
24730
22981
4895
11662
14643
29656
27060
17918
14581
9538
18095
7609
5039
22855
11826
1356
227
14208
17060
14107
21823
22945
23623
2357
2964
245
18576
19589
313
18888
8934
31870
24069
6621
12195
30616
756
1990
32725
23758
27327
12135
28636
24689
24187
27097
432
22851
10746
6308
4825
28429
23139
19652
23776
28057
11086
21288
644
4736
23307
32222
5853
22153
16379
3383
25106
19689
17014
22993
9328
19455
22841
6364
14013
7572
1276
6922
20119
20283
15807
29757
2429
4604
29387
6997
14642
21281
15690
5654
17480
32480
2925
31921
30498
30226
32307
29343
3888
6174
28059
26140
4161
9066
24807
29663
726
4786
20768
12333
10125
906
13498
4291
23077
3683
3203
20678
16801
19057
14580
31057
30299
4480
11107
18531
32116
27219
19381
22046
3723
10454
18581
2096
3168
5043
16831
12574
30689
6551
19304
554
2256
9747
28787
26268
23005
12145
4212
281
27438
11518
10663
23345
26493
29246
1711
25074
12382
25409
11894
24415
22204
14708
25758
4780
8281
1448
23489
7435
19923
14891
21532
628
527
22369
2374
28274
5273
29138
3915
670
25870
16424
4438
25513
15348
10006
28627
24473
11450
13444
3024
7219
4226
8943
28534
4402
2222
9647
24552
24405
17676
860
3668
27584
5241
26703
10902
415
12490
26485
21762
18189
16167
8216
29987
27294
14929
12083
24140
16682
26465
21451
28776
19440
3271
21424
26334
17593
32135
4833
5494
23457
1243
2605
8486
28079
27853
10078
5941
23213
14903
20325
13763
27270
8021
12121
22260
17298
1888
20721
2977
6556
16370
11330
18719
11851
20705
20036
15842
30033
23452
1507
25206
26567
25834
29542
30463
18771
11313
19046
7538
5519
20455
6065
10412
6561
13757
3816
17361
18636
7858
13894
25190
23728
11214
19276
13951
25156
17533
7764
1741
32609
4935
1277
21322
3038
14726
11970
20012
10674
5352
208
17319
6367
12333
16651
24212
1932
13961
8288
14082
13919
6769
1004
7394
749
23617
27400
21564
3810
25439
11274
15060
16848
5896
6716
24724
9329
17312
4161
20736
2267
17865
18374
21793
24409
12591
4224
20743
7094
4701
23869
359
26530
16438
13409
28344
16918
3426
24452
10523
940
9388
1790
1006
5461
31695
6153
5122
5863
17982
26190
3138
23713
23027
29528
2901
19961
5726
9810
6843
32140
4245
4159
5600
1942
6636
7586
23444
21439
16034
19434
15404
4174
3444
14293
20991
29420
18035
9257
9641
23817
26662
17977
1122
20875
14690
29276
18899
29077
4292
13985
25781
21147
24194
1608
23315
18019
27386
2471
15882
6577
11098
1488
22476
24395
27345
22926
14884
8701
11641
7999
19664
25985
28031
15956
12630
30304
30216
14207
15070
30924
18850
19617
23778
16729
24583
24208
18535
24982
17829
5539
21640
28435
17226
20119
15452
18722
4609
31348
6327
10386
25571
9322
30482
237
25383
9837
25748
22155
24102
14433
3936
19304
14035
26163
11544
31710
8399
10182
26310
19564
29050
5306
23958
20148
2061
5421
21513
6513
5658
2446
23552
23619
7605
12892
8445
5925
10302
4521
12852
28908
24500
10649
2969
23310
25431
26056
6068
1198
30445
6220
15514
26239
4111
32501
23713
16377
1538
2436
18348
19844
26064
23997
4154
30504
17427
28440
14374
18759
22163
877
6139
23859
7694
24926
29486
18473
14575
29485
15552
15588
3865
28813
12768
31821
29292
2117
14731
6398
23644
18002
23085
7010
410
17356
5966
26703
3731
1858
25085
4728
32314
5518
23673
12931
19223
21980
27868
29494
15428
16793
7855
20319
25490
3362
30862
4066
15335
2867
25050
1830
863
9039
3614
3387
30532
1591
26694
5054
6520
5167
15468
27334
14208
2344
19920
31631
31791
29381
17734
27114
27183
21840
31618
13481
4290
9570
30825
29923
14646
18477
22761
11245
19138
32718
30374
211
1791
4022
15119
10589
11937
19827
18191
22070
5324
4455
4866
15837
22928
4549
22444
5276
12214
15559
14863
22374
20338
11686
16162
12521
26701
1989
27975
16721
8340
22498
19974
27581
1413
13507
14558
22820
3371
28035
10793
4002
27217
18516
25530
17157
21720
6926
31189
12136
10854
15858
16980
27903
10646
9777
2040
13102
7558
1242
11733
27226
13147
30496
1119
3372
21788
17174
16682
11074
16963
368
27210
7028
1269
11926
28222
25965
12549
7536
13000
26059
2328
15755
4880
9064
28604
14149
15106
15006
22530
2589
5145
24751
24991
15181
25843
6776
3426
25855
5149
21770
22284
12012
14404
738
26231
21569
29637
20425
26752
7705
1315
14664
28687
24152
2721
4846
25740
10693
20361
16938
23646
6465
14636
21783
13408
515
6850
16228
31341
5987
26818
23968
18472
1892
29261
8570
19580
31843
27618
6666
24457
25537
13227
13747
2275
29550
10234
21090
32358
7386
6382
13169
9824
6483
9377
5416
16224
16470
3165
31482
28121
25623
27966
9563
32544
6451
30437
22286
18583
22094
23441
30226
697
32623
19909
5967
21951
2225
8397
13843
14745
30014
29122
11695
7905
11592
14560
22049
4285
1825
23604
15610
11845
30823
22146
16485
19052
7924
5536
3334
19341
12390
9175
9962
7519
3520
24631
3168
2982
22692
8490
21514
1040
19957
21648
10
3322
22712
1608
22437
30559
16772
14385
22192
20262
7035
28386
3234
11986
2323
9580
3010
4485
32329
30233
10212
27718
17988
8530
2346
22842
15199
20261
3181
32086
23164
17132
30553
7404
16714
23296
2322
26878
9589
11591
19510
32127
15895
1859
32291
18294
25839
28674
24283
2259
28428
134
28661
29053
25906
8340
4995
28259
22837
2799
30008
27285
20283
17991
3365
32081
11989
444
12754
9569
18573
16478
8562
15628
7943
12818
7198
20280
30900
32286
10126
24775
16146
12429
29161
885
128
19586
27148
4801
1416
5199
12940
28989
29032
26466
6446
15447
17418
25952
5858
9588
22078
165
31574
17563
6380
28523
24486
16397
4684
22773
31380
29724
6382
17137
27983
4338
27760
1675
20669
24391
9177
3431
31324
20598
32476
763
20893
4512
592
32461
24196
4545
12374
12315
29224
22297
28928
1175
2060
19329
19167
15622
5
17042
11337
23752
11508
6778
27264
32656
6178
6849
125
21658
12814
7653
1352
21782
31581
6871
18060
27441
22562
31654
4239
29814
6686
29382
17587
14624
28016
28518
241
14743
28531
19247
24431
20710
1605
16364
29019
26344
494
1943
29774
13944
10069
30851
28264
18573
19742
4589
13596
18583
18448
3701
14103
30617
8060
1205
5023
10481
11681
9587
12615
23706
7273
14752
20645
11074
6776
4263
13978
2724
40
30249
29228
26678
28986
31231
29469
10339
26496
139
14095
7452
25723
4135
27779
5367
8792
10452
1403
21336
30480
29832
22670
26832
24098
3131
16208
3511
4075
330
8402
22328
22237
11541
25380
6657
9418
14128
16339
977
18748
14597
2633
32056
20537
30528
2747
30664
5551
16868
12230
25296
9942
5690
27275
9249
17294
19854
27995
20393
18053
13748
508
1310
2688
18226
2988
16594
11063
9000
22590
16783
16796
14087
14060
12195
28846
22488
20480
16379
21168
2977
26516
2415
24966
16835
3955
30439
28430
1768
30106
25103
8220
21948
4680
2313
10251
23287
14644
3314
11840
4030
1428
23881
2049
28598
15742
8967
9757
27800
18051
13260
28797
11150
32375
10984
23549
85
20238
30675
32137
12161
31357
11439
13019
3251
25377
97
23326
23553
12018
28428
20805
9017
28628
32560
30677
19603
29427
25805
19550
27551
19889
23489
26951
16617
4534
18865
6795
32232
21068
1994
28533
327
29209
5745
25513
20905
25559
17731
10104
32676
921
18582
12558
4315
23339
4197
10115
7299
12015
9527
17007
5113
2309
19031
16944
14237
13231
5198
26264
31773
18808
27987
9749
22663
14459
30809
6190
23346
16110
31980
27803
20634
25915
16622
17534
8102
6284
12872
9820
4913
27312
13327
32325
13197
23697
8476
12016
26185
27469
25326
31841
12875
30928
11984
24869
28076
4962
9226
28343
20327
1796
10844
17862
5557
27713
7526
18869
30321
2778
23019
27798
13902
18871
4576
1470
4323
23126
26585
1662
2415
30327
16185
21348
17468
12605
8282
32597
6860
27782
18233
7310
2250
9035
12923
14717
16570
120
27120
28420
12439
28122
1670
12728
10667
12833
9668
13761
18308
16310
27680
18179
14677
21231
7392
24533
9242
9261
30969
11904
29156
5123
28730
16785
393
7779
12821
25213
17108
58
25493
12151
12633
32124
7555
12114
7026
14332
2394
57
23561
19298
5290
5131
12571
14822
25208
19711
151
26284
18674
11721
27420
19202
18826
14424
18573
5776
12939
738
4674
21322
13610
26515
5641
19197
26880
20570
8721
10326
30359
6953
29135
29156
1929
4187
9657
22856
1194
14780
4066
6639
3071
16397
6431
20511
6482
4589
17127
31429
22475
15736
17676
20015
24465
32767
30619
25509
29587
4183
29530
14836
24908
31193
12932
20819
5971
9542
25387
6014
3341
25577
15433
20148
15744
22460
24120
17799
29841
995
21853
25122
12206
2158
2626
19890
9790
17446
1739
6043
21923
17834
12829
6661
5695
23463
7181
4077
12688
18002
14719
27875
14967
11650
24951
6906
16422
482
24795
3891
29960
19048
4320
23386
5622
26213
854
8926
4118
15927
23100
24453
19545
22818
4188
12398
13801
24829
14073
32203
9349
19527
16883
3475
10031
14834
11503
2197
9129
7207
15335
28090
1220
28163
24397
31247
17630
23275
20085
27814
9954
20332
11831
22299
8918
11331
19858
19452
3350
5796
23456
26548
30432
6886
6334
18941
19137
19770
27529
18176
5678
31300
17187
20555
1869
29968
23861
19489
15273
9137
26439
1346
28374
18847
1206
7188
1277
8070
7461
15636
560
9989
29664
8155
28038
5882
26577
246
2938
25318
30007
3735
13396
30489
10490
824
27007
16806
13558
19550
22234
32156
1260
13926
29507
1779
29933
28342
23068
22912
18792
23795
18156
24872
29923
8212
30075
29485
31029
23396
13783
23531
16928
476
30423
9985
9580
24599
18751
26324
15741
9267
23155
13606
31169
9513
16641
23515
12401
30107
790
19263
12954
17878
29002
18030
11538
28137
1291
9237
11772
11269
14170
7389
245
19910
7621
21495
9232
4601
16227
16329
25108
18233
31870
23644
29191
32535
17
3771
29844
7443
6809
32475
22165
17850
31127
21691
16705
24635
14523
10139
11512
12852
12365
29024
15623
20854
18077
19843
9630
19458
30359
28463
13401
4733
9582
18788
1571
23322
20322
20466
8203
1533
24944
3144
762
19752
8641
19116
27693
10562
12801
26561
27480
25840
24118
12367
32121
5030
10273
31619
7700
3132
22732
24933
14851
7618
21569
16308
421
29876
11487
28921
20800
13704
3107
23750
12188
20844
17135
23721
30508
7257
8546
5387
16879
1850
21445
11793
9092
12441
8435
12461
16291
1136
3431
18964
3892
18190
853
8156
1506
7258
28153
11551
24264
21741
6073
7525
16415
25759
1979
25938
19071
1254
11337
30438
25023
22532
29829
27883
21204
24707
7724
7654
15408
19325
9326
21984
6635
4590
21152
16795
10256
2643
15969
488
31463
11603
19519
5686
7938
29604
1430
19340
14769
6294
2900
14494
25183
9082
21581
4590
12277
25124
25063
29999
19357
7353
24578
9756
5949
30949
8544
18682
16580
926
16059
6220
7184
3779
5707
19675
4757
16458
25847
26045
2134
7996
24815
29933
12081
22453
30414
26597
709
27871
19485
25386
6355
17408
27134
7733
25598
29509
257
22450
9067
32397
30924
12555
18243
26580
6604
17291
25951
19650
28675
22792
20525
31062
25677
10353
2464
26212
26323
24126
24828
29077
15251
32742
29349
22934
15919
26106
16150
12320
22331
15096
25388
18196
32677
20716
7993
17835
3354
1867
19240
19164
17381
26140
613
5237
32061
15395
14790
7260
17216
23509
14354
10471
193
5435
11503
1721
4600
17210
10206
21380
3852
28978
22056
1498
17423
23000
22424
29987
13447
6414
21075
9151
13179
7109
3047
1694
11265
3937
12374
31777
19572
23856
330
24080
29801
4618
10005
7038
2967
304
7013
1096
7779
27092
8352
10512
17486
25633
19021
14765
11850
7324
23761
18886
18311
25626
17595
13217
28446
903
7698
32674
31528
27680
4058
24084
5809
4388
31035
21855
375
24951
4779
13265
19446
10077
26972
30446
8375
32302
32597
23791
30479
619
30506
9971
8896
21264
4618
31612
11095
5996
28616
1208
28426
32232
23366
3400
11413
30377
20316
19097
25116
7605
742
18677
28957
15462
25059
3081
17425
11783
12769
24438
27601
17699
10181
1690
22119
9722
16300
17221
4107
646
8771
8877
12510
23072
3748
22571
3381
1658
7122
25964
12379
13938
2936
653
3256
24866
775
13555
8159
7001
2870
1914
4002
8485
323
11773
13904
17338
20582
17475
22804
8060
27709
14667
126
10792
13205
16707
24941
10363
7372
23480
8201
14954
7504
22019
13661
18362
14291
21504
7491
28855
5328
17688
10751
30667
18863
25970
26072
19435
27112
9332
15023
30585
26392
22188
31990
7802
20724
16543
5023
2802
20407
31594
19616
23397
17017
469
24430
31154
31855
7467
22604
21965
20263
6149
19300
18835
1299
1063
21217
1000
13066
8203
14767
10766
18505
12122
15997
7785
22774
9753
25588
26045
2867
9188
8211
15841
16063
10880
7771
17589
3094
14504
4398
14513
4366
10326
27670
21252
25772
22447
3787
1864
28191
31773
16568
7203
32322
13636
22049
9807
19791
22748
382
843
10446
6644
20719
19325
8518
6167
8054
32135
4867
28384
7533
27517
2575
16162
1376
8894
3136
14546
3802
22286
31860
23981
30587
27642
19333
15425
23168
14620
28324
21367
17408
3875
16195
13443
26775
22432
25747
28969
28667
3003
21078
20946
27119
17310
8567
15351
4484
30193
13449
7262
30677
23407
31844
32710
27604
6593
8584
24377
23466
7378
17548
16518
23358
17244
4573
24350
15700
24297
4907
23487
12438
25431
134
7378
24061
10628
18711
8064
14245
5068
9247
9003
5364
15597
10558
8947
22601
1904
6485
20551
2010
26374
28931
26014
24923
8219
28347
2992
30824
26200
19990
18653
19777
17587
28618
12533
15175
19846
13437
8765
16689
28628
30078
29041
8269
18857
26962
19070
26532
8351
19198
31984
7420
1647
1496
5739
22852
4768
1357
18254
25211
11285
22769
16271
9752
2018
15973
6960
4905
23767
25038
30180
2739
6311
29716
25510
7190
7831
11032
21730
30075
3925
13497
31719
16030
18107
28054
10074
854
26698
29414
2447
3722
19203
24165
3707
21207
11677
11807
19458
23874
19864
17873
11385
25957
10727
7372
22060
16005
12590
6859
5844
3533
16319
11356
26025
24632
32046
30404
9758
19038
19852
13019
2145
21439
1281
31147
29835
7965
10369
30523
19732
17607
30983
2037
5548
11185
4087
9887
30430
30969
31143
14787
11946
12486
7120
32287
27000
15196
16134
12884
12024
9629
133
2938
13241
4168
7482
22975
4998
32271
31368
11192
14836
24114
1948
24390
4326
9753
32251
12933
30970
2040
20262
31677
30511
1786
16963
20394
29943
14146
26358
9928
17312
3679
27292
22619
13999
9503
29325
25731
31204
14924
16609
1202
18553
20669
13115
28560
15404
19506
29358
25071
30565
23981
28354
12495
5843
12576
6243
8878
5357
24320
17957
7653
8823
19373
2634
3489
10966
21586
17972
10003
26246
30249
12822
21796
28283
10586
6421
3075
23359
15672
1423
10698
17347
30545
21342
16634
32110
14996
16591
28818
5139
22328
25204
1794
7863
21656
16461
12640
29734
6476
21810
16707
4154
28166
16025
15238
11340
31530
17016
4984
5436
26573
8084
10633
25402
20353
15031
25412
10339
12538
8231
13941
27004
3239
10905
20477
28593
27293
17909
27368
16270
16386
19124
1816
31713
16041
12506
19962
14236
30865
28470
3171
23438
25459
15873
16684
24932
32000
6960
15418
17835
6937
31721
28974
18180
29492
6783
32410
5561
29368
30410
29808
21576
6217
3773
13509
32767
4805
7639
8861
11391
17956
8075
22601
12347
31948
31304
8857
19530
14727
18550
22343
5353
32117
19103
4668
2664
31032
6493
3660
20674
17972
10275
2600
19389
26826
10527
3132
11419
16065
1692
21126
23589
32433
22274
10176
3038
5714
2569
25515
14335
2913
732
25489
2722
11109
31533
12841
565
8444
22538
14256
18021
1053
15803
6282
23437
9370
30830
16028
25585
3467
6623
32350
14509
17789
9434
3209
18659
1067
7123
17949
5526
2475
3894
24858
20027
1331
21542
7592
8093
26524
22053
8982
11027
11743
10555
14258
29067
1962
13417
25664
22539
24606
23736
12822
23532
22102
30336
4330
13623
4458
8497
10768
10056
5060
2115
4557
15937
18366
26770
4728
32721
238
10766
17504
9494
25191
11144
12352
17561
10890
10959
18455
22406
21565
5796
1386
24789
29132
19433
11975
15744
31655
20728
20505
32079
30020
13331
24117
24799
11786
16012
18901
23936
988
21496
5985
16601
26957
5408
31506
23111
14446
32106
15727
25124
31053
19038
17527
14125
11194
12146
31981
21702
24982
28490
4871
30348
28410
4557
26895
2760
12759
6499
6071
5
9721
19344
7926
28664
1232
22926
18180
14677
28472
18172
13963
9927
6417
27225
17470
22020
32649
20064
24065
22218
9332
29956
21347
29967
7059
15812
25848
18786
30829
22354
6492
30991
8544
16082
3346
9813
30791
19386
23928
26107
18475
8458
10395
7013
12831
15028
20417
13871
17445
31661
27823
21260
11784
11910
2397
27820
28437
21031
10173
2700
15635
18873
26208
29263
14029
27101
14807
4805
30808
24634
21803
27
14117
2400
25624
650
6934
13229
13099
20016
9025
11585
3143
28968
25354
15797
12745
12724
15087
17576
19494
7361
19563
13757
10482
4001
5705
7370
9589
18650
24637
14978
1402
12082
22536
5015
13123
495
14594
22190
1349
11642
170
18288
27340
28031
21387
31406
3375
22467
25429
13810
32720
5852
8408
428
29934
8614
17130
26580
3084
20046
25794
28977
8647
16529
9401
13224
24879
3240
27494
5095
10217
16226
21859
27483
16042
3324
5822
13163
11623
9128
25313
11288
16452
1403
9821
5971
10213
19528
20836
7842
9824
20035
12441
25995
4646
23031
18412
26526
28550
18195
14616
27828
10533
21121
8788
22884
23030
15700
23105
1131
10585
1502
15893
77
15210
29573
32587
27590
27065
16681
18097
27611
1276
1445
17810
8706
7633
25647
6587
8842
11470
18328
4952
919
22092
15510
7382
9456
13477
1068
14047
24967
15181
10940
14401
16015
18488
8497
30715
2414
29606
5224
2162
29934
18466
67
18480
30680
20544
17920
20758
12104
14808
6536
22676
24291
3567
6202
26934
21855
8940
17107
23310
21678
27278
28748
18238
22845
2794
26739
28972
11021
16377
26674
6515
28614
17836
28889
32188
7107
28924
7863
20917
22053
21727
14139
26330
19410
29209
25238
14922
7599
26334
16992
4492
115
22250
21675
20383
1328
18478
31118
27408
17437
22290
29176
24922
795
13537
5669
10398
18215
30024
20318
6470
23483
1776
21123
18340
26548
30341
16460
1090
16348
19402
23902
4627
2540
22762
17269
16595
12227
18410
25007
6720
3725
15908
15694
13263
12501
6851
24033
7459
21447
21668
26679
16827
19686
12938
23029
20379
8581
23157
16565
24849
23724
24947
29621
21329
5755
5994
13500
17989
22013
3724
30525
20131
20690
25113
28481
21807
3663
32301
4423
27802
26841
5886
22811
17550
15075
20356
8406
22397
26614
3416
13321
32378
3798
24724
23805
32716
17273
29589
24557
1486
12003
13416
8751
30646
28241
6051
13177
7964
15114
1999
26734
1486
23892
391
475
12978
319
30383
1688
31069
28557
20673
2578
312
2341
21682
22896
18217
2698
8215
9740
2970
15348
18725
25404
9115
20298
9817
19005
21397
18629
4174
24130
25432
30679
28776
30577
19516
18541
261
3191
13883
4791
19500
21939
12548
31106
28335
14781
12878
16155
26527
18401
12475
21336
2138
18438
23218
24465
22442
7470
9512
30802
4935
18133
29797
29515
18963
12171
30071
633
16316
272
9114
11696
15720
18198
2722
10811
23955
24922
23779
14852
11215
12915
17234
17020
30217
31632
17265
20072
22705
16717
980
10592
7895
27798
7871
17544
9650
26328
13089
11592
4283
10069
18022
31717
5295
20267
22191
16651
12833
23127
13163
21292
4242
2017
23502
29517
28794
20598
29953
21284
16678
25610
29272
23440
305
2729
21795
5432
1379
14530
2497
2101
3957
11031
21533
14467
9502
28587
20142
7871
19272
32450
21802
14012
2482
29055
23835
6797
5193
30430
30408
4180
1679
7705
624
16544
30388
3657
24372
24781
25169
31871
27100
5293
15491
27645
9821
20198
16749
12848
5379
10707
5254
4212
1225
263
28008
4941
21352
9339
28788
22380
5234
15056
5938
4334
7968
31440
3227
13082
2706
17361
4027
29388
1589
22498
32364
16415
10964
474
22352
24445
31251
895
14983
31510
20272
29027
25173
29980
13695
7068
24326
24424
23779
1437
32620
22008
1909
26155
30634
16737
19159
16193
9678
23991
18160
8560
12090
25479
868
12117
29019
27036
31509
11429
23456
10407
30734
10909
5644
13813
19176
6471
12804
23227
18079
19718
30533
6527
18286
30770
4526
17912
15277
4927
2296
862
23499
12841
31158
23679
25841
1767
4112
24763
28765
30356
18248
28756
1845
7566
3938
9403
29922
11856
32631
5689
23044
29473
26166
3795
10216
24624
17994
23508
30929
35
7216
18780
19237
10985
6691
17157
29081
6895
29636
15725
29359
20658
25009
11184
13534
23800
8141
6752
17694
28578
1340
7080
740
16613
28140
16402
16199
22464
8772
10674
26080
14537
7077
7074
25655
26855
17968
23868
4171
19086
13741
14987
5493
13612
19320
2725
25199
26891
462
7998
11439
1156
21084
24684
263
2733
22858
31031
1294
1226
13778
2320
27717
2265
17384
21375
1789
4203
10941
15827
17632
11710
16278
21622
12942
29286
20461
28814
30835
30064
22364
16118
8437
317
11930
25398
27971
31811
5976
7697
28003
4882
14428
21451
23167
16269
15288
10783
14700
28759
17060
16880
3368
32006
15134
3839
14477
22979
10847
4187
1561
21811
4104
20208
30930
16879
20941
31927
31109
29277
21780
4418
14280
11344
32005
8868
17818
28768
18314
13677
27687
26286
19614
567
6047
19150
22368
18114
10743
18974
26115
27155
23444
19740
48
28847
26899
13508
20739
1748
23320
143
24780
2190
32020
21847
5798
28219
613
20537
25400
23838
22728
18343
1417
202
9127
13054
18200
7057
5224
27433
24542
15005
11385
3723
4193
24788
20263
5944
1537
28280
23684
29588
7832
29824
3091
6626
14501
1905
1100
16852
3289
844
27273
30382
2503
19967
21905
3953
32751
30880
28914
23738
11167
31800
22974
13865
1844
2476
23251
23254
425
28252
22256
10017
11194
7856
29389
9807
2864
32096
338
12100
32596
9557
3352
354
2034
19736
31880
8355
13132
2554
1725
18128
1682
26386
31966
29643
29772
28080
24781
26722
7371
24321
7170
25085
19677
7014
15560
1800
30269
9151
28846
3817
4654
8901
23697
31899
20828
27955
12208
2644
9580
20642
22275
6147
16605
27616
13225
690
23330
20183
16285
23972
28243
10282
21587
15266
3048
28700
26405
20000
2853
7590
31225
13519
26730
8519
30915
10936
5273
9503
18070
29506
13445
7695
3469
11237
21711
15574
21821
8323
25961
4771
7923
28057
2492
2617
7077
3187
20296
10698
28647
28579
9116
7803
17662
18520
31011
23223
7561
11954
12533
27801
25888
25073
2112
483
18792
17098
6380
19022
2020
28443
23480
31992
12422
32014
6912
16008
3063
28412
3569
21605
30561
19636
30137
842
10468
22318
10666
15559
3078
2792
15742
31934
20530
4561
25389
15677
25904
21393
12571
31182
1140
7372
32607
18653
6068
24589
12667
14738
26094
29069
2229
32705
11347
30059
5172
11772
9833
26427
25091
21687
5099
29041
24112
14586
13342
14842
29968
14603
6357
30548
6936
24869
3216
21361
9339
22342
23812
16611
21773
30028
5075
3923
20915
14838
3679
16093
8069
3587
14558
31292
23302
496
23333
26689
6090
22602
22746
22198
26838
4838
21981
1575
18390
15217
10404
8212
10527
11338
5756
26165
8154
5726
10934
16491
32283
2539
16891
17395
27110
30278
21397
14143
12372
16445
1849
13598
24626
18250
26940
28537
5625
30730
8947
16534
19228
9861
26896
14203
12740
7580
32282
15369
6243
10571
4393
11110
14906
28376
27935
27309
25556
29324
20997
31306
8988
18033
24934
29682
8613
7994
23850
8078
737
2607
11045
8005
31213
1321
18415
9211
24120
14646
3190
12557
8175
13602
23365
15694
4760
9406
9093
16155
5921
20006
19517
11565
13603
29357
6590
5543
4340
31276
18730
18586
5672
29429
27347
23538
13397
18324
9796
17702
12832
11661
8164
6744
1885
18955
25374
31979
167
28341
30913
9818
10806
17529
22158
18683
26913
25621
6695
27979
7840
5536
18939
26203
14099
5080
32337
19466
1892
13865
5815
28837
28133
19368
23758
16139
20182
29368
4700
27627
29537
9570
14632
9115
7770
22912
27592
27850
4717
2432
29559
10027
4481
7706
29315
26465
28873
4204
6629
23950
11778
11319
26818
19473
2196
30887
10475
27448
4454
23196
17511
19380
8705
32162
4024
7466
15701
1463
23229
1392
25323
4294
4332
22169
26680
15669
11257
18902
31963
906
30689
342
28209
10297
32276
9360
27706
9702
4608
27305
25442
12902
11113
14782
691
29203
7081
3319
14935
24653
23803
32247
13708
1328
5220
4912
23721
25847
8647
6964
14002
1440
30525
26695
12736
18639
1540
11340
1469
1041
28982
4673
11880
32211
4322
249
4884
608
30677
22427
56
7455
16506
11555
10683
28805
29158
28389
24400
11438
13001
17478
13200
23843
19109
15409
23214
5154
21278
15666
17208
21896
22625
13089
18822
14072
8200
12252
17481
12373
21633
27656
30571
3032
3462
4499
1876
4323
27601
21645
23950
31835
21200
10336
8028
16457
18546
30233
16679
24906
18838
28132
29860
17585
7987
948
10674
16567
25985
10892
8559
29294
19909
31068
3065
28719
13604
12814
3081
11472
7814
405
14606
5378
9243
26434
28351
20517
20565
28703
27651
7022
24068
5234
17571
2283
25023
28315
30998
22559
19316
8459
18872
6366
5483
7070
3981
14738
15562
21914
16592
10659
10331
1799
9033
22255
565
5616
16286
29642
5806
11554
6414
14241
23782
27841
18292
19497
6896
25228
29675
22567
8565
199
27374
25309
24775
2913
23959
726
25173
23691
5149
21511
3009
13185
19003
12363
13794
19368
7734
17794
30898
17069
4109
30595
25736
15647
13553
12462
6238
23332
9259
15613
1590
29673
9975
15290
24073
9246
6473
8702
10520
29770
22816
9869
21111
13728
20029
13712
10209
7821
12726
19850
24669
23246
17427
14719
19752
32318
24164
17802
16532
30497
2418
7577
17868
12629
14778
10326
12979
30711
26526
27012
478
9593
31181
16974
28010
5989
12884
9072
27214
8015
4460
23699
16231
31540
2839
6810
28126
12101
24988
9790
28548
32046
18238
16471
3611
32596
14354
29555
8209
11685
13181
10820
18256
4608
26805
5229
2328
18443
1645
1278
6862
29696
19361
10191
27575
8337
23682
2159
27680
29772
25683
18478
12129
4074
10934
19912
29532
30282
4371
28217
29580
26490
14578
12754
30916
8834
17411
5658
2250
19988
28488
16190
16222
25556
9515
7671
3990
25505
20149
21076
3613
12767
12867
21431
12161
16527
19461
28473
28452
22566
1949
25731
25864
8372
28141
27943
27583
19893
9595
25758
22669
4934
20505
25871
22757
31998
17714
30157
28257
7001
10722
14001
12204
24372
6595
6334
26636
31755
32216
21656
12364
9123
6352
14118
29255
20584
28550
10379
1593
24648
24260
29859
11352
7215
6285
9459
17203
3030
5898
12241
2352
16790
290
5428
30779
8158
30622
23581
14387
8485
1400
32462
4667
25705
25738
13979
6362
12783
12850
11393
21416
15288
31541
6223
31596
21552
8124
3877
20735
23696
18392
16206
14481
21099
16842
12864
19340
6884
25552
24470
19035
1063
1815
14478
27973
22032
5525
24195
13594
15055
18418
31790
26869
14154
26241
29989
29587
2988
21990
13469
14470
1462
10422
13889
12259
28453
13638
4712
74
29365
21521
31488
13407
18596
25074
24481
8909
25307
1107
22021
1366
20090
4525
10567
4801
16601
5690
32112
12962
25376
3848
23212
16413
12584
4714
12715
9539
31639
28069
26458
2752
16540
2012
30025
8448
7872
25236
13371
27956
20507
5012
17902
129
32027
8237
5794
13880
9707
7643
11547
19778
30849
6455
2804
13752
20311
2980
12210
12527
31193
9165
16017
28003
942
11028
22600
16926
32673
6335
28581
7547
7883
15576
3849
16120
8785
30545
4655
4671
14115
1186
5566
3191
29256
30984
2992
10534
19279
979
8313
24718
16310
31662
6106
27160
27951
27053
30961
822
27222
23308
1684
31246
6990
18366
17392
27701
15169
25092
10990
23007
7031
11738
22498
10949
19754
20645
29007
9734
18321
20815
25742
1967
27976
17767
25678
29616
21263
31610
29540
31587
4352
8752
13507
10344
31827
27460
28279
11811
11354
20888
2565
17799
5329
19341
31818
21212
386
31946
26457
15242
16448
1275
29596
22076
16526
420
27924
17942
29062
3733
12562
24497
2664
3450
27025
1203
15972
25963
2062
30133
31231
26049
9981
12436
24826
14495
20997
2526
22614
6639
2727
29501
15517
6396
32708
17854
15519
27494
26070
16566
1561
19616
29539
2631
31255
5947
10083
1270
32379
28105
6394
26795
13257
31358
18002
20683
18881
5274
22220
7588
24136
24053
12557
28352
18810
12442
26163
31600
19876
14257
14430
17213
31592
7377
9873
27693
15441
14721
13957
31994
1445
9188
21511
5667
20324
7594
16818
5485
23205
23625
11021
23638
12211
2750
31525
