7004
14711
15919
22010
17687
10646
1461
2491
30325
21982
14642
21323
20304
11341
11277
2975
9204
3446
24021
3575
10900
3243
8177
12751
12560
11312
32576
42
20926
19498
13808
17508
1485
20944
16572
12303
2444
15931
4784
7559
18560
21063
20219
15456
11511
13594
10360
27705
25209
10372
10231
4338
1239
26028
32032
26093
7917
12527
13889
14627
17673
4679
26284
14501
30191
14320
22758
6114
23287
30722
18774
8187
854
29887
23142
9676
3292
28823
24321
27340
429
10340
20726
286
16089
26878
15200
11379
18266
9732
23106
27093
23763
1909
11432
135
32172
23597
876
6190
14246
17520
11402
18390
25139
19948
30276
21793
11202
30943
23569
3528
27155
11958
29874
24535
16266
4834
9096
2105
14481
6603
497
14771
29623
25079
30465
6364
31382
29413
11358
4574
21323
6459
6546
26180
23875
5845
19238
29219
28267
15167
25757
20326
22453
6815
3560
22117
20360
4217
6171
18848
24664
28443
19877
25854
6349
25625
29315
17532
29965
22948
16290
5640
29125
12375
12134
6023
31499
19838
3651
19625
10552
4732
411
3848
27258
25322
32481
5002
30922
1485
28724
11818
10737
12481
12646
345
21299
6158
17827
2764
31260
15772
24706
26941
30151
29561
14071
24037
12330
15461
26616
27284
14772
11286
3390
7091
18284
11993
8898
1727
24859
31859
6374
1009
19211
32509
15027
29326
6470
2402
24494
21164
29381
15750
32070
16392
17194
2653
17033
10075
13920
2467
23484
6209
22107
25241
2166
868
15450
29488
16674
16610
22950
23153
1240
17919
1077
30994
32583
32237
21920
26483
13950
38
20083
24179
4723
23312
6450
24232
12601
681
19187
18098
18991
29054
7893
10300
30501
23471
26297
5780
2511
27918
10886
3170
21029
30989
5322
16272
14896
8396
1190
14263
7629
6928
16912
13647
125
27954
31153
27274
15659
12562
5305
6546
15444
19174
3134
3115
19936
6296
31209
24334
4903
3378
31834
24354
8288
9857
14975
22371
11728
15411
21172
17885
11485
2709
24812
18962
1618
31815
1404
25769
15274
24819
25845
12341
20158
28037
30976
14939
1760
22476
16988
24576
26736
5354
28412
10781
443
3179
22571
15051
27984
16734
29018
10899
19752
28104
7850
13300
30127
1346
8974
23987
31931
13807
11905
24636
5024
23202
27921
32031
11277
23136
18394
12962
26826
28476
19115
24035
5173
1468
27041
32234
5050
20709
14269
31715
6111
634
1296
8402
4578
17037
4590
7467
14323
30198
9959
6680
8200
12524
25512
30530
14544
16041
32468
7998
20873
10754
31136
32562
432
9356
4253
22271
4837
3828
1712
31306
32152
9292
2972
19341
22263
23021
27462
26862
16600
7733
11631
15323
23957
24738
28554
18132
25024
32598
10211
6442
20384
20858
29839
11488
32155
19679
12163
1401
7838
14653
17778
8494
13316
6303
8994
31666
3355
25686
10405
30545
9801
15785
12118
15742
14180
7037
4672
2222
16387
5029
28826
14810
4789
11703
28501
11372
16076
28493
4346
12239
27128
1580
8386
5073
8502
17753
7867
1434
6273
7550
4882
24551
7595
20041
8761
4671
3319
21770
2772
9024
5363
25944
2739
28412
24797
14882
15130
19035
16528
12076
2582
12034
7512
9684
10079
3477
2332
28946
31699
28461
27366
31695
11744
4643
18675
29296
7151
30099
13462
12484
26315
4526
30639
372
8694
13767
20747
13750
5239
13090
1892
9409
6475
12112
32718
23543
27119
5115
31057
15017
4565
28160
23744
10368
26570
24215
20558
17344
30055
3289
20424
16643
1427
23204
22236
27070
26543
28814
15906
29289
19093
22389
7333
20367
21649
6144
16989
22197
31798
15174
2884
11166
2985
5542
18795
9485
27198
27540
8923
8356
23755
11872
7122
22921
18410
31923
2899
31663
12428
1368
29365
862
25791
24194
2087
19293
1428
18787
32132
25485
15641
15836
25809
16704
12079
2979
27749
3370
10630
9596
19806
32133
16602
31598
7238
5980
5203
5373
19570
13832
31428
16328
3132
24435
5973
18031
14301
17756
23946
2816
21607
9894
26790
8040
3878
12189
13429
29340
23772
17312
13283
5294
14646
11666
6491
28223
10958
21575
18234
23344
102
19128
28223
4694
20405
26874
31295
14992
10063
12830
25265
5284
28770
18425
12291
4975
8615
5847
9318
17886
3243
26346
19337
6923
8168
29109
26433
18386
852
8638
28746
24902
1726
15053
28992
4929
7220
8941
2614
27148
22909
28650
19114
19191
26218
7697
13887
24061
25936
7999
20383
1965
31210
15499
30729
7946
9540
16101
21289
9583
24220
17252
20815
22608
18925
8404
14908
18606
10573
12650
22307
3379
3784
10474
7025
9845
27607
24031
12723
14595
10178
16222
32536
11378
27264
11747
17662
16571
10886
4636
14834
8062
20684
9205
2111
10851
2231
11776
17291
1828
1913
18371
27905
1566
22609
23901
24097
14869
25181
32386
32536
7118
30510
10233
6060
269
288
2708
5227
14125
31786
15982
20163
28586
30080
19110
29352
17190
31025
25089
32056
1060
10390
16818
5424
12215
23387
20307
18818
734
1913
905
15329
18071
26379
4581
93
8285
16579
5044
27082
17917
5546
2004
29956
21500
28528
25335
17108
21167
6891
31710
21352
3244
18494
17378
15587
101
32252
23992
18279
31537
6581
6041
21244
21416
18339
11423
178
1423
8721
7899
2117
6614
27089
31531
5864
13805
15729
24903
28119
31096
6119
24191
6374
22637
4821
8268
25014
14486
14784
22868
10077
863
23744
25642
18717
8970
10838
11602
30286
7253
17863
21100
8497
19155
12256
30309
8378
8911
28863
26414
11891
9409
9249
31459
26036
23912
12082
12460
29746
27310
14872
2279
3875
20230
18474
13124
10645
10796
1609
10256
20813
7640
5899
2881
26851
13170
6615
11527
1221
8546
32625
10713
454
23017
2801
20504
19955
7300
25027
17125
298
1883
30269
731
11530
22406
27603
8508
26068
31901
8003
3315
9126
14484
8948
1370
7130
11954
26106
23838
19718
2574
23628
2639
25695
18822
24640
16377
19177
16108
3692
28363
424
22307
31063
5419
10309
23545
1430
14098
8741
22423
19999
2874
16286
5000
29024
19872
23471
21837
15915
7480
21357
16301
32093
26128
24835
1696
12690
6291
3158
27965
17348
21433
7136
7368
2976
15478
5622
5849
24145
19333
14666
28437
13176
14339
28272
27458
29331
7654
9823
22039
7838
12438
17700
19979
13481
13266
17197
4356
16724
25023
5488
7464
19401
2845
5110
19301
21903
23234
20087
16531
27213
31089
28007
29755
26857
26637
16207
27493
16588
2084
6146
11513
2451
17139
31580
7142
13845
27124
18202
13444
14903
15895
5088
4318
28932
10178
13717
839
20502
9954
27069
29830
10844
20471
8419
24674
5688
11732
29909
2844
23580
23851
23530
31468
25447
10233
7589
3658
7002
1186
26019
5642
2404
28296
9117
25173
18766
19461
7303
29408
10016
17554
7386
5056
16097
8208
27977
11956
24624
10106
6529
4248
26693
27487
5853
30168
25178
23778
4968
10865
26101
29468
4714
14603
6447
24161
27815
28569
14871
5265
2501
24068
15513
25123
17403
26734
17429
1581
8064
5071
10558
30994
24519
4680
6302
15474
13929
27209
11661
28095
9443
2290
29547
7098
6822
30065
19730
32309
31374
9117
18475
19643
21805
7212
23712
18338
23770
5314
27288
15663
12619
26130
29075
15701
29968
26303
10939
4655
26008
2502
12462
23301
31690
10077
29538
21900
30580
2562
5623
4284
24328
26834
22783
16936
27090
4201
13452
28776
7379
4733
4357
231
26628
28036
29389
12775
31989
17046
833
16351
4353
20360
14720
28073
8344
30149
13272
3481
28963
5789
17791
31253
3079
5297
25536
8381
29365
28015
13394
30846
4354
6416
32548
26721
30745
4958
9144
99
7118
22285
421
1425
7132
9116
11318
8010
2050
25208
8504
13089
9088
9059
14628
24010
20403
2349
3533
24864
12167
20424
10668
10651
713
24348
177
18949
2372
12531
6084
26765
20830
9046
19229
20902
3574
10040
27980
27714
21733
24697
7206
22198
6093
22595
29950
2125
21751
871
31184
20671
5287
15188
25147
22193
11446
28767
28875
1865
25185
25663
10585
30157
39
32259
14308
21872
17272
31922
16407
8468
32036
32269
4323
7911
184
20333
5548
18436
16406
32201
1497
6994
24476
31525
9091
12793
1395
9605
29257
5701
10960
8129
2974
22545
5388
12201
31085
24196
31858
5956
17590
18536
14811
5197
5576
27622
32694
15313
996
27994
24318
7432
11035
2554
10911
32067
32543
20411
28270
15180
7997
11124
17384
27549
3010
11717
15061
18506
18170
28593
5699
6266
6560
32284
23454
12829
884
26515
8408
11257
7735
5266
25719
955
25793
18937
29520
13691
16264
3382
23343
23916
24881
8276
12794
20341
31354
12461
7001
12222
25270
24341
25345
1117
32179
32067
24224
7584
20343
15232
237
3321
27208
12396
31476
28692
13760
29481
6230
17752
31660
21818
31227
27231
25491
25508
5210
987
18799
14980
10979
31570
23989
18156
29911
23483
1354
5009
24095
17193
22211
32256
1416
22880
6588
29677
19672
17085
29865
29856
32147
29637
9016
26417
11556
32100
14711
10589
31355
31560
23192
23468
21687
3010
9255
1092
24821
10190
23326
7577
6631
5276
6782
28306
11511
15483
2083
16343
18551
6184
18493
22157
32531
23698
16328
27349
5008
1661
1026
1048
29514
26273
372
1584
5875
16567
7337
6691
26350
29867
25472
64
6227
30026
10477
14542
9642
28095
20471
20668
11265
17869
9902
16
11476
29640
28384
753
9062
18319
3546
13063
8510
30542
29441
916
15789
18828
1474
15114
26684
18311
25534
21707
7221
7198
18594
32162
10717
20242
24831
27983
20594
4608
20200
2123
10038
20299
28675
12216
655
2895
11440
1963
24128
23584
12752
76
8353
10803
1421
4352
12932
14181
5453
27008
24063
27014
704
14483
11917
14745
16076
9066
21836
4013
23209
20122
10011
9034
18347
22758
9792
22458
26884
28041
24405
28010
13099
28464
10763
23551
3447
5065
26055
19401
23327
24958
31724
16268
27734
31111
5114
16094
13766
27424
18870
16644
21903
4486
20459
20288
22101
11373
19867
476
26730
32067
16005
11493
18261
12421
25758
2582
4736
4261
13875
12169
21013
21008
27830
14456
25939
2137
7342
13710
9393
7653
24160
17804
17901
4857
10722
11073
14233
7662
25389
21579
30933
406
1175
15962
19231
17726
12390
5277
13994
31791
7435
1821
8582
16095
15946
22108
403
27740
24902
4025
16755
18426
99
3069
10549
9229
18242
22778
17425
27680
9267
22067
28223
11757
2444
31590
21427
29224
9005
2870
6245
23964
12213
20781
31793
13189
14236
18595
25468
17656
12673
12660
26006
20338
28557
14811
22366
21107
3294
14599
22008
11559
28811
27403
1818
25067
16816
4200
14181
23381
24755
28250
8439
31775
29166
20780
31715
5135
1244
32174
10502
2045
20
388
6330
30334
4846
16275
16160
21640
24153
17522
15526
4932
27136
11859
11926
17473
27279
17278
7968
22815
13233
6090
20357
23487
25119
8910
158
20569
14386
5261
18480
12731
1025
22809
8980
6404
274
26437
28546
24508
28303
26589
19780
26601
10354
28920
16223
30985
6907
11843
4633
22202
3233
10195
27209
30440
17290
14622
30972
6017
21125
6937
30212
2850
28359
922
6743
1004
22302
31561
16033
3612
6779
16646
32163
10806
106
29866
30798
14351
22688
7766
1068
10953
462
12022
11663
15600
27142
16823
22630
30482
31279
16416
7013
3109
28650
25210
11707
25361
16940
18903
6687
1858
14772
20148
18572
16978
12109
27842
32445
18217
13084
12750
17439
23547
7016
26889
10351
5374
19001
2207
24110
10053
30474
29291
5473
22819
10566
26668
4965
29521
6232
20537
10173
17429
22966
26106
16052
31392
18606
18365
2965
7907
11700
28800
8225
25124
14361
18933
27336
26216
7649
11429
30014
18169
22076
13988
5166
31769
3948
30400
65
10817
32073
10382
24552
26769
22846
9523
3448
25872
24593
27747
26724
23830
4322
28444
7727
31936
22920
1573
12177
14669
6620
2921
20071
8141
25464
13781
24094
1378
16130
22557
14793
2217
23054
7028
15172
5870
285
21104
23599
1810
17152
17615
27475
31653
1244
11754
4472
4576
24554
24741
30566
11562
12700
19677
3460
13251
4518
12341
17368
26308
30935
2158
7237
8074
30647
23755
13845
2473
14640
12181
16597
10940
7220
9491
8843
3644
19305
11850
25372
10549
4168
20987
18775
521
25001
3268
4342
28225
19128
26298
21286
15176
822
24010
17013
26128
1665
8143
16780
5838
18735
21059
28757
22077
11151
20664
6396
16728
11388
24600
20911
16037
13745
9278
11827
12813
16580
30668
16128
26749
17210
15013
17240
23159
11985
28306
27171
28856
5807
17431
31820
21315
7621
3319
13898
4455
32688
4840
25449
2178
1740
18501
22045
16761
729
15696
22117
9678
22911
10536
28752
13869
30824
6552
26818
10000
30273
8103
19969
25687
31226
6347
9167
12812
32482
5334
29039
28534
29091
6457
1385
5813
13630
25304
14335
21238
26775
17904
24294
19611
20126
12651
22243
9769
1093
5784
4491
14384
12119
8949
14367
22021
20813
1214
29653
977
13537
17498
14433
18693
19701
19980
30090
24834
17542
29379
23914
15113
2684
28296
19292
25387
14428
25588
16172
10218
20577
23152
6753
51
13556
7472
26696
30644
10041
20483
20263
20032
22699
29039
20186
4841
2316
9917
27421
1985
31682
12587
15870
26967
4866
8696
26130
28633
14000
6966
2084
8868
27682
30754
1028
12394
4596
10613
15918
4453
1609
14138
31919
6416
22138
18575
9368
20755
11833
32118
2537
25183
29810
1530
12700
28150
8674
4206
29678
15414
16666
20733
8465
26846
32161
24101
14011
21838
4264
24699
61
2240
2408
29013
26986
20258
24466
22797
20076
22018
17961
30183
10805
26214
14301
21271
30585
4064
7263
2551
17434
3093
30713
903
10356
23777
16794
30259
19988
20373
14497
17170
8645
9942
9451
7154
2637
10255
30666
18386
10265
21064
20762
5192
31429
19646
5600
2850
6495
4786
30208
10416
10900
26899
30562
10709
1203
14234
25590
18214
5672
5166
15802
22557
17574
5603
18458
26836
31079
7527
25625
26550
5963
14626
23396
31732
15987
9748
12288
20162
16824
29735
27521
31156
32126
4752
2595
1452
2518
1678
19748
12137
14709
1812
23860
11593
31841
29639
29611
32199
4996
21702
8893
21473
28277
15525
12020
27769
3742
11549
25758
561
20289
26803
10892
8287
13175
21908
5857
15797
16089
28742
25270
20093
18238
5240
26038
6674
4878
6309
20372
13080
5088
22451
20651
10413
3222
29690
25922
15632
4279
18332
3796
25402
8656
26175
12245
25731
6854
32623
744
4551
4819
19876
13666
22709
1683
27782
32181
7263
19122
16057
1908
4323
14077
817
2083
16758
28822
30846
24377
25824
25413
1278
10472
20832
9749
11303
8391
8889
12408
10037
12940
18181
7475
26593
15228
3968
8925
20593
22628
836
746
8433
8244
22243
7248
17278
14323
22097
24530
1332
31023
14491
15184
7956
5024
29030
17613
8543
17305
6137
30227
10811
12974
10984
24272
15953
26783
16753
26736
2359
13681
14628
8778
15138
5919
2070
30119
10625
25531
15778
7578
25380
3411
5172
1794
31985
3071
28280
7043
27228
3765
1808
18360
4598
25863
1869
19569
7212
15621
12909
23236
28998
26580
13972
15710
18932
18891
16736
17085
31669
6722
2384
23187
3379
13869
18682
31866
10868
4581
26693
29270
22041
31205
22466
10834
20653
12097
26835
14516
1863
25074
28506
27219
4490
13030
8033
8227
20010
32392
14780
9801
5406
433
15246
14728
26302
29292
16952
27510
31764
12377
32289
987
1328
20139
4620
30609
30366
1023
10033
23924
9441
22051
13830
8392
5006
2286
27633
7232
2144
29006
9005
6697
7019
21156
30702
30748
29
4157
20060
22304
9681
5132
21447
8717
28563
28387
4230
28162
23905
7142
9809
31989
17817
20344
16089
12145
19946
4200
15754
18164
21959
28234
3030
16324
26702
5716
1230
29998
30205
9519
6892
12597
27987
5953
8589
4622
20493
20738
12096
1577
14676
4552
27898
15293
8629
31005
15211
13619
18980
2095
11376
6330
20523
25956
8046
7809
28347
21932
8987
5423
18439
19189
29485
2743
2829
21960
20254
10064
4875
16172
32618
1599
833
18274
31802
13515
26468
4658
1068
13566
24787
1137
31537
22602
22324
15672
25666
4301
17227
25182
12532
14460
16984
32270
8515
31467
31231
15042
3516
22863
29295
18604
9151
24944
1998
697
3608
6622
10385
28085
5175
30659
13478
32536
24286
7913
14930
7680
18297
24941
27830
21551
30657
12513
31673
7679
16911
17393
23157
22185
6203
11068
1600
21695
1325
25986
6310
16210
1121
29030
15148
20705
32687
4920
23559
16066
7115
9304
27493
15332
8107
24931
17958
3483
6266
6933
21594
28105
23527
14647
6493
7997
22044
28279
14805
6641
24658
21119
5988
17970
10607
15052
4763
12643
26394
29040
28646
3880
21614
20570
31013
18696
2536
17777
2153
9233
23201
15485
259
5709
3901
5170
5422
25367
2889
4229
25661
23121
10924
14785
5172
15517
20603
4087
7410
30613
29031
12994
20865
4810
13056
12519
14534
18205
9473
24924
29511
13344
27395
7711
12792
4872
26101
30451
26093
16335
26309
505
18435
20869
12215
16899
13855
27848
19299
5362
27962
15002
14064
19444
14949
31418
31497
4425
11714
9680
21672
22740
14039
17918
26979
32210
31800
12995
32068
15398
26462
28563
18293
19269
25669
24684
8774
7992
19559
9640
15846
2236
6152
20867
26225
14340
4216
14971
12597
27241
17779
11982
2454
17457
21649
7804
5054
26876
4997
28921
20477
25885
13649
17748
5526
21433
8551
16408
16523
30790
19196
10147
11882
12010
1344
25778
28119
18081
8158
2733
8784
5997
20653
17172
2000
2403
22694
5763
9882
14537
21130
10667
6722
13529
11409
20
7044
31620
11593
3526
19478
29009
12110
6172
869
29448
19537
20787
5602
5946
5557
1515
19445
6030
29558
14378
9313
8033
32480
29814
16041
8192
14341
23826
24980
9167
16250
17300
15605
8910
14545
5821
11106
19561
8385
3388
19323
6046
18424
30699
16722
7488
21510
17453
7864
2717
14648
9810
21376
20626
8471
3034
13779
18864
25973
28680
30270
15732
16837
30505
18769
4804
20351
12191
28965
22655
17191
27015
26125
3328
18211
26456
6402
32299
19803
16794
7619
13768
22519
4707
20201
2337
14989
20251
16433
24621
639
21112
21416
9981
27786
11360
1726
1152
32493
19837
25156
2329
18237
25445
21256
20589
32137
4407
24798
14534
10237
26632
24665
27452
22484
1313
15447
5669
1784
14406
12088
24077
224
2050
18697
18973
227
4331
6952
23877
5816
19388
15897
12166
17
12077
11755
31289
8324
698
24136
32193
12415
8258
18275
25189
23830
28389
30590
22223
16423
16566
22718
358
18650
5191
20783
12224
31619
17147
4458
21327
30784
30160
6102
17889
24559
17442
7015
9092
29914
32006
19104
17300
4672
10398
4436
30309
2097
22291
17349
28782
12529
24362
8598
29998
32324
16741
8949
25260
28655
19254
4069
29709
28774
23851
10094
21887
7297
18290
16416
4649
6385
26768
27913
7236
2344
14299
10851
27302
309
11266
17759
18266
14456
30893
25855
15704
18558
28520
5502
21990
18464
26014
19875
9245
13102
2194
11417
21206
12919
13216
19616
28441
26291
9466
6289
674
28799
4391
16209
10783
12918
13954
18207
6559
19463
2368
10013
25913
17336
575
2871
20606
6536
4016
19839
882
31787
29611
31090
27053
13989
7511
14429
16974
28862
21298
27379
3413
12159
22896
11182
16503
11772
11795
26460
16683
3078
4356
29887
9128
3026
23921
15920
8843
19663
16509
19518
21696
28668
3335
24443
21580
32479
27906
4226
29782
6564
3818
26153
305
1420
9093
24783
26494
26546
25898
30217
7735
19731
19692
9391
15741
29487
9722
27118
13027
32549
15816
18719
19816
5477
22781
7880
11198
3337
8362
8250
7106
14698
6833
12044
3111
29922
24261
9483
8134
14023
24462
32183
22842
7912
30837
21047
395
30162
31709
31921
20845
27956
3634
4475
5544
11380
29267
30470
7432
26080
11108
11565
26830
14936
5050
25077
18397
28276
12010
7308
15441
1084
30581
30802
8376
13125
7338
23282
23922
6178
3856
13814
30084
19952
30227
4588
2912
26233
30933
10569
2914
29971
7463
28919
1300
13042
15127
22251
20900
9696
6759
3998
12447
6050
25893
4048
22805
177
1120
14801
30108
32197
28067
17734
22039
3543
4855
22661
5268
30297
18699
9601
31001
30615
14354
11350
2006
311
22448
23033
9889
20189
12919
31712
26098
16226
5268
3696
15082
27862
20705
8696
13752
19889
20242
30065
11436
24084
30758
20977
19507
10622
24971
3855
11759
23237
12642
28339
26023
6459
26791
31605
27599
3776
25123
24996
30535
8116
1518
17611
25096
10031
3101
29850
4516
20511
3175
9085
19549
27728
3222
2553
29057
18305
27152
29373
23449
11070
27571
23597
24280
17377
10876
8738
19828
10107
14874
31082
29799
18390
26991
10406
30933
32743
12097
4326
11477
7867
26396
3937
27399
8401
17385
29376
27313
3368
6226
620
7276
24978
2907
27729
15120
30813
22104
13863
10039
25751
28084
31115
27440
13754
590
22541
27349
25007
24682
17627
26828
527
23352
22407
27223
5250
13899
8124
26407
5432
1626
24970
131
14397
2940
11341
5229
31859
6442
10503
6468
29390
24780
12159
24248
26389
24241
23222
5580
9257
17171
6861
7471
13591
27077
15806
6124
15192
23163
21775
22765
17204
1971
23353
6635
1552
27798
6214
1445
5309
25628
1907
16144
28666
19771
3841
12983
30142
16705
20757
32523
24567
24851
8388
5103
29662
30485
29027
10159
22653
25130
26573
32517
15152
25959
21474
13249
31987
30216
28754
28944
9707
20782
30369
29091
17265
19194
8733
16863
22801
18240
2137
29923
29654
8369
15988
30597
17339
6611
24962
16952
16267
30371
3095
720
392
9493
9888
25792
13854
31402
11336
764
13271
25800
12920
8997
4408
19201
6602
6373
17890
24659
7074
27940
17533
11875
32565
2517
12972
28921
20494
24865
3548
23557
17110
17252
25204
31297
9667
23094
22537
19112
2033
30236
9245
30274
17153
11186
31685
5697
31112
9807
8381
10537
12163
26117
26250
20298
7061
16887
22886
24417
9459
1208
1639
1153
24413
19587
14338
20864
2379
15439
6996
27085
14937
3500
17261
17103
32371
3670
13659
13370
15120
13801
23981
15980
1703
7870
29969
16065
16926
25287
25651
19734
9429
17179
16433
4714
27938
24893
19148
8665
11600
14283
6646
6679
26064
29598
14292
31196
22662
26582
13815
19679
15106
19357
26432
25632
24640
6115
6539
27999
30483
6383
19901
23261
15716
14672
27922
7998
32611
17662
3151
13430
19718
9997
9519
17666
32315
27155
27230
28423
26191
4027
1801
28686
7132
23478
13675
5915
24705
13125
7193
28907
20616
2437
25177
9096
3194
1011
15932
28348
26649
8458
10965
27374
10193
18636
6770
20851
29597
27206
31540
12641
13935
11055
32585
15022
27569
27640
6550
15709
2848
3296
22382
23104
4500
23659
24545
27802
4461
24754
29290
6323
4548
25374
9861
14943
26657
1452
24994
13828
28875
17497
26341
23083
19290
5867
27831
5477
4414
31934
14480
23659
17963
25161
102
13316
17705
22212
26469
5112
24206
8980
4279
18270
5482
3716
25886
23729
20705
20738
6196
31584
26735
20474
28848
29794
21854
19791
30552
25786
13203
8681
3434
30953
12178
22521
12952
13724
24978
10320
7445
2002
27858
30275
20455
31042
147
15001
23322
19256
29125
23097
20098
28427
24319
23782
26612
11714
13284
28118
19979
23420
14573
11226
16944
18675
15751
10856
5212
7066
11149
31077
31872
32372
962
15730
16438
451
14202
24436
15826
9096
25990
6837
22872
934
1565
4569
21836
28047
13610
7862
17557
13275
4538
1534
14971
31084
20118
12251
17156
9445
24293
11452
17434
27247
8448
27477
6229
14727
6369
4532
6721
10976
11246
9459
4141
9311
11892
25302
31249
31035
27467
5004
17169
3828
5628
29173
13368
30922
14043
32440
32271
5790
13483
31537
19933
31547
3648
1387
5637
30318
7900
27322
81
31228
10959
18269
893
25869
18312
8558
26328
6859
32426
10789
29223
20260
22493
24167
6790
23704
23003
7992
29232
31720
1868
12346
21568
8910
13669
8644
24702
32126
22159
23480
21872
31046
27472
14343
8598
12666
18487
12804
9138
32060
25152
17719
4391
5143
2366
19298
31515
16108
631
1194
23915
25080
10237
24715
25763
11297
13318
519
1193
6558
17122
20534
10476
12850
19221
20096
21583
30842
14550
24239
24252
25015
14984
26511
29822
5051
31232
8207
27538
13024
4697
32502
1042
28295
29023
18940
15502
26780
12338
1949
20595
15193
17422
5272
22456
18989
18074
5840
18515
19629
13378
26225
15959
10802
23999
22934
29159
32175
3787
27949
2103
18119
1373
23204
260
10645
27871
13385
1836
31303
26072
30077
8425
21674
10291
1817
9216
20543
30561
5002
14627
16971
2262
7421
2468
21397
18582
21639
20066
10849
22624
21958
5347
9656
26462
32387
6017
31683
22014
1337
28493
19579
27228
31804
9794
1777
30130
8519
7104
5475
27105
21467
29414
12939
29157
12072
3610
16703
4243
8317
23201
1483
11602
24808
14158
32164
25727
21473
22808
17268
8342
30041
6724
24001
27330
6569
31678
23844
1482
28496
8180
25184
20460
2321
9292
26136
14362
30413
21909
11800
17418
7788
4007
29779
26397
5679
22361
17304
7964
30476
3717
22195
24975
10241
26762
185
5230
28638
25004
1155
10492
26605
6083
16707
6552
687
13059
14205
12495
11589
30028
18723
27379
32160
6264
28723
22053
1560
16287
16588
1562
6634
14206
19317
6794
14820
29523
508
17239
17377
11486
6925
26354
29381
23531
18519
2197
25131
28793
27441
31348
32170
6380
19253
8858
13695
30316
16971
7070
4149
10918
32184
31009
12572
15264
27979
4887
9072
13056
16479
17941
8236
4104
17989
27646
11478
918
17308
3708
22574
28230
32003
12718
30995
1513
14666
5338
27670
27069
17820
4956
4694
4459
25101
10558
5507
30053
13965
17334
5376
24173
5204
20530
1446
1670
14760
22579
31979
7667
2157
32302
28839
23211
10526
12487
5380
9527
884
26620
24554
31877
29441
29558
12496
14882
8478
12296
28641
10720
22775
14
25519
3760
22392
30297
13295
31810
8588
26986
983
1656
10377
11785
7626
28697
9778
3691
24375
22709
26494
20281
12546
17170
9154
1943
613
13707
7140
31946
8174
31007
22022
30888
14719
17286
29858
9856
18925
27207
6202
6615
17676
11446
31094
17440
26374
24556
7650
1241
14692
27385
13629
22919
16799
26939
19380
3066
6256
16139
13914
25885
18240
5728
2345
3246
15794
32016
31556
27338
13508
20441
14100
3827
3345
210
21968
25032
26590
6637
8364
32281
24386
8332
11578
23094
7380
26518
25085
13499
10488
5921
22413
27711
4165
183
24538
30633
30848
8476
28775
1603
27698
2572
30383
25316
30471
21255
1035
22704
2509
1028
2269
16360
18642
30798
16787
21852
23028
9238
9115
3043
32335
1834
6778
16694
29179
16558
9775
1286
29255
5046
21954
13578
23370
16938
8841
19790
7670
30201
3371
28638
153
16917
4216
27704
30610
3405
404
8003
3300
21095
26134
7196
15341
30256
17902
15171
24377
26725
9218
6421
1245
18210
32300
26353
14488
7309
1072
4021
11100
13738
6491
32152
6846
9189
4749
29589
7318
9165
26580
4881
515
20664
12074
24701
7222
4394
32626
1413
29220
4653
29667
7566
3345
31774
3335
30929
12721
977
16178
16358
16493
20942
29462
30022
24034
11412
15313
22359
8794
27823
32249
17836
29134
17563
10867
7843
16487
29405
8206
14452
13166
6889
30824
8971
4026
7721
10296
16650
4444
18224
20985
9014
20304
7156
29459
25377
12488
12420
1301
14348
29041
14266
21020
8867
31229
24336
5417
23638
147
21000
24815
32405
29510
24215
28405
25384
7918
22369
12607
31188
27432
11000
20094
13604
15977
14544
1944
29362
25724
26435
2364
24361
19046
2285
20133
9120
12100
30914
22749
1351
26758
20491
3852
7975
19042
22982
15803
20729
5087
13804
24482
32104
6573
8017
20089
18980
30978
14546
3269
2696
9013
10660
4739
10770
1997
30563
28309
25264
191
20858
30796
26189
23037
4522
29901
20332
28429
31766
22297
24150
17345
16011
5284
10141
30723
24905
32762
11358
27017
4508
4879
8272
19895
11403
6278
23463
26033
11018
30782
12050
25081
14125
7256
2888
22140
22312
20069
19200
689
14133
14920
22478
4474
3040
15159
24547
23651
176
11557
10408
5776
12994
1551
21212
3036
16377
19565
17751
27072
14838
11597
1592
14007
26942
25758
12724
16109
22296
10744
29153
30020
18400
2051
11320
29949
32331
30806
1699
6471
24561
9221
21316
13034
26820
6774
2589
16941
26738
29889
27318
5944
12364
25958
28883
15905
24235
8644
14749
15641
15639
28637
9922
8455
12784
28898
23338
28618
8037
3091
26983
16132
21050
12641
26654
10534
19567
16866
3670
13419
24660
20135
4076
28411
13068
31308
21981
271
26629
18053
10387
22227
28639
4658
9453
26141
6576
14297
7675
17254
3868
26187
31874
21692
3179
9981
28270
18060
20679
14330
12883
10041
3776
16538
31526
26067
16217
9883
23839
6058
5592
18255
10022
28192
18687
30160
17133
26894
644
11447
18932
22184
29693
20469
31840
28782
18316
18181
22478
32469
23971
10557
10195
13400
1472
7441
3554
4096
4407
1760
16393
11321
2770
7429
15585
7182
319
24161
20258
17288
20521
22615
22793
27591
10664
2783
26426
28454
14846
7166
30816
5691
2159
18048
14642
16325
416
26606
24674
22492
17252
30394
21784
15460
22874
30202
1660
19175
26733
27288
19075
8862
11161
9569
29145
9059
5366
13665
5234
22336
26604
24959
31168
30888
15812
30175
6359
20831
13422
131
27864
11659
17348
21248
23952
12737
24593
7371
6303
18535
11103
19739
8144
31315
29932
27373
26257
23066
4913
8271
25964
16586
6545
329
29673
1395
30253
3086
11163
6460
27865
26950
19818
32476
15302
708
3334
13333
17745
4866
1110
24520
32602
982
28476
23204
29146
12077
16258
3256
18435
14189
407
19294
12532
22242
14972
21062
21240
9358
30956
12012
24921
12608
29544
7678
4310
12841
9440
10199
30202
2507
3114
8324
11700
30123
30190
10472
21486
18036
1011
30438
7343
19609
3502
10867
21098
18108
20825
11039
30336
7244
11522
9241
16352
16514
5340
20017
19158
5264
2036
26683
23658
23255
21878
26143
10821
30674
14990
28414
31842
17655
10816
25919
9029
19
2927
19540
5782
18038
15022
8470
2569
5321
27624
25168
23841
31404
16145
11315
17426
9003
24704
24153
32592
13617
2687
14990
10735
12723
2145
30142
394
10005
21947
26755
18170
28357
347
2478
15672
31880
7200
23318
11106
8447
27480
15267
11950
19046
198
20176
30419
10008
8556
14854
44
17254
32637
26340
17111
27991
6184
15923
28257
30410
7355
2596
10633
20909
7828
25197
23937
18274
31672
2856
9747
3343
12069
6608
20239
4781
20206
10902
22195
11510
6660
2464
23369
15477
18598
17722
18671
32063
3320
13128
10601
6762
14556
21202
30362
11252
18846
27943
26157
25662
12559
12058
19351
18845
1791
21255
12978
31794
6314
29620
24629
7808
7184
11748
31812
17726
4287
22140
660
13978
1180
28082
25937
12106
10920
25352
16185
17838
16912
16255
25179
10528
23952
29645
9387
29506
27369
21572
11964
24561
7109
26580
13666
5426
10290
21360
12717
21825
16143
15619
15149
31307
862
12727
29280
4781
1015
3858
28482
15785
21425
929
29414
29651
31915
29636
5562
26262
19172
31745
2583
14603
14617
7846
25527
6397
24771
5462
1832
79
9037
27976
32183
13877
20706
23480
6373
20209
17559
20179
29567
15688
2548
15172
29266
21224
2504
30759
146
32150
11732
1384
25199
18494
18321
9094
23648
13549
7391
32014
29882
5008
6927
12527
29072
25061
826
13265
30764
15257
533
32287
5883
9658
22443
1254
12880
21633
721
25800
12971
3788
23099
5124
4383
17531
24667
17081
19408
3590
27883
9653
24574
1700
14081
30594
19120
30736
8425
12886
24047
22494
20127
31736
23268
31855
21927
19993
20110
20815
4001
23948
6514
1800
13778
18770
4801
32502
444
14019
554
15812
7393
5485
20141
26158
6835
30572
18055
6388
17481
29011
32722
17878
10228
1878
2126
31521
27783
11097
21226
31958
31411
7460
1956
11777
12566
30508
8713
20344
13405
24020
9285
12037
31160
14515
26757
28516
4217
4406
461
18350
7737
12830
18273
21115
12754
23837
17377
14044
30489
21765
7800
22605
469
758
20537
14510
24802
16871
24287
2213
27525
4639
28613
19263
18781
28667
6846
14854
13861
31171
3294
18093
25389
5234
8744
7870
22287
27817
11786
4950
11129
80
10259
10333
22831
20554
32056
28971
30260
7194
31632
287
22998
28033
9736
2711
5953
31079
28401
18545
422
31735
6537
27451
30229
22966
29691
19536
24641
27904
9498
31524
27979
24540
1247
27095
23214
31999
16228
14906
14381
7447
30416
3174
11936
1159
32725
2626
25625
10265
29548
10433
3271
22282
1693
21037
3697
5627
25311
27049
14673
13443
30867
1948
19694
15324
6426
18750
16721
29167
19683
25157
20890
18959
12892
16683
2805
12154
9663
24113
31410
30083
9300
20919
541
25813
5479
1769
24190
11910
14517
18318
16967
19592
4145
6275
5483
32250
3247
21783
29492
15133
15109
26319
20560
24571
14024
6841
27417
7627
22766
5803
2205
16471
27925
31220
2729
3118
1591
22949
25361
4248
12712
17440
21550
7054
27623
4646
11398
11371
16228
32149
493
29425
17628
14376
24386
14583
19878
9627
16387
25782
30044
31823
16367
2012
25951
27519
12735
29858
26495
20029
6022
20611
20054
30844
10128
11950
31314
26090
3314
24292
27023
20646
21832
17646
28746
6532
12726
20236
22028
9829
144
31503
11476
22990
5496
7710
18512
30586
16272
2923
12140
15683
15918
4390
2148
145
27532
12496
1669
16209
23537
8377
2309
11607
14090
10377
23477
7984
11689
17657
14842
5314
8214
23590
4155
22973
30999
998
14810
31485
14879
3663
29056
3504
16602
28887
26207
7182
229
9168
14281
17095
29972
20453
22169
28559
4420
7867
15232
26437
29649
19509
1743
30959
22283
15838
5206
19569
7337
9184
9650
20773
19800
22671
27204
8295
20386
4447
25887
10494
1122
11184
23577
23219
8091
3391
12597
6769
26298
5623
12233
4666
11678
31204
24566
8286
7712
22678
16558
23606
30343
22344
20359
31206
24144
11114
7435
17858
11553
8860
28535
7781
17396
4045
7476
26777
10058
13480
27126
7335
31198
10686
27947
28477
30840
31702
15934
23191
17687
1380
21816
26709
20285
29737
26617
5355
14699
18606
8823
15359
30629
12411
23008
9475
3504
10421
14711
28192
20440
5483
18038
10562
19258
19671
20217
26578
15605
26575
18594
24149
23803
31503
11295
5243
19385
13528
22489
20155
22504
2874
20955
23427
16820
26559
10931
20058
32104
15489
29139
30853
19813
2162
31372
9706
3392
24849
16411
20458
20182
7601
30184
27841
5753
18478
16874
12455
25693
8216
1721
16615
13675
30234
18483
24785
9917
25417
28511
11009
12247
26816
13828
15702
5807
17011
10160
14227
9996
11758
21167
24964
445
22059
4698
26960
1213
18802
27617
322
17309
23723
17224
22732
18973
14403
31318
14046
21810
13801
23464
17679
17430
3176
25143
3842
31707
26065
28531
9341
5105
9409
16377
11496
17100
3883
19258
26435
22074
9211
17175
16106
13544
10436
16524
22768
12798
4692
12464
30879
4234
24354
29179
14120
3677
8831
2046
3761
9987
4900
10870
22981
13846
23419
7796
30952
26274
5093
28767
9220
4233
12978
11926
32650
31156
13062
8021
13389
1799
25355
12427
26691
25918
26496
8261
1065
9310
8898
25053
19082
13760
15465
10928
18680
30207
29284
30084
10918
23283
27499
16057
4758
2105
30699
21883
7549
7755
5443
13853
16396
30055
834
1847
18972
3777
24254
4997
9159
23420
27862
6014
31624
24037
9566
5286
8499
26719
11544
21247
692
26301
2985
25167
11868
19254
32406
19766
6096
13864
20431
21094
3894
16439
30167
6241
14736
1626
23066
13943
32349
27669
1476
11811
25040
20214
31244
31097
4295
11621
28918
28411
30123
31310
10238
24464
21183
3097
15249
11849
13518
19245
15954
2893
25703
27929
17896
32491
9413
8814
19556
11321
4832
7530
32697
20381
21095
8847
22725
31850
28116
13650
19628
22584
21406
2539
13934
5104
29124
18041
26644
23285
21793
14050
27549
17674
26417
12310
4616
28948
18436
3339
6085
13129
22182
12669
7269
31450
18650
9014
27505
32226
21438
28228
30101
24592
27745
14451
6265
10190
3856
5295
16606
4412
26044
9777
10351
2093
9537
20128
4369
28575
23608
26602
13717
26947
4476
2593
6530
22765
28814
25903
17218
12728
26410
14727
12821
14035
8781
32414
31922
19560
28589
23862
19449
819
26110
15063
14424
2044
15811
31620
18838
17696
32745
17709
17651
24944
14021
9466
10755
5751
6103
12899
29096
20878
26999
7360
30063
28108
125
5269
18387
18587
30927
28722
24876
29174
31486
2659
26032
5613
27966
31135
8922
11594
29857
8166
26646
24489
32089
12
12053
27230
18093
30341
19259
2320
14350
2649
28016
32643
27270
25238
24225
279
14160
10542
32424
25430
16747
29265
8481
2032
8275
8023
11818
30405
930
30388
11984
17289
21923
20575
6457
14779
13783
10620
25339
19613
1438
1922
6635
7193
22267
14327
12635
19663
19648
25371
5836
31213
7283
17214
8844
15111
19421
2769
17388
8344
21950
29560
12305
27703
10872
18225
3079
13429
8694
13657
27838
20215
26312
22522
29257
17370
21739
1520
15221
17610
6817
16398
17474
9054
3275
606
27889
3456
9511
4802
2769
3107
26008
30190
13449
19295
20507
761
30953
18962
12853
24519
14133
20347
32467
30518
6168
22029
17110
27307
17595
22437
32511
4757
29074
13853
12545
10767
16810
16942
29123
6124
4886
520
18019
21511
23664
30801
968
29195
14297
18485
31994
23359
26025
481
21137
12622
26959
31111
32436
25494
10081
18257
9354
27153
7448
11391
4371
31298
2372
12825
5136
14122
6017
16213
26650
30095
15768
23913
2826
29884
1635
6899
14522
9349
7654
14194
41
4002
3170
10799
17098
7163
5441
20994
30059
23097
16958
19809
19074
28210
24838
7963
15331
616
13612
31010
5943
17069
14479
197
5491
11755
24738
23945
26923
22252
20870
12014
5132
15393
20556
5810
23685
11737
19491
31006
25553
5906
24825
32145
1182
28703
9651
20828
20190
19542
9898
3580
16315
21508
18181
28627
28060
374
24732
4580
28264
13268
19283
142
29534
24832
20200
12912
18208
16197
27034
18742
7614
1898
28031
20228
25442
15731
2180
28124
14558
7176
9646
12358
4227
11349
26024
21537
12094
22763
1480
1564
12673
30967
29369
4766
25781
7704
23600
15625
1662
17442
22221
11750
5401
24186
18681
31735
19041
15227
12923
4961
446
5157
27900
4043
30694
18946
18070
31010
25802
23217
25901
23142
27916
31745
16798
22854
10142
13926
20603
21499
22113
3355
2072
24202
14065
8073
30567
19297
22043
32497
15562
28044
13471
8115
16840
12256
4699
179
26385
15974
16539
30607
25257
10511
31916
7484
31375
531
12593
3846
4287
18041
16609
23143
10468
7861
2348
3188
2180
26611
24155
14475
24337
6389
10281
12268
23280
16002
7876
31957
23540
31525
16430
17185
12809
29100
17289
2332
25257
21591
14421
18386
14324
5179
5082
32606
2592
22101
22293
20239
16005
28383
18723
23378
7371
20110
1667
10390
22652
9991
16190
13676
8471
27813
12448
24715
4697
317
8973
14651
19771
23267
23296
6138
12171
20528
9687
29010
26343
32533
7306
10366
19228
3728
22149
17555
700
26837
11902
31452
3169
27091
30975
14179
32554
13484
27444
2633
6177
16448
2433
29690
17650
16518
25514
26579
9951
6221
4429
29108
20614
14275
4395
8795
5678
6849
26156
24207
25433
25168
20357
21881
28770
28068
29322
27950
24095
3433
15771
1922
21807
1374
4523
22844
13667
30078
23689
28595
30085
588
13051
13252
4751
29373
27255
24039
1245
1064
17051
27930
22435
8836
985
31522
27642
20963
12592
22856
29630
6591
11995
91
4699
21414
29682
21735
31802
23257
14055
21957
1650
9528
13550
29692
13008
2010
8546
8085
31385
19776
27804
26883
32541
1532
13494
21956
7315
10473
6542
16471
3829
18738
24434
2470
5296
11417
20421
26152
4237
29890
5503
31912
3933
8334
5957
12682
407
28653
8966
20951
12200
21831
18130
13574
20181
23704
6925
19417
300
30406
15296
22927
27981
31551
21168
21494
4019
32619
10623
5469
16876
9587
31756
32660
31369
27637
11340
30817
14289
25615
21384
31419
12265
4040
25779
5194
10309
29065
15077
18741
2918
27113
25542
28441
9523
8103
19825
14874
16881
6303
22915
3768
21068
16644
26940
22137
24526
25850
21932
13147
23173
5615
4354
12879
4387
3211
3692
15765
8040
6406
1318
4182
29425
5849
9470
27612
3353
5703
485
22804
31526
32590
12974
25618
27110
2672
25181
8193
10383
17000
12940
15676
31385
833
21248
11981
11224
19287
10043
23722
18639
26630
11766
19042
5647
10275
21074
18547
3368
15949
26421
31864
27173
25768
23564
20463
20789
31386
24991
27594
12524
19634
28826
16380
23609
7229
12251
2459
3761
6893
15691
29996
17372
1976
24391
29610
6584
24770
1078
12700
1181
12929
4157
19075
24783
11734
21328
6845
8288
31872
12423
12328
9738
1410
31217
13445
29989
26562
32622
26545
25340
11910
30989
17021
17415
5982
14660
30678
9632
3565
16710
2019
29240
21228
7576
29521
15811
10698
10921
26059
18278
8088
18436
5675
13236
31003
11391
16840
9400
20893
14373
19
20851
14796
27408
9165
17862
15577
29900
11044
24600
508
11299
6689
15375
18128
10828
30764
25302
15485
14550
1677
15228
994
3937
7508
27112
21223
8
1894
3832
10915
80
25804
27711
12979
30487
20675
28522
21938
6962
19828
493
11521
4904
31655
32617
26692
19810
23788
25265
30946
13694
30465
21781
4631
1429
27460
24758
19888
5211
14276
23428
28205
24469
17282
26702
22606
11820
28266
14240
4639
17038
11458
16411
8993
24099
17544
28757
18370
1330
11967
6032
3807
2753
17455
11951
32728
31465
23126
20332
26242
15453
18130
13330
18944
2125
17107
23067
9096
16381
23159
24740
13083
19568
31679
7721
14542
13322
7655
32670
11438
21733
17871
12351
18169
26441
17180
30740
2319
14202
28814
27207
16716
28696
19332
297
17113
32
17645
2194
4004
25721
7092
11868
22572
3110
12204
15115
12388
20904
6783
22906
27233
8636
27942
23533
22102
18841
14535
29493
4089
28583
28774
9829
18132
9757
4900
29651
26762
28259
7078
18424
24530
25248
3774
10704
14964
21936
9430
26933
13418
3373
26861
1640
6762
3507
13766
16888
13008
3129
30795
29350
10288
17708
30064
11736
974
4944
9561
12398
20063
24529
29784
6239
6472
23827
1362
24326
17845
25752
3156
31140
3884
32096
31672
6280
19127
27737
29988
9627
23430
20124
29928
23778
31311
12062
3360
13496
20771
28492
5663
22459
17871
6231
24541
3334
23350
29596
23277
28385
11472
9757
20184
8992
3396
12729
14532
13677
24998
5958
22265
5009
10326
21723
18139
12405
28376
16743
29421
934
16874
14622
13315
27453
13050
19076
32425
27918
31711
20302
3577
25524
19670
14033
1530
10389
26242
29098
5474
25194
27703
11658
18921
27201
26762
17852
11345
32093
11052
22193
12234
12350
21559
17904
25711
18907
10767
22385
20105
25097
30763
15449
11947
32018
1739
3711
1656
25899
21243
3118
19717
13556
17272
29763
18267
27735
31950
15012
17692
31310
26391
29745
6297
31024
5438
19094
25483
14314
9769
16490
11728
30931
27745
1643
31495
17913
19786
17954
21479
3962
28537
16330
27576
20830
17195
30780
17912
8078
20390
17037
28494
8270
11691
20498
26537
4516
538
12691
16411
24158
21112
2047
24225
31296
22154
11823
9467
5880
22104
10443
2802
515
1399
28996
19045
25766
17031
23764
2620
21953
30129
26918
14656
18817
25463
18384
21156
23559
27205
18019
6823
4602
5223
32575
404
13200
7341
6197
30900
13936
7993
14359
12289
24624
29369
22116
10622
15384
15043
2830
389
26316
30339
2345
16309
8781
4727
2879
26954
15235
31534
4031
28826
22407
27737
23453
6235
29356
25038
15953
17955
32207
19442
14559
8724
4619
5435
1833
22240
16675
9043
18665
8960
2867
13837
13892
18336
30968
26989
21006
1586
9557
21929
6242
6316
28493
30924
31674
17710
25089
22559
11384
11485
8343
19497
26851
32571
17928
2319
15458
7861
10118
1187
17700
22939
3932
438
26685
7027
26912
26162
13065
8622
18734
9234
18646
27934
29411
13138
17572
15709
22661
13911
27898
23411
18578
31621
19289
21590
13692
25562
278
13666
15701
8862
19719
1833
4262
16745
9190
11799
28018
11413
11075
8436
6441
3950
4072
25712
6081
25791
30660
8603
27698
2891
25484
32477
16137
2726
1188
21586
12733
29589
22339
24444
14770
2694
22806
28004
6967
5807
26122
29147
25619
29492
23919
24938
8068
1711
31776
15504
24798
20824
9232
3398
29191
1646
5616
31219
7777
2036
462
25702
21147
16796
20526
4454
7048
22325
31243
14807
28009
24625
21734
4294
11055
8211
31588
12457
18842
21525
20539
21160
9119
7373
22207
2120
27409
7320
9470
3851
32733
14973
4456
2369
642
17767
31912
26466
7324
19525
15968
21221
28470
20093
17340
18748
30566
26213
11036
21984
1547
20889
19899
21255
4732
20883
24701
19774
7033
10839
3543
1004
1012
23135
14896
31037
14210
22465
10747
16287
9927
21293
28577
22674
7374
15576
27266
8702
8311
9809
18759
8518
7660
18703
7111
8603
15223
14273
64
31062
24500
9789
5229
31763
20705
32102
25648
9475
19765
21504
1763
18239
3706
16099
11432
20465
26836
27393
3438
1810
2147
25316
7836
3907
7419
23173
15097
26868
18998
25344
875
11883
31638
31601
20241
12752
1560
27211
1550
27239
24679
5292
32609
20194
23317
23835
16084
22280
629
24951
29336
818
29500
22037
18993
27503
22456
2480
29809
10267
30327
3061
10143
3627
3843
13789
18595
19466
7489
2959
17421
27016
12260
17417
14124
27551
3431
29847
9518
11161
12267
17773
30384
4332
18888
27250
22730
5408
26310
27222
24506
8172
29495
28401
21241
12668
28167
17836
5276
4328
21863
30917
28366
17747
9081
5587
25625
9122
23000
30605
24329
31269
9841
20484
29762
26720
7162
7574
6299
31821
2319
20680
11677
24764
28541
10048
25398
2340
20997
4365
0
3537
23324
279
12038
7223
15602
1273
30255
11863
27079
26153
7370
23202
1329
24641
8964
28911
17060
29186
8468
25949
2933
5124
25987
8448
4385
656
5194
4263
22458
2274
17757
24949
23594
14536
15140
8712
9895
23357
30246
16794
2904
32205
20096
24575
27772
19145
23590
22994
18153
15327
5144
12286
17034
30651
10280
10978
17149
29843
8019
28132
23076
32388
18128
9249
22844
17122
23619
23997
8340
6801
22536
2881
8941
6028
30028
23886
18343
29333
1603
15216
12183
437
11529
6866
14644
16654
17397
4885
19370
4850
17005
21735
13229
28441
30652
10146
8482
25865
27659
18839
19438
21507
14646
27026
25744
29163
26431
23710
8322
16853
12171
17427
29604
29792
3754
30679
29073
31730
8316
15734
20187
483
26161
23556
337
24009
26836
29872
15551
13608
25805
20347
9699
16630
10993
9277
2405
17338
25008
17304
5956
12016
11182
17210
10108
22963
29336
30725
16587
30047
11494
24479
17191
26464
20363
14410
6804
15891
27187
27547
14383
14988
10045
23943
30544
28893
4332
8858
13402
5594
12967
13369
15786
9829
4814
25231
30883
513
27318
7476
8840
32613
18373
1747
25118
13890
11399
23481
12395
2624
18815
27966
12489
1264
27758
30240
17590
18527
26147
434
23340
32672
17579
3924
2529
4623
5730
11913
15703
31855
23889
23698
22841
13793
8552
23898
22063
6396
12905
8960
23261
28794
4064
29035
2230
29766
10976
3030
3737
970
9177
8677
16192
59
8512
15929
11771
31395
28258
4756
18370
10619
21110
31055
17790
31145
6089
832
31383
19941
12621
10595
3992
13379
23894
5409
13837
8982
15954
22172
2370
9053
31331
19219
30528
6889
27909
4520
20209
6986
16493
21798
32120
24268
7219
24382
2032
26041
13098
14091
13777
3431
20793
31024
28451
21071
22937
13515
23622
23941
30275
26716
6145
25145
17834
17221
21730
931
4786
131
8300
16826
23841
733
10069
26606
9188
18408
12174
25481
3847
1674
21152
28642
19500
30106
24900
3323
30632
19365
1939
21013
6954
21066
21987
18513
27522
3740
757
657
15589
10150
29494
11489
1663
3796
18671
15853
30721
29872
16355
18018
672
26728
14269
4524
707
23833
25638
7932
15003
15866
24819
537
6219
26463
20380
20940
2388
26337
30456
26866
9066
18366
10816
15857
2204
20299
17041
12890
20286
1524
25427
12545
12884
8533
23326
32340
23861
8655
4999
12955
14203
16754
3649
16176
12725
5499
647
31060
30521
20997
27956
5961
3034
32058
22786
4877
5772
2734
2616
3748
23800
26513
27045
8903
15644
23476
27871
20349
7246
17238
15730
22059
24007
10938
21331
21051
10906
7247
31407
14904
32153
4518
4801
31687
2869
29996
15929
16168
22149
3490
13647
3417
158
24769
4105
10374
15474
2893
12536
7201
14666
31210
7151
31767
31253
16835
25349
9111
23441
11501
29451
17752
2937
30225
10391
27918
17010
26858
9609
19103
16388
31113
3764
19290
21388
25493
9774
1439
32285
473
9017
10372
19714
10479
5464
18764
6232
7809
32077
22082
13672
13420
10202
27373
7114
11941
4493
19359
18078
22076
13386
15966
14917
4420
15251
1415
19223
25721
12247
25722
21437
21277
1134
10252
14401
16944
29536
6837
31261
30143
21508
29052
10531
2007
24129
23223
6580
15624
7266
1672
32652
10165
2789
24477
24153
3952
27376
9793
1224
2653
14720
25134
7862
3954
5464
11562
2437
23539
20397
2836
1796
27877
27082
7060
19554
1100
18059
1476
15982
30393
20993
25870
28692
18179
11988
20874
15574
17875
18824
32267
28316
9186
30527
3511
21673
12576
20722
27173
29560
14982
31614
11206
9428
3394
17297
23369
7307
16328
24491
22802
10625
831
6126
16655
31007
6537
8661
1327
536
23853
11223
22013
15082
15628
30978
30708
20985
27833
10609
6914
594
17470
17513
16735
19609
15894
26821
20024
518
15647
27577
7631
7704
10967
19540
22257
20256
15482
30394
7122
5639
28405
11723
25250
29465
7573
8083
8524
2463
14520
22284
10210
17358
22014
32019
31195
18971
18170
22293
16540
10896
23259
15721
22547
2961
20255
27680
7622
32554
4745
9495
6461
6928
5860
4139
3093
6544
6037
15370
7257
6834
2686
4847
17384
28188
18403
15574
2366
26601
21265
20134
22056
7152
20665
29778
18001
23166
9532
23465
29206
20545
21355
30512
18025
14410
15006
22469
29134
22871
130
17997
4484
14059
6952
27841
24092
6550
26047
8408
26765
15537
22891
20831
14471
13670
824
29023
16391
5572
5922
15194
8869
18206
23136
2848
23118
8766
3022
18548
9392
6341
15020
22555
19859
13934
7778
28495
18475
1685
21331
9316
8457
28392
3741
5557
28187
6519
24828
4246
28244
26078
2414
26780
4603
3592
12946
135
18529
11804
27749
17487
19823
21916
17293
7347
5163
15554
7481
3969
3227
2770
13352
8128
19402
9178
2563
19048
5759
22211
2803
5889
2825
28765
22460
5168
20643
15972
19318
8822
9401
3164
17959
25314
6711
22093
19661
32323
4033
3569
17095
4192
28814
8055
23933
22753
5991
11783
13605
31960
18038
24805
20759
3163
29820
14569
25953
3830
10593
5808
27950
5713
31307
14930
11773
25748
5003
23558
7036
29482
8953
2734
3353
19385
763
29974
11255
2177
8325
31798
6141
25062
21072
21420
1520
1013
25168
28371
27646
21855
24691
29639
26039
25106
19453
27610
14752
12203
5048
16253
8016
1220
8819
21652
26309
3141
27567
2292
25513
2285
242
9441
32129
30245
27518
30624
30755
31130
27803
9208
12252
2834
26209
30965
22131
30920
32301
26531
17286
30833
13546
4084
25202
5768
5206
21548
25245
24547
287
25803
5878
31738
14833
18823
15917
23221
606
7024
451
28881
22743
6847
8759
13447
29568
119
23091
6871
2373
20381
19033
18446
31629
29097
21714
9225
21008
5476
19789
17042
19592
6411
18124
6932
18924
27406
24162
23409
16541
27194
25449
947
11599
28411
11168
7959
32618
20630
19943
24739
5494
20335
9571
21200
30422
14564
28331
238
1169
21177
14580
16417
16428
28226
15827
21405
15269
7799
26662
12486
9857
9317
2153
12672
20669
32250
26771
29448
25627
7597
12828
31028
32662
28841
17899
27632
32424
11996
10470
30347
8137
4223
31170
27564
27536
6223
13975
734
27221
29461
15544
28225
17239
7251
29572
17597
27653
1000
31494
15421
30065
1795
27000
29479
19345
9178
28335
29506
14413
15534
18889
3452
16787
17097
32140
2632
27185
6338
6932
22681
27553
8752
14568
9637
18705
16105
13281
13355
30258
2181
9759
1001
30868
7082
25690
19
30494
3031
27656
3765
22076
18651
26931
12744
7751
30316
1844
31025
18326
18932
7529
9192
29357
12589
7365
30353
27353
27066
15269
28845
17002
26035
3412
4153
4825
3824
31062
20401
10222
18655
30167
21605
15252
6207
10584
442
8991
8654
8727
26753
25124
15686
4257
16397
11283
21580
6870
10963
9285
26463
14841
30807
14354
13890
17490
1515
1432
26941
6105
2002
13394
15892
2216
25829
30159
1572
27375
23175
16160
24785
3805
19736
135
804
30349
29645
10536
19508
2285
26895
5822
28404
9518
17355
21847
7214
20869
3467
1739
24287
134
16527
11935
22884
28286
25585
15999
15566
7505
8489
15440
16244
6564
12001
12188
27307
9211
14705
5975
2840
29186
16756
13199
16148
5250
8519
9273
22281
21532
2215
12028
27740
10946
13171
14221
19882
21128
5325
21913
27694
15456
9098
14959
29091
19318
10087
16251
24180
31681
26017
18497
23532
21787
27165
18168
12659
28707
5152
25285
26441
17441
27419
13584
3726
8160
21671
23670
30242
17774
31550
32388
24604
20448
13515
22089
25484
23596
8982
27161
24957
31337
11232
9802
8069
8784
27504
18974
4438
26255
2467
15442
3025
10289
24150
433
17042
9303
27940
8422
27916
5080
25165
12461
15425
22463
29821
25169
1293
26807
318
32131
26038
31331
2764
21673
8702
14599
29395
10777
2708
23793
24820
15295
26897
24828
20836
23394
17630
30669
2101
13557
7521
12227
15315
3489
18425
13111
4453
30194
15467
13970
23687
18523
3447
2583
18600
8795
31455
6232
9430
19119
17133
2014
19531
17813
10516
235
14844
7058
12923
20103
15484
21546
19796
25664
11399
12575
27115
28487
31538
22294
29704
7876
26405
25389
12014
20971
26
16633
6718
14901
4422
30973
29402
16419
18931
6074
332
9951
4153
16225
22889
26009
32286
7255
21086
9905
4955
21416
8521
4626
26307
13434
16899
23402
2399
2291
31518
19890
4164
17775
17604
16798
24797
27882
13181
18394
8077
23499
13712
31999
21052
32541
1106
21187
17194
795
22930
4539
5562
16040
10585
16089
31655
31469
4631
20109
23003
4742
23999
13403
30224
9160
6198
15507
3397
11256
20699
2534
28083
12478
8723
18485
31107
8211
10290
2363
13733
21731
3551
16196
26914
25382
16839
4007
25354
13850
27201
6741
12194
22768
31464
30616
8254
8619
9395
16888
29840
8398
2016
13074
19053
29878
4549
23855
13563
12441
19159
13938
2409
22973
32481
15291
3693
19199
10858
9722
23063
7654
906
4271
1747
20100
12396
11827
1604
12551
15612
4413
22296
31740
2848
3614
25976
22949
1846
12073
10160
17396
31077
14057
2228
1843
24677
17963
5489
26356
25203
27249
10091
9019
7144
22715
19697
414
19446
9003
12535
17264
7073
16405
2371
920
20871
5554
27182
18965
13703
1182
15529
1439
14835
2257
22739
12011
19550
6278
13463
17913
28199
12670
21773
2205
15761
10786
10973
19341
10941
15720
7679
20125
11061
19
20131
1982
7137
16169
15121
6289
8411
17516
25009
30749
30825
31038
19287
31687
5089
10432
7954
19581
20438
28986
31457
7351
19796
13001
2955
3094
10592
9898
13995
18174
4748
20506
8171
30960
16379
14470
16006
17219
20680
15547
22803
11750
6560
1823
3922
11712
18459
11381
20686
21411
14638
3972
2115
7130
17655
21715
14086
18237
3902
21347
16028
31443
28307
4436
1797
31659
30238
21892
30818
15515
10008
16205
17777
32577
2697
28063
4996
11613
11131
809
2568
171
16739
20743
10260
4137
14781
6754
16353
9421
29756
13206
12389
4662
23075
22458
2741
18679
8580
26369
7203
15297
12201
13162
26354
23177
5306
14966
23885
4209
30452
4301
9097
22557
7068
17747
27589
6607
29838
10657
16800
11658
11578
17724
11042
26296
16396
22519
291
14736
13531
2035
314
21154
21912
30278
2408
27781
13043
26092
22989
9295
29912
20417
10101
8222
32195
23177
24992
23501
14822
32037
20184
10718
16702
27498
3158
20753
9371
15702
1542
18361
11438
23782
11105
24164
10575
7626
12148
14717
9666
5847
24348
19918
14240
20142
16569
30015
16065
21455
19581
25434
15840
13369
15225
32503
7490
30103
10041
20714
5261
5961
32671
28621
24596
15902
31287
14959
3378
25864
6406
2331
28042
12254
22912
18909
8581
1314
104
27068
32570
19937
12069
4395
17496
31022
12666
23411
11152
11242
17280
13397
30007
14082
22933
32736
9480
7121
27553
6767
336
13434
4676
10455
13897
1810
28751
11436
25905
9562
24277
31784
19777
15617
11169
8657
578
16884
30621
24250
13559
30794
1253
27386
5770
8904
7902
27615
19077
934
11107
14090
8381
9647
17170
27262
31535
18009
566
7777
2853
7634
31824
24700
28140
1067
32121
18663
2141
30727
1916
20646
12280
12578
17311
29348
18605
27298
13919
23082
891
22823
10962
7906
12764
24076
24841
5265
23028
14568
26612
29493
32583
7509
5824
28677
19197
15356
11564
9605
18181
11819
3573
16021
32240
2973
3344
20682
12993
8291
25385
25855
9839
15198
9917
6643
11734
23216
24609
15741
24405
11172
191
29874
29747
21655
4273
12012
10763
27471
1590
24762
26067
5640
25961
17774
4828
3926
21054
3111
1149
30503
6779
19927
30984
23906
12731
13587
26704
10612
18074
22486
15963
5496
24199
18280
8783
29935
15580
13136
31999
25627
13683
17817
15736
12076
19161
18205
30088
29259
12470
8706
12523
8788
27700
5295
26503
9310
27681
31151
5306
22421
27921
18512
16182
21707
6955
28032
27852
30076
13555
14553
11820
22295
23291
12865
27459
28048
5409
17772
5133
18396
6923
9024
30154
32485
21160
26951
20034
20234
19892
25420
5293
6257
21617
29526
747
13181
16022
31938
11898
15160
8854
16804
26887
3451
13663
13666
30928
12912
4314
16977
10141
31557
6054
31827
26655
26788
16788
14978
18252
11114
10462
6881
2461
1834
30141
5035
25186
26104
11251
7497
6234
19787
11799
8454
8
32064
7739
16287
7750
8707
22295
26522
20810
3222
16691
5588
31461
27821
29548
3270
11223
26011
5219
24926
24504
11268
25139
12013
30811
18284
10875
670
2602
27646
3694
29418
17854
25296
7387
11599
4090
31308
22523
30261
27361
8429
7245
30597
18303
31764
26844
15641
30312
28260
3992
334
19661
25699
17004
28312
27733
7844
20994
13219
26544
18175
12674
6775
5804
26981
19878
13596
11345
16443
19862
2799
6590
3412
2278
1037
17531
6407
5594
19814
6979
571
25100
5838
12584
14065
16885
25669
6814
24488
14140
778
7669
14243
30041
11246
31649
12833
9784
29729
30303
11180
22554
31054
552
24801
27243
16203
22334
12414
21916
699
31316
7249
16493
25655
14660
11987
3027
18653
13768
11725
14329
20026
30658
22246
4376
20307
29832
18901
21300
8727
3375
21485
1360
15747
3299
18395
17547
24157
8159
12874
20618
7855
28735
30114
18056
12368
29034
3108
1962
13403
29187
22525
20517
8528
16473
25369
6989
32113
2992
8520
6806
24283
8192
19719
7593
7696
19210
26516
18519
31783
7417
10958
4806
28966
70
29799
19526
5717
28595
28480
21388
17025
18271
8374
28370
32580
16461
4760
21954
14392
12878
12044
24522
12428
14989
28979
19414
32262
25765
27409
11628
10245
32128
5825
4420
14263
21404
30124
13756
19194
20150
17515
11802
22307
26550
3905
13527
13266
16235
30300
10938
15121
8423
25164
20330
6430
22133
30058
102
22457
3099
2386
6420
26069
356
6747
12464
28440
7862
10121
6624
7220
20551
27101
25130
21049
24904
27967
14752
26654
12029
25410
2366
12173
2382
27792
12500
14132
5426
21587
28207
10255
12512
15107
12025
745
11646
28613
16494
10136
400
21724
31239
9633
1957
10336
11190
4737
23839
14757
31217
18675
6892
1233
24264
23982
18348
17532
9506
7558
1112
3619
5170
7344
4791
29398
9776
14782
12665
23613
25267
19694
13719
7702
13903
21963
8660
22602
9874
3342
8646
32023
11997
4330
4337
4349
11
8412
5763
17885
29247
31083
12344
6690
24283
671
30861
29455
23589
25300
16162
28360
21412
3244
15426
22020
29018
22088
16990
13271
12572
20105
12287
3173
29478
4232
17978
27241
784
14583
16208
26778
18304
4732
31851
8906
21257
17316
20323
28514
20421
4413
23848
1923
15452
27131
2240
10172
30473
9395
12616
17138
8513
11321
22312
4025
13546
7558
21627
2528
27039
5023
17047
23682
10002
28006
15139
9642
12643
5302
13219
30075
615
29909
3344
18117
27268
5998
6693
4281
30945
5438
4158
20912
12458
19355
4731
10116
5276
457
26912
31281
13580
9463
7631
16691
29650
28782
25383
10856
30735
9684
2084
820
18764
11843
27969
5337
32652
26403
1624
23534
30758
5565
30179
31413
24795
21282
11210
3984
26985
9930
18481
1744
