5310
1451
5051
31727
18891
20773
28252
10330
8612
7578
17745
27602
25576
15950
24890
20348
18070
30921
3692
23936
16325
19486
5150
17773
17129
30549
9148
19465
4655
9830
20683
22656
16027
16818
10571
14187
31035
7110
3967
18597
10660
8183
18369
8329
20967
5811
5965
25800
21527
8820
20210
2630
4457
3888
23181
19069
9838
7605
31117
2335
9066
27845
10913
4618
24260
5413
17740
3002
31025
12033
7116
4972
14230
25289
26143
8349
17286
324
12597
5965
17017
13102
12127
20794
4038
25389
3970
5449
17412
20726
10819
17330
7326
19956
20986
13456
21337
31195
25474
7961
24341
5688
17165
15594
9200
17751
18298
22387
26782
16076
21312
13306
4390
7525
19375
30899
7578
29280
23253
16582
22649
18615
9932
2805
9150
24408
30914
26903
22077
12041
18265
11678
24216
1501
28157
17994
464
26410
1512
18158
14461
2913
19108
20414
24621
17754
18685
32354
16079
21673
19240
7839
13178
23904
15350
1241
28477
28472
163
21886
1971
20670
18699
5461
27765
6364
9253
5643
20301
19095
16097
3934
32729
14680
29755
17055
25226
12419
20700
11791
14593
30707
21665
446
15276
1823
27628
14072
27121
29053
2475
6049
5318
29471
21763
17704
5560
32260
11011
9059
29990
4056
6982
8637
22965
4393
18450
14717
6195
5641
14980
19919
28387
15035
31319
27549
12036
18924
25226
10169
8178
10499
11784
31006
19278
27057
11549
2671
30506
6242
31953
2761
29318
15468
17401
27170
28675
12806
15152
12347
6180
28351
10401
29852
863
31391
30473
2076
17422
22464
13075
2057
8775
11378
12514
12225
18416
16146
17063
14153
22900
22594
11048
30968
8694
766
8440
18614
7102
7769
19833
24067
32603
6171
25988
5535
18055
24192
8234
3603
4484
31512
1724
15006
14275
29404
10787
21046
14006
20887
17625
2155
25210
23363
31291
27314
4575
24770
15759
17407
23628
149
5090
7263
28633
14962
14130
20856
25230
29819
3960
20681
7803
10552
8919
13210
16571
32463
31591
21989
6122
29240
26689
9634
6849
17071
7737
18352
27652
9011
3966
11634
2709
10374
20860
12436
8159
18983
25609
16271
31439
4999
5221
25460
11168
4329
29065
22109
1244
10726
20986
10850
6388
28864
31195
5700
30673
27757
10670
29048
16171
23080
4467
21807
27624
20891
2713
18495
13183
1753
26275
14268
24458
8177
22094
6602
2991
15666
3789
5429
30579
22192
32043
22610
3239
24706
11075
25766
7574
15801
32340
8202
11816
5507
28836
14162
11992
19704
15449
22302
1936
5369
10040
17814
7151
17540
30607
31201
188
18229
30527
3950
2747
27871
17504
10162
15434
16699
32402
14229
23355
19707
3193
24241
3115
12066
17459
13349
3342
16484
20463
213
14925
18216
14869
31712
4456
11454
17339
4622
11467
23700
17598
25691
27357
27952
25298
10227
17582
32050
6493
28829
14494
887
20379
14618
12980
160
1649
15450
8382
32756
11644
20845
20448
13706
18406
12959
18643
16414
32036
20499
27392
25370
11347
9043
4804
9184
16378
5026
84
24943
25289
6298
3261
3321
3982
25956
15457
4934
27862
10975
10272
15347
19856
3365
18478
7617
15772
31129
14352
22533
10425
19638
26086
24665
8286
11
29033
3996
8742
29815
3724
23976
1833
27342
18893
11014
12532
22410
29146
3627
31475
6932
27824
759
14124
8267
5714
8452
23278
3933
32286
19968
20840
8623
22856
13857
18593
16769
18716
22923
9101
28068
693
16448
21688
19458
26875
19712
11201
18364
26409
16399
30565
32478
20405
17747
26471
30368
8240
38
6888
10129
27840
26650
5245
20126
19424
16770
10178
8562
32565
27219
12425
18845
560
19111
21065
24200
22833
13973
1451
24669
24692
3574
11049
8467
30320
30878
25083
20729
22690
441
18743
31615
655
22761
30651
19389
23246
29591
24214
20894
14643
15383
14786
28716
12954
32579
4565
27007
23423
13246
18031
20013
27080
12357
2721
30499
2556
2983
30338
26192
7849
7758
31530
9511
23139
10364
18883
7069
32739
30577
27718
25415
7766
4811
31740
22523
17641
27147
21715
14211
13839
29837
5494
4644
29767
23623
848
25950
5636
21765
31200
21142
21873
30060
24821
6088
30981
24522
25093
26692
11631
10228
31742
15018
15204
2710
9526
31788
26258
17791
18142
29488
4286
1460
15721
8412
21958
31655
14096
25962
12637
7212
15668
22187
22572
5211
13042
14785
8728
28593
31196
10176
12736
21146
13325
11295
7165
4503
14200
1369
18945
13441
518
19595
7990
26604
31511
30947
15990
12161
24311
31641
16638
2675
4451
9622
22971
31966
15334
23978
5569
18114
3004
11510
12887
10241
30080
22513
22923
3342
5803
25742
9787
22453
5643
9821
13514
32047
21058
26583
30014
14402
30589
24723
30822
29127
21724
16135
2824
16533
29667
20136
979
126
3766
24831
10846
14653
17683
10689
5985
29991
19440
28650
210
9431
9898
26554
1765
12608
11926
29493
12685
18750
1333
27552
9731
16424
19705
27692
10137
24334
28498
28031
521
10111
10833
19234
