19941
10188
3880
5515
21360
23627
11885
9889
15256
12466
10626
6693
10730
15529
19300
14934
17178
5420
6986
15800
13732
9470
12536
10058
27357
26171
21
22214
9892
14324
26265
13019
4951
27117
16043
7742
32497
11
20603
18796
24614
9828
3469
25642
18667
14426
15689
8020
22743
12811
29298
13578
30635
770
3977
15276
26237
15519
11140
19125
18870
14718
7012
12273
1268
25059
3947
13806
11830
797
4433
5497
21070
14894
3903
27759
20991
3820
16252
28781
26106
5794
14037
29651
13655
26159
12554
29010
25399
15813
14052
8330
8525
18770
32088
19286
1127
24164
23864
18736
6579
25320
11185
3888
23381
2102
26006
22206
4822
26169
17814
8099
28435
847
21498
1428
30665
24160
7817
7553
13335
10185
12162
19549
22529
17614
18541
1559
17649
26583
1113
24755
8002
19065
17449
30076
17311
19145
11235
10115
29410
20164
30015
20990
6222
16891
9457
30398
9598
710
17065
24825
28758
7284
15535
2545
5812
22990
28415
16673
17429
4471
27048
22849
23334
6957
14136
14551
7327
2969
22232
22922
18550
31497
4656
12111
7545
29989
30850
10496
27865
31003
26541
17682
19384
20389
7306
3012
2923
32274
8069
16478
15204
11281
19936
15812
21342
21243
22167
14293
11187
13362
22600
29399
9407
28724
14432
2396
21640
18839
21286
19442
19784
1418
14251
19916
4043
3687
19627
6843
30756
10103
10479
7790
2483
5435
4158
5097
13753
13560
4306
13191
14545
14978
17730
23433
29766
11339
7378
19494
926
21905
8494
25477
12684
5212
23692
8651
7669
19790
27289
13266
4174
32482
24542
20450
24062
17001
30502
24168
7646
32086
14491
27116
29488
10094
3714
4452
18329
2507
2759
9340
19837
7486
6801
30665
14050
19955
18072
30687
26451
15947
5356
10944
12802
10901
13350
26250
28777
12067
25744
9797
28553
24146
6470
26363
23177
31868
18506
28782
20839
17606
18443
7030
2997
21482
7433
31650
1666
24613
30999
24509
24324
5068
20178
6270
3377
10951
3485
2553
10734
11609
13719
11932
3130
14198
9235
28485
15509
19097
8830
10621
8805
4523
22832
30651
9425
32305
6615
6309
13704
25613
20819
8471
20064
21524
18213
5296
7576
10138
13437
12414
14357
13898
17459
17570
1891
12448
28826
2951
30096
13320
8869
14218
3129
4891
26435
12263
1532
18643
3719
32473
9514
15218
31153
12295
15184
14053
24609
29412
3386
10801
10941
13572
30368
23118
12942
8376
1733
12382
9315
19803
12520
10138
16177
14089
23827
27447
8083
10069
29383
5857
10360
19566
8513
10216
32744
30886
18955
5578
2541
17345
16694
14079
20308
2941
17049
29477
5374
13098
6143
15664
15482
9680
17236
13103
24304
3425
250
10708
18015
3233
24920
21180
14306
21176
21054
11572
31429
29439
10770
28635
28650
1744
1238
18859
27962
15828
18327
26241
2457
8445
11073
14166
11697
14722
10844
12260
17436
846
7762
1492
21440
15475
3250
1496
22834
17061
5074
16020
27033
22904
32341
29286
4155
6097
15099
26162
28791
32627
1043
22611
28643
13444
30228
22731
31766
22523
14670
2002
12968
28516
2205
30629
25428
32318
23145
24033
19793
28256
22060
30448
29382
3779
26805
24930
8460
13700
12989
7931
19727
30531
4977
11162
6363
24194
10229
29947
8240
10163
27599
24368
18871
20048
4984
12550
16682
24505
30894
3617
1115
14074
21513
18772
22080
27404
14088
1973
28634
7747
20585
28515
23485
17444
15218
12824
25493
7660
5222
20249
19293
1326
27068
2682
20454
15827
1861
474
3744
2997
15064
15726
31356
3160
13008
26807
19075
19306
22748
20935
10232
21765
14440
19870
24243
20220
28891
15478
18315
1346
8206
13313
14245
25540
9779
5072
27198
8866
4660
32004
22401
17667
9916
14244
6528
14111
2051
2888
24682
20635
30177
7485
17030
11743
22545
23816
7984
12427
13196
5052
12969
28467
10056
19130
356
31441
14555
31943
9801
1367
15236
7105
1398
25727
27663
9580
11509
11872
27736
14799
1650
25123
16499
11538
20411
30425
24335
28721
9327
12190
1731
27992
22502
1704
23693
27411
9302
26671
7389
871
26487
14323
27176
14386
15759
25890
24179
8679
30887
11241
24688
17337
18880
726
28055
30800
32089
143
18290
14761
13596
19437
20300
19951
21678
10326
2438
4042
14954
2089
31385
30656
15376
18295
21288
271
27906
27953
21778
3856
23487
8119
16667
27951
5495
14159
1816
21805
1213
27688
6511
21913
7905
7749
279
11563
16004
30856
30640
1837
31447
27078
2016
18464
4317
8423
6405
4131
7512
28698
10296
31691
24242
20427
2612
23444
27691
5331
1830
3455
5040
24188
28021
25927
7242
17898
8336
19115
1486
30427
27495
17521
20253
14197
3870
130
27681
12356
10997
5764
24445
28526
10918
9137
17693
20511
13702
7323
19654
18783
25322
24250
2405
24912
16815
23573
14237
13867
23746
18246
27656
28277
16466
13832
2428
24459
23815
16661
5717
17220
26723
26272
25376
21136
17444
15478
18900
5085
15604
23354
12053
8518
1620
21479
14898
17843
19510
3604
21603
11771
28745
23319
16442
19683
12451
11346
15291
1005
10283
25013
6196
29541
4342
9600
6776
24588
6136
6856
4432
20003
28448
19707
32724
4069
22983
7140
25988
28740
4399
16172
30909
24345
23232
21116
12476
20640
23364
21311
8309
9413
5489
9174
11840
18430
32510
27695
9210
31031
1280
5126
9000
4562
7159
12080
29370
23666
17972
17542
27074
24506
742
67
22994
6765
565
26646
14377
26983
238
1439
7561
8271
4260
27272
14746
26761
22563
3403
28106
30450
17995
11539
19684
367
31559
21443
8283
21803
2420
2425
8006
32175
6844
22916
14684
8124
162
16960
15319
18829
26418
10873
9604
27435
4543
22070
26288
8511
28715
30617
24779
23335
3388
387
26990
3621
24110
26381
23409
12585
30309
19259
13109
15672
25311
13526
8577
31277
3587
15848
16911
25977
15868
24068
29620
6483
7902
20722
8540
13167
17619
28376
6387
3134
20166
12139
23790
31751
27077
12068
6805
29558
27618
15686
9258
8909
3801
21083
8082
11318
1977
12316
26350
14912
4169
5492
28936
21371
31856
5682
14131
11077
11957
2068
22244
13338
20534
21999
10793
10502
6016
26571
10262
22470
11168
9459
2766
10814
21251
3063
24493
20746
5515
8224
23550
9666
19081
12627
27119
5745
