24159
9231
10202
16816
1186
24847
12655
14005
21532
8604
11090
8239
23023
14512
23433
22077
24780
23507
23756
6135
3465
24817
28562
14601
30825
23721
15179
1073
26642
28400
27989
12853
20218
30135
13735
17922
9635
20412
14630
4775
19643
29867
27794
6210
2262
8751
10650
20303
1404
2356
19772
30704
17771
27119
24268
27956
20930
28228
9682
20821
16558
1169
30387
23450
7535
7439
29556
15682
2322
21359
21677
28845
25558
8174
20754
9430
15171
20636
1979
5844
30608
2010
7996
31478
22585
14598
22464
8268
22508
10778
31424
13727
28072
507
21018
32468
685
19962
18608
18389
16539
26699
6967
20513
18324
11182
16813
28461
24637
2566
63
23978
30326
12597
13302
27424
26502
8137
32600
30793
25134
28279
22372
185
19953
28631
15109
14470
26400
20454
20666
22488
14534
30784
4057
6738
1370
19350
12364
23068
24777
5817
19472
18600
24191
31455
11496
1326
20383
2278
9185
24961
7121
27714
13818
28598
14990
25099
29234
15707
25067
11298
31890
13802
23286
4421
29123
31169
6071
30269
13085
5194
26194
2256
21728
11659
16784
12727
970
2231
32446
19093
24746
13742
4502
3350
27077
15971
665
4134
7640
21013
9460
8651
8645
6830
27538
28711
26304
11271
1845
30140
10256
30668
7838
24786
28882
25937
30966
12609
17633
20534
17504
23559
25739
8591
8119
23454
24893
1932
28611
19147
20217
2365
13675
1249
22040
25347
10536
25594
19448
23295
30260
24714
25076
469
288
6970
15922
30796
30466
29517
23641
23198
11905
20390
17865
11373
22475
5249
22221
23333
26940
4781
8626
6344
364
1116
15726
17733
32159
25264
953
4901
28713
27948
10848
32210
8768
14271
2861
29816
17275
29289
31718
21702
24420
21508
19873
1025
21334
22768
31887
4572
30895
6577
20895
17204
29934
16066
18517
6361
10832
20543
8519
14539
15983
5792
28008
25894
29315
24388
129
978
6192
4715
23094
26393
8212
20935
10297
18408
11653
8676
16027
24396
27046
14595
28375
28195
677
8637
13093
19948
31902
8618
26530
5674
2364
14651
3502
27951
31550
30238
21780
23789
21784
7232
19412
26636
22068
9205
2152
7763
25858
22957
8414
10470
14227
8861
19715
30622
10157
30971
23327
12317
11772
19893
14116
19873
12901
30802
18250
2375
12712
14273
8570
13274
14705
8604
13511
15952
13482
8865
19554
16262
15934
13790
24513
4015
2594
21916
1199
20686
1680
15521
27097
28510
12743
25036
9268
27368
11154
29509
30275
16627
9674
19118
17847
27976
4713
23854
8921
16428
28766
8986
31499
22244
21755
15455
7564
30041
17984
1938
13661
8682
9191
2467
29740
5429
2362
24046
24202
12960
413
24465
29260
6622
28318
2724
10322
2245
18951
13612
6673
31649
7183
13892
15986
22543
12132
5220
8721
31579
241
23050
5377
29021
17099
28056
22877
13580
7279
16528
17435
11922
30980
6352
17108
13967
18807
1777
23974
21372
29753
20413
17689
17554
24367
26756
16456
16726
10945
18040
22754
17014
19910
21706
29905
21496
6848
6479
16589
19038
20350
31065
10350
17841
5759
21124
19543
16033
21600
19317
4048
29
15528
16808
4021
23321
24300
23304
8534
13619
21674
16649
17985
14835
32707
20329
17196
1810
21760
26465
7183
3198
29571
7773
4614
11426
30718
20151
26730
28636
29127
15219
24303
19302
30006
6125
17641
2354
6220
26690
27112
23087
7894
7912
6400
24669
22698
13625
10345
26080
31561
8383
3003
17954
10239
16390
7287
16542
9666
752
19401
10628
26644
20927
23050
26612
22123
27356
4305
19317
25684
32199
4265
22710
32748
19070
12191
24829
27311
12375
21022
31435
7969
14142
29989
30531
10933
16177
1141
20684
15886
8195
14270
12908
15377
15592
28400
6929
27577
9076
17500
16598
12361
31320
29298
24883
5634
16278
10424
5772
2893
13898
5261
15072
27489
13324
8353
19323
16002
15394
5911
27564
11877
6433
12500
29932
31870
24975
11798
806
31929
2425
28062
8749
272
23161
21845
21703
29705
18773
20575
8317
5517
545
7472
4181
27939
24786
4561
4667
28139
12065
26373
23286
14391
17143
27250
16333
15053
6325
4792
16421
11474
25035
21862
5617
23527
17572
7231
29852
936
13491
2150
22974
24173
10795
13966
1439
31816
30559
27482
4249
15157
32339
3089
18007
28469
14681
4396
21784
23632
17608
5476
30096
29272
16
15864
5486
20166
589
11799
6523
18508
10596
15111
4779
11927
21947
9561
8359
11846
23661
8057
29253
21710
8542
9214
8749
26699
9459
19447
3133
4180
12864
4700
27780
26632
12438
25731
30837
29530
19569
1817
28199
5874
29403
25145
7225
18299
5500
9900
11662
4531
21749
6706
10305
6366
32080
20841
32006
15046
10794
21541
22380
15231
10359
22814
29390
23612
9415
7911
9790
24077
6098
25293
186
27084
9886
6184
22466
12961
31526
2434
13281
17049
1283
30937
30893
24667
17004
18812
24057
12066
6941
32574
24723
17240
339
4818
7467
10638
2759
28120
32655
1174
15138
22548
8134
15972
11089
11127
25230
150
17440
21948
12383
23920
883
13079
8535
21569
11734
9875
26503
26090
27601
18319
21339
28510
11788
10746
20921
6590
28663
30484
17531
9211
19429
17836
29112
21363
11438
5691
11874
2132
23907
29062
14071
21416
15307
3749
3527
29276
23885
871
4139
6353
13095
19912
3659
135
28676
3051
18344
7552
28331
22030
12552
8225
28528
29244
28071
22758
15812
26923
30601
30511
26755
16623
2031
32751
1906
9538
22572
16767
21635
12107
26135
34
11946
19318
25763
28586
11458
12061
32031
10443
7954
31112
26876
3324
32321
236
10739
31677
15311
12341
12610
26461
3041
4519
24684
10454
8253
302
16515
26133
6781
19567
23292
10809
23981
9712
12020
15482
29925
17537
30767
25034
24342
3903
24202
1758
3332
4903
8400
20535
25929
11198
6204
24142
28592
24558
31912
4684
11768
14587
1139
12881
22138
12735
16586
13826
18197
24550
10975
11046
4336
32166
29393
31448
8188
1129
19048
3456
13602
12619
21524
4456
640
13508
14926
17666
22412
13154
21722
11681
28406
14522
32495
11130
28625
22107
30274
14025
16543
11002
3568
21394
15936
21950
1049
16000
11566
1577
12582
32074
3437
31958
8449
16668
6646
32411
6906
12884
27551
5730
32215
19701
15080
31277
24371
12028
1297
23405
11686
