2584
6419
9575
7149
11156
29297
11827
3762
16990
29379
25090
22227
25894
11475
3473
21453
43
24845
3261
28823
28268
13140
29352
30683
4362
17950
12508
31280
8388
16279
20199
13227
16951
12855
7751
24817
26780
20740
11551
32672
29917
21701
17307
19320
21409
18248
22702
7979
10246
27272
27945
11107
22210
28229
6827
25901
15331
4476
3500
16442
11941
28689
29896
1893
455
15807
28553
29110
5837
5380
24478
23112
13661
9517
7501
5677
2128
5872
9600
11003
6579
27468
28845
23033
25664
4542
22615
31809
14651
10770
17566
19542
300
13703
2254
22840
1031
14962
30500
11563
14692
8854
1142
21602
11433
15864
21209
19057
23930
17743
26749
917
20003
3208
10262
9217
28634
11637
25009
21767
24253
15728
6170
20381
20022
14738
13767
32560
517
7850
28132
24306
12988
23293
24259
3316
5347
17148
22428
27424
15002
3594
8201
19015
17027
32715
28419
5390
22578
15675
738
8122
31919
28735
25379
23112
9277
20224
22558
19845
30118
10605
1117
23476
6024
29511
28801
26923
11801
8263
170
26877
15179
19208
6721
25557
19267
10103
12649
32147
14012
11399
5862
10715
16232
25482
3903
1369
23237
5016
22022
17562
11609
4722
24298
23627
26090
19759
3747
12871
25383
28768
8219
5661
8342
4322
12619
2092
6691
21666
11171
31510
32630
23084
14179
132
15315
29720
7674
3940
14082
2213
27406
14802
9974
5354
26075
27210
3827
17591
21440
16995
16836
6467
6521
11133
20099
16818
31645
28185
32723
15320
26849
19810
31277
19914
11347
9544
11903
11766
9631
852
12005
1398
780
3129
5889
32169
24436
23294
30935
5262
2064
17770
2058
30625
30521
4089
9044
13875
756
29796
15809
29603
16633
17827
13707
16331
15735
22740
14511
13084
13130
24803
2960
14189
9734
21495
2787
11527
16396
18122
13238
23801
3570
7323
22948
4314
6546
8196
21038
21164
21415
6428
23751
22193
5843
31260
16260
11222
25067
30472
6613
27333
794
26142
17681
23722
27046
24956
19185
5686
22986
8951
10982
21279
9672
27011
25529
2133
26584
25255
31210
4780
2579
17534
1274
4039
9896
9040
11281
22269
143
11405
22240
20105
8961
17010
2405
9925
28603
1282
25813
14516
26897
31071
12685
25199
22468
11784
5500
11590
22866
2539
28394
13139
12087
25993
19533
8573
1839
29203
2334
28872
666
25588
10849
32551
14441
20475
26089
26944
9634
28808
7712
10834
10083
15966
12818
21968
8581
2726
28218
22174
4407
19176
23005
23707
20897
61
1428
22137
24403
748
12676
10633
4138
31584
24892
29014
32277
22431
7547
28681
26388
21177
14387
24672
17040
180
20782
5483
28925
4211
6802
13881
2611
20045
22197
22553
14128
14078
28865
6966
8070
3147
23687
17609
6389
20044
18071
7178
14934
30622
1150
12261
7053
9353
14786
6626
19539
14484
17716
32403
3949
21604
9479
30330
18594
23329
15547
847
5632
17357
4279
25510
13003
21751
23053
24753
7378
32263
27529
7732
9417
12967
941
12370
6504
24706
10578
14198
16614
26423
17983
12715
30737
30517
28099
9856
12032
31137
17939
27069
29825
3712
13771
4701
5052
22167
17118
13914
25298
19537
22800
27467
27905
8610
12270
5237
30281
31479
10472
29174
14107
9405
9994
1165
3531
5975
18889
3335
23018
3790
25283
5348
2288
1630
20811
18432
11114
25454
2121
389
10553
6995
30171
24487
25135
16438
2263
1477
32698
24377
13809
5304
18771
2298
16944
16015
26924
12407
23414
15718
7305
19205
29629
13180
13260
27189
25509
7378
24497
27651
22915
12274
5434
13727
1842
2488
22042
30202
21928
9242
27092
10138
4778
16174
17093
10678
24770
2545
27128
32092
17721
6583
15438
17958
17647
5256
27700
22278
23816
21845
21979
3626
11908
15786
24009
5715
16274
21144
391
27294
21965
25171
30411
1937
4073
8190
25648
2753
20622
27014
7237
25145
3502
2728
12653
10683
5121
12859
13150
30236
1205
13432
31236
28493
6488
23224
31397
2530
5732
29714
21356
24759
16329
11993
12391
11480
19359
6755
5857
2108
6812
18354
12049
18466
27414
32743
18801
22809
6933
13853
2073
7545
13314
24888
11897
24321
7208
20430
12746
8138
3072
10727
23520
20912
900
23148
26728
30516
21016
10092
24026
18977
8333
3231
15308
4445
4110
11073
25979
19693
30565
13400
1986
6802
11503
8888
4424
13123
24019
1479
1932
1468
32017
12793
15169
2994
9400
13275
4901
22969
26067
17875
10990
6984
4686
10389
25778
10186
30151
29806
6004
18545
13647
23563
11408
17378
15374
21665
29455
30791
14523
27995
26916
3721
24277
2775
19315
29214
2508
27939
22759
31109
20543
18373
10735
29719
25806
9365
2845
16704
10181
12218
30888
6930
13331
24419
9731
6514
15393
25636
6611
10141
29027
6986
8294
27166
8472
11446
11736
7550
25022
14238
23356
8911
14919
8791
1571
30914
16168
28497
7075
29161
27179
8263
7629
27196
8698
20294
7110
25118
29737
23512
17503
3344
30904
26502
19771
2467
24021
26610
29250
1000
30441
28760
13874
12849
27343
26048
32081
29841
31995
21361
10100
3330
2349
23521
16573
12570
11130
29244
3957
18242
24985
26806
21957
4213
28932
32290
18732
563
25242
21292
26111
4298
3350
19695
26729
16002
21522
1762
7195
11746
9955
10124
24127
6650
7761
22175
11831
19472
11687
29082
2269
31330
1383
25833
23129
8986
13755
22087
5906
29744
10943
26003
1762
7045
2341
14944
15315
12396
4671
8805
537
23049
25372
23749
14855
27144
7519
5123
20821
30259
6582
31517
25019
14343
22153
17094
24732
21772
12183
4883
20576
27463
23386
1242
12419
28844
6372
15510
15545
16853
22275
21759
1431
9352
7770
30008
21439
2039
22561
14473
16882
27305
24874
32732
26705
30335
16624
26780
10197
28765
9177
7550
11809
9950
3396
21845
18801
14749
31256
11062
31301
29984
26307
11302
25220
19210
6447
12016
28602
26570
7203
10585
21680
5691
4162
30775
18247
16101
28006
25166
21483
13144
3127
29677
298
7000
31225
25962
32135
5742
4172
13214
2235
11616
15471
13890
6180
28047
8219
8422
10472
17855
10447
20182
4397
5615
25857
16440
7681
890
23699
31488
3440
27866
13126
4220
12950
17191
26000
29531
31310
12290
29103
22422
26244
32378
23734
18492
8543
24222
17945
14879
5871
26029
